<?xml version="1.0" encoding="utf-8"?>
<COLLADA xmlns="http://www.collada.org/2005/11/COLLADASchema" version="1.4.1">
  <asset>
    <contributor>
      <author>Mixamo</author>
      <authoring_tool>COLLADA Mixamo exporter</authoring_tool>
      <comments/>
    </contributor>
    <created>2024-11-02T01:58:23Z</created>
    <modified>2024-11-02T01:58:23Z</modified>
    <revision/>
    <title/>
    <unit meter="0.010000"/>
    <up_axis>Y_UP</up_axis>
  </asset>
  <library_animations>
    <animation id="mixamorig_Hips-anim" name="mixamorig_Hips">
      <source id="mixamorig_Hips-Matrix-animation-input">
        <float_array id="mixamorig_Hips-Matrix-animation-input-array" count="90">

0.000000 0.033333 0.066667 0.100000 0.133333 0.166667 0.200000 0.233333 0.266667 0.300000 0.333333 0.366667 0.400000 0.433333 0.466667 0.500000
0.533333 0.566667 0.600000 0.633333 0.666667 0.700000 0.733333 0.766667 0.800000 0.833333 0.866667 0.900000 0.933333 0.966667 1.000000 1.033333
1.066667 1.100000 1.133333 1.166667 1.200000 1.233333 1.266667 1.300000 1.333333 1.366667 1.400000 1.433333 1.466667 1.500000 1.533333 1.566667
1.600000 1.633333 1.666667 1.700000 1.733333 1.766667 1.800000 1.833333 1.866667 1.900000 1.933333 1.966667 2.000000 2.033333 2.066667 2.100000
2.133333 2.166667 2.200000 2.233333 2.266667 2.300000 2.333333 2.366667 2.400000 2.433333 2.466667 2.500000 2.533333 2.566667 2.600000 2.633333
2.666667 2.700000 2.733333 2.766667 2.800000 2.833333 2.866667 2.900000 2.933333 2.966667</float_array>
        <technique_common>
          <accessor source="#mixamorig_Hips-Matrix-animation-input-array" count="90">
            <param name="TIME" type="float"/>
          </accessor>
        </technique_common>
      </source>
      <source id="mixamorig_Hips-Matrix-animation-output-transform">
        <float_array id="mixamorig_Hips-Matrix-animation-output-transform-array" count="1440">

0.945916 -0.006157 -0.324353 1.097543 -0.059658 0.979467 -0.192575 101.471092 0.318878 0.201510 0.926127 -2.404198 0.000000 0.000000 0.000000 1.000000
0.958060 0.009448 -0.286413 0.821390 -0.040989 0.993698 -0.104330 101.770393 0.283622 0.111694 0.952409 -1.111851 0.000000 0.000000 0.000000 1.000000
0.975163 0.021493 -0.220441 0.467238 -0.010284 0.998601 0.051873 102.299980 0.221248 -0.048318 0.974020 0.994692 0.000000 0.000000 0.000000 1.000000
0.990843 0.017598 -0.133869 0.092671 0.010313 0.978710 0.204988 102.670967 0.134626 -0.204492 0.969566 3.356206 0.000000 0.000000 0.000000 1.000000
0.998587 0.010429 -0.052105 -0.288133 0.006105 0.951543 0.307455 102.807983 0.052787 -0.307339 0.950135 5.554237 0.000000 0.000000 0.000000 1.000000
0.999941 0.001069 0.010785 -0.646460 -0.004967 0.929648 0.368415 102.896957 -0.009633 -0.368447 0.929599 7.523654 0.000000 0.000000 0.000000 1.000000
0.997869 -0.016491 0.063126 -0.900671 -0.010669 0.913259 0.407241 103.005974 -0.064366 -0.407046 0.911137 9.155882 0.000000 0.000000 0.000000 1.000000
0.992273 -0.033864 0.119361 -1.160864 -0.021520 0.900477 0.434372 102.919746 -0.122191 -0.433584 0.892790 10.234821 0.000000 0.000000 0.000000 1.000000
0.981913 -0.043980 0.184155 -1.557556 -0.045162 0.890167 0.453390 102.392403 -0.183868 -0.453506 0.872080 10.632142 0.000000 0.000000 0.000000 1.000000
0.965033 -0.052663 0.256782 -2.074615 -0.077277 0.878915 0.470677 101.359802 -0.250477 -0.474062 0.844113 10.422462 0.000000 0.000000 0.000000 1.000000
0.942990 -0.066576 0.326095 -2.667623 -0.108081 0.865431 0.489232 99.892807 -0.314784 -0.496586 0.808897 9.699761 0.000000 0.000000 0.000000 1.000000
0.925655 -0.086158 0.368428 -3.207877 -0.120830 0.855432 0.503623 98.196404 -0.358556 -0.510699 0.781424 8.548189 0.000000 0.000000 0.000000 1.000000
0.920936 -0.112224 0.373206 -3.453817 -0.103751 0.852479 0.512362 96.063843 -0.375649 -0.510574 0.773435 6.821903 0.000000 0.000000 0.000000 1.000000
0.927942 -0.141524 0.344810 -3.252361 -0.064611 0.850026 0.522763 93.980499 -0.367081 -0.507372 0.779631 4.366729 0.000000 0.000000 0.000000 1.000000
0.937036 -0.166254 0.307120 -2.827937 -0.023654 0.847182 0.530776 92.444519 -0.348430 -0.504621 0.789908 1.335332 0.000000 0.000000 0.000000 1.000000
0.941112 -0.182091 0.284870 -2.374537 0.005165 0.850220 0.526403 91.425438 -0.338056 -0.493933 0.801092 -2.059958 0.000000 0.000000 0.000000 1.000000
0.943080 -0.189730 0.273136 -1.812298 0.024077 0.858093 0.512930 90.486702 -0.331694 -0.477157 0.813818 -5.739612 0.000000 0.000000 0.000000 1.000000
0.947248 -0.191525 0.256981 -1.089680 0.039330 0.865212 0.499861 89.515015 -0.318079 -0.463385 0.827103 -9.747568 0.000000 0.000000 0.000000 1.000000
0.955302 -0.186915 0.229042 -0.400747 0.054242 0.872425 0.485728 88.553200 -0.290612 -0.451594 0.843569 -14.141315 0.000000 0.000000 0.000000 1.000000
0.962472 -0.185569 0.198020 -0.001315 0.072978 0.879778 0.469749 87.618050 -0.261385 -0.437669 0.860304 -18.712633 0.000000 0.000000 0.000000 1.000000
0.965693 -0.194176 0.172431 0.072625 0.095999 0.883898 0.457721 86.675331 -0.241290 -0.425465 0.872215 -23.154907 0.000000 0.000000 0.000000 1.000000
0.968117 -0.197535 0.154042 -0.010863 0.109965 0.887659 0.447180 85.815689 -0.225070 -0.415983 0.881080 -27.445999 0.000000 0.000000 0.000000 1.000000
0.974103 -0.175206 0.142919 0.026633 0.098453 0.897701 0.429464 84.982285 -0.203543 -0.404272 0.891703 -31.600441 0.000000 0.000000 0.000000 1.000000
0.983070 -0.123313 0.135524 0.148858 0.058789 0.912813 0.404123 84.125214 -0.173542 -0.389314 0.904609 -35.846481 0.000000 0.000000 0.000000 1.000000
0.987780 -0.058053 0.144638 0.315286 -0.000332 0.927250 0.374442 83.020966 -0.155853 -0.369915 0.915900 -40.784016 0.000000 0.000000 0.000000 1.000000
0.981324 -0.002931 0.192338 0.527541 -0.060530 0.944386 0.323220 81.871750 -0.182588 -0.328826 0.926572 -46.606689 0.000000 0.000000 0.000000 1.000000
0.968972 0.035851 0.244555 0.419406 -0.101014 0.960464 0.259434 81.314552 -0.225585 -0.276088 0.934284 -52.670208 0.000000 0.000000 0.000000 1.000000
0.969350 0.068380 0.235978 -0.226823 -0.125973 0.962954 0.238432 81.703972 -0.210932 -0.260851 0.942053 -58.595898 0.000000 0.000000 0.000000 1.000000
0.983550 0.093730 0.154418 -0.484738 -0.130232 0.960330 0.246589 83.062248 -0.125179 -0.262643 0.956739 -63.745777 0.000000 0.000000 0.000000 1.000000
0.991993 0.116276 0.049285 -0.274640 -0.124776 0.962630 0.240363 84.477211 -0.019495 -0.244588 0.969431 -67.963722 0.000000 0.000000 0.000000 1.000000
0.990516 0.132620 -0.035906 -0.087607 -0.120318 0.963442 0.239380 84.985474 0.066340 -0.232790 0.970262 -71.419807 0.000000 0.000000 0.000000 1.000000
0.986270 0.137897 -0.090867 -0.346079 -0.109856 0.958667 0.262468 84.926956 0.123305 -0.248882 0.960653 -74.237778 0.000000 0.000000 0.000000 1.000000
0.982281 0.138319 -0.126460 -0.919660 -0.095537 0.950064 0.297069 84.732079 0.161236 -0.279724 0.946445 -76.630653 0.000000 0.000000 0.000000 1.000000
0.977692 0.144833 -0.152127 -1.515038 -0.087325 0.938970 0.332730 84.193375 0.191033 -0.312023 0.930671 -78.587273 0.000000 0.000000 0.000000 1.000000
0.973927 0.149996 -0.170200 -2.194129 -0.079391 0.928139 0.363670 83.409157 0.212518 -0.340675 0.915847 -79.908463 0.000000 0.000000 0.000000 1.000000
0.972409 0.131143 -0.192929 -3.072768 -0.049405 0.924035 0.379102 82.509216 0.227989 -0.359110 0.905020 -80.316124 0.000000 0.000000 0.000000 1.000000
0.966288 0.102008 -0.236392 -3.948630 -0.001256 0.920018 0.391873 81.217697 0.257459 -0.378366 0.889131 -80.654884 0.000000 0.000000 0.000000 1.000000
0.953745 0.118589 -0.276238 -3.758524 0.018903 0.893426 0.448812 80.784157 0.300023 -0.433274 0.849859 -81.307175 0.000000 0.000000 0.000000 1.000000
0.949615 0.171077 -0.262610 -3.485482 -0.002291 0.841655 0.540011 80.455139 0.313411 -0.512201 0.799640 -81.619423 0.000000 0.000000 0.000000 1.000000
0.959660 0.181849 -0.214436 -3.547121 -0.017779 0.800400 0.599202 80.446213 0.280599 -0.571219 0.771345 -81.705971 0.000000 0.000000 0.000000 1.000000
0.970652 0.149311 -0.188520 -3.962865 -0.003290 0.792084 0.610403 79.830032 0.240464 -0.591869 0.769330 -81.756012 0.000000 0.000000 0.000000 1.000000
0.972222 0.132900 -0.192671 -4.056863 0.019421 0.774523 0.632248 78.946411 0.233254 -0.618427 0.750427 -82.070671 0.000000 0.000000 0.000000 1.000000
0.966670 0.148154 -0.208804 -3.844644 0.036723 0.726894 0.685767 77.605293 0.253377 -0.670578 0.697227 -82.743469 0.000000 0.000000 0.000000 1.000000
0.962149 0.156522 -0.223091 -3.785294 0.059659 0.677783 0.732838 75.814903 0.265912 -0.718409 0.642791 -83.702126 0.000000 0.000000 0.000000 1.000000
0.961839 0.147105 -0.230709 -4.064208 0.085809 0.638474 0.764845 73.443779 0.259814 -0.755454 0.601486 -84.906174 0.000000 0.000000 0.000000 1.000000
0.960599 0.141641 -0.239139 -4.488348 0.111779 0.590880 0.798978 70.371262 0.254471 -0.794228 0.551766 -86.376534 0.000000 0.000000 0.000000 1.000000
0.953825 0.151254 -0.259501 -4.896748 0.141643 0.535358 0.832664 66.484741 0.264869 -0.830972 0.489213 -88.110672 0.000000 0.000000 0.000000 1.000000
0.940398 0.170105 -0.294477 -5.348344 0.181053 0.482570 0.856940 61.711075 0.287875 -0.859180 0.423010 -90.024239 0.000000 0.000000 0.000000 1.000000
0.920580 0.192715 -0.339695 -5.948303 0.229861 0.435832 0.870181 56.060196 0.315747 -0.879154 0.356921 -92.012970 0.000000 0.000000 0.000000 1.000000
0.897595 0.218590 -0.382807 -6.666073 0.278370 0.392281 0.876713 49.580589 0.341809 -0.893495 0.291260 -94.005608 0.000000 0.000000 0.000000 1.000000
0.873712 0.252460 -0.415802 -7.279437 0.320374 0.344568 0.882402 42.477966 0.366043 -0.904177 0.220172 -95.932556 0.000000 0.000000 0.000000 1.000000
0.852518 0.295583 -0.431096 -7.699733 0.351550 0.286105 0.891379 34.958195 0.386816 -0.911468 0.139998 -97.630615 0.000000 0.000000 0.000000 1.000000
0.836060 0.337685 -0.432402 -8.315237 0.378058 0.216549 0.900099 26.909595 0.397586 -0.916010 0.053384 -98.855583 0.000000 0.000000 0.000000 1.000000
0.819275 0.369392 -0.438564 -9.497166 0.423033 0.126939 0.897179 18.961807 0.387082 -0.920563 -0.052267 -100.141579 0.000000 0.000000 0.000000 1.000000
0.811377 0.395551 -0.430357 -10.903788 0.467029 0.004043 0.884233 13.532836 0.351499 -0.918435 -0.181453 -101.746887 0.000000 0.000000 0.000000 1.000000
0.823764 0.416434 -0.384702 -12.069983 0.458699 -0.090784 0.883942 13.568028 0.333178 -0.904622 -0.265802 -103.284447 0.000000 0.000000 0.000000 1.000000
0.816866 0.438283 -0.375018 -13.859441 0.459870 -0.102357 0.882067 16.497570 0.348209 -0.892990 -0.285166 -105.367706 0.000000 0.000000 0.000000 1.000000
0.765374 0.458855 -0.451281 -15.682426 0.546969 -0.094251 0.831830 18.671419 0.339156 -0.883498 -0.323117 -107.868988 0.000000 0.000000 0.000000 1.000000
0.700802 0.480747 -0.527027 -16.911764 0.643484 -0.107143 0.757924 19.914619 0.307903 -0.870289 -0.384440 -110.132835 0.000000 0.000000 0.000000 1.000000
0.660753 0.500615 -0.559276 -17.324829 0.686992 -0.103156 0.719306 20.459814 0.302403 -0.859502 -0.412079 -112.556274 0.000000 0.000000 0.000000 1.000000
0.645799 0.514157 -0.564435 -17.278351 0.691018 -0.079197 0.718486 20.439226 0.324713 -0.854032 -0.406437 -114.549698 0.000000 0.000000 0.000000 1.000000
0.653728 0.532588 -0.537577 -17.821022 0.669190 -0.075200 0.739276 20.417597 0.353304 -0.843027 -0.405563 -115.401169 0.000000 0.000000 0.000000 1.000000
0.673601 0.549233 -0.494575 -18.240885 0.638240 -0.094815 0.763976 20.076740 0.372708 -0.830273 -0.414410 -115.923920 0.000000 0.000000 0.000000 1.000000
0.693239 0.559973 -0.453708 -18.406170 0.609712 -0.120012 0.783485 19.128494 0.384280 -0.819773 -0.424619 -115.981407 0.000000 0.000000 0.000000 1.000000
0.713889 0.568733 -0.408541 -18.471554 0.572376 -0.137811 0.808328 17.738079 0.403421 -0.810895 -0.423911 -115.575554 0.000000 0.000000 0.000000 1.000000
0.732245 0.577360 -0.361210 -18.491396 0.523851 -0.138566 0.840464 16.570972 0.435199 -0.804646 -0.403915 -114.960747 0.000000 0.000000 0.000000 1.000000
0.737220 0.589304 -0.330497 -18.394192 0.485353 -0.121602 0.865820 16.141741 0.470042 -0.798708 -0.375668 -114.337059 0.000000 0.000000 0.000000 1.000000
0.731498 0.601981 -0.320202 -18.153137 0.466022 -0.098596 0.879262 16.238621 0.497728 -0.792400 -0.352660 -113.843307 0.000000 0.000000 0.000000 1.000000
0.721827 0.612225 -0.322717 -17.977623 0.461689 -0.078602 0.883552 16.379959 0.515567 -0.786767 -0.339395 -113.222397 0.000000 0.000000 0.000000 1.000000
0.708252 0.621569 -0.334709 -17.995338 0.468704 -0.059469 0.881351 16.575781 0.527916 -0.781099 -0.333452 -112.584892 0.000000 0.000000 0.000000 1.000000
0.690834 0.630326 -0.354172 -18.252388 0.482394 -0.036954 0.875174 16.851633 0.538557 -0.775451 -0.329594 -112.262238 0.000000 0.000000 0.000000 1.000000
0.672719 0.637014 -0.376382 -18.559057 0.497107 -0.012345 0.867601 17.086842 0.548028 -0.770754 -0.324968 -112.113037 0.000000 0.000000 0.000000 1.000000
0.656815 0.642293 -0.395036 -18.823191 0.509786 0.007785 0.860266 17.208843 0.555618 -0.766419 -0.322319 -112.055901 0.000000 0.000000 0.000000 1.000000
0.643944 0.647632 -0.407319 -19.166348 0.521271 0.018302 0.853195 17.243263 0.560011 -0.761734 -0.325806 -112.061890 0.000000 0.000000 0.000000 1.000000
0.634299 0.652320 -0.414902 -19.551060 0.532338 0.020639 0.846281 17.210793 0.560609 -0.757663 -0.334163 -112.108124 0.000000 0.000000 0.000000 1.000000
0.628557 0.654785 -0.419730 -19.858994 0.541820 0.018525 0.840290 17.152851 0.557985 -0.755588 -0.343132 -112.210655 0.000000 0.000000 0.000000 1.000000
0.627265 0.655115 -0.421145 -20.018700 0.548203 0.012690 0.836249 17.113480 0.553184 -0.755422 -0.351176 -112.356796 0.000000 0.000000 0.000000 1.000000
0.630492 0.653834 -0.418307 -20.028862 0.550397 0.003398 0.834896 17.097832 0.547305 -0.756630 -0.357726 -112.495735 0.000000 0.000000 0.000000 1.000000
0.636749 0.651608 -0.412259 -19.885118 0.548442 -0.006914 0.836160 17.080881 0.541998 -0.758525 -0.361772 -112.601418 0.000000 0.000000 0.000000 1.000000
0.644198 0.649140 -0.404508 -19.579308 0.543263 -0.016054 0.839409 17.027227 0.538400 -0.760500 -0.362996 -112.673904 0.000000 0.000000 0.000000 1.000000
0.652713 0.646112 -0.395608 -19.188478 0.535281 -0.023768 0.844340 16.921272 0.536135 -0.762872 -0.361365 -112.712547 0.000000 0.000000 0.000000 1.000000
0.662351 0.642591 -0.385185 -18.863956 0.524710 -0.030902 0.850720 16.785358 0.534763 -0.765586 -0.357642 -112.703087 0.000000 0.000000 0.000000 1.000000
0.671383 0.639735 -0.374145 -18.642754 0.513378 -0.037361 0.857349 16.665653 0.534497 -0.767687 -0.353510 -112.655167 0.000000 0.000000 0.000000 1.000000
0.677947 0.638260 -0.364709 -18.455744 0.503793 -0.042107 0.862798 16.616222 0.535332 -0.768669 -0.350097 -112.603737 0.000000 0.000000 0.000000 1.000000
0.681350 0.637814 -0.359104 -18.317612 0.497851 -0.044179 0.866136 16.602850 0.536569 -0.768922 -0.347638 -112.568855 0.000000 0.000000 0.000000 1.000000
0.681383 0.638163 -0.358419 -18.266018 0.496576 -0.043314 0.866912 16.610571 0.537707 -0.768682 -0.346410 -112.552635 0.000000 0.000000 0.000000 1.000000
0.678231 0.639468 -0.362054 -18.296412 0.499625 -0.039985 0.865319 16.631901 0.538867 -0.767777 -0.346613 -112.560181 0.000000 0.000000 0.000000 1.000000
0.672870 0.641603 -0.368229 -18.389090 0.505419 -0.035241 0.862154 16.659819 0.540183 -0.766227 -0.347991 -112.592964 0.000000 0.000000 0.000000 1.000000
0.666516 0.644072 -0.375403 -18.524097 0.512286 -0.029872 0.858295 16.690590 0.541590 -0.764381 -0.349860 -112.640442 0.000000 0.000000 0.000000 1.000000
0.660112 0.646411 -0.382629 -18.675156 0.519056 -0.024316 0.854395 16.720181 0.542986 -0.762602 -0.351575 -112.686958 0.000000 0.000000 0.000000 1.000000</float_array>
        <technique_common>
          <accessor source="#mixamorig_Hips-Matrix-animation-output-transform-array" count="90" stride="16">
            <param type="float4x4"/>
          </accessor>
        </technique_common>
      </source>
      <source id="mixamorig_Hips-Interpolations">
        <Name_array id="mixamorig_Hips-Interpolations-array" count="90">
 LINEAR LINEAR LINEAR LINEAR LINEAR LINEAR LINEAR LINEAR LINEAR LINEAR LINEAR
LINEAR LINEAR LINEAR LINEAR LINEAR LINEAR LINEAR LINEAR LINEAR LINEAR LINEAR LINEAR
LINEAR LINEAR LINEAR LINEAR LINEAR LINEAR LINEAR LINEAR LINEAR LINEAR LINEAR LINEAR
LINEAR LINEAR LINEAR LINEAR LINEAR LINEAR LINEAR LINEAR LINEAR LINEAR LINEAR LINEAR
LINEAR LINEAR LINEAR LINEAR LINEAR LINEAR LINEAR LINEAR LINEAR LINEAR LINEAR LINEAR
LINEAR LINEAR LINEAR LINEAR LINEAR LINEAR LINEAR LINEAR LINEAR LINEAR LINEAR LINEAR
LINEAR LINEAR LINEAR LINEAR LINEAR LINEAR LINEAR LINEAR LINEAR LINEAR LINEAR LINEAR
LINEAR LINEAR LINEAR LINEAR LINEAR LINEAR LINEAR</Name_array>
        <technique_common>
          <accessor source="#mixamorig_Hips-Interpolations-array" count="90">
            <param type="name"/>
          </accessor>
        </technique_common>
      </source>
      <sampler id="mixamorig_Hips-Matrix-animation-transform">
        <input semantic="INPUT" source="#mixamorig_Hips-Matrix-animation-input"/>
        <input semantic="OUTPUT" source="#mixamorig_Hips-Matrix-animation-output-transform"/>
        <input semantic="INTERPOLATION" source="#mixamorig_Hips-Interpolations"/>
      </sampler>
      <channel source="#mixamorig_Hips-Matrix-animation-transform" target="mixamorig_Hips/matrix"/>
    </animation>
    <animation id="mixamorig_Spine-anim" name="mixamorig_Spine">
      <source id="mixamorig_Spine-Matrix-animation-input">
        <float_array id="mixamorig_Spine-Matrix-animation-input-array" count="90">

0.000000 0.033333 0.066667 0.100000 0.133333 0.166667 0.200000 0.233333 0.266667 0.300000 0.333333 0.366667 0.400000 0.433333 0.466667 0.500000
0.533333 0.566667 0.600000 0.633333 0.666667 0.700000 0.733333 0.766667 0.800000 0.833333 0.866667 0.900000 0.933333 0.966667 1.000000 1.033333
1.066667 1.100000 1.133333 1.166667 1.200000 1.233333 1.266667 1.300000 1.333333 1.366667 1.400000 1.433333 1.466667 1.500000 1.533333 1.566667
1.600000 1.633333 1.666667 1.700000 1.733333 1.766667 1.800000 1.833333 1.866667 1.900000 1.933333 1.966667 2.000000 2.033333 2.066667 2.100000
2.133333 2.166667 2.200000 2.233333 2.266667 2.300000 2.333333 2.366667 2.400000 2.433333 2.466667 2.500000 2.533333 2.566667 2.600000 2.633333
2.666667 2.700000 2.733333 2.766667 2.800000 2.833333 2.866667 2.900000 2.933333 2.966667</float_array>
        <technique_common>
          <accessor source="#mixamorig_Spine-Matrix-animation-input-array" count="90">
            <param name="TIME" type="float"/>
          </accessor>
        </technique_common>
      </source>
      <source id="mixamorig_Spine-Matrix-animation-output-transform">
        <float_array id="mixamorig_Spine-Matrix-animation-output-transform-array" count="1440">

0.999446 -0.031785 -0.009915 0.000000 0.031253 0.998269 -0.049816 11.006600 0.011481 0.049478 0.998709 0.107900 0.000000 0.000000 0.000000 1.000000
0.999591 -0.027209 -0.008751 -0.000000 0.027053 0.999480 -0.017519 11.006600 0.009223 0.017275 0.999808 0.107900 0.000000 0.000000 0.000000 1.000000
0.999678 -0.021197 -0.013938 0.000000 0.021250 0.999767 0.003665 11.006600 0.013857 -0.003960 0.999896 0.107900 0.000000 0.000000 0.000000 1.000000
0.999653 -0.014223 -0.022163 0.000000 0.014715 0.999645 0.022201 11.006600 0.021840 -0.022519 0.999508 0.107900 0.000000 0.000000 0.000000 1.000000
0.999795 -0.010483 -0.017341 0.000000 0.011347 0.998659 0.050520 11.006600 0.016788 -0.050707 0.998572 0.107900 0.000000 0.000000 0.000000 1.000000
0.999885 -0.006985 0.013437 0.000000 0.005829 0.996430 0.084217 11.006600 -0.013977 -0.084129 0.996357 0.107900 0.000000 0.000000 0.000000 1.000000
0.997690 0.005831 0.067679 0.000000 -0.013236 0.993900 0.109489 11.006600 -0.066628 -0.110132 0.991681 0.107900 0.000000 0.000000 0.000000 1.000000
0.991036 0.031782 0.129760 0.000000 -0.047821 0.991325 0.122425 11.006600 -0.124744 -0.127533 0.983959 0.107900 0.000000 0.000000 0.000000 1.000000
0.981736 0.064391 0.179019 0.000000 -0.088254 0.987749 0.128700 11.006600 -0.168539 -0.142149 0.975391 0.107900 0.000000 0.000000 0.000000 1.000000
0.974757 0.094857 0.202115 0.000000 -0.122989 0.983657 0.131498 11.006600 -0.186339 -0.153036 0.970494 0.107900 0.000000 0.000000 0.000000 1.000000
0.972249 0.117832 0.202110 0.000000 -0.146010 0.980615 0.130673 11.006600 -0.182794 -0.156557 0.970606 0.107900 0.000000 0.000000 0.000000 1.000000
0.973754 0.127465 0.188564 -0.000000 -0.152903 0.980032 0.127116 11.006600 -0.168596 -0.152612 0.973799 0.107900 0.000000 0.000000 0.000000 1.000000
0.979118 0.117126 0.166163 0.000000 -0.137356 0.983709 0.115970 11.006600 -0.149873 -0.136372 0.979255 0.107900 0.000000 0.000000 0.000000 1.000000
0.986315 0.086577 0.140309 0.000000 -0.099695 0.991000 0.089328 11.006600 -0.131312 -0.102094 0.986070 0.107900 0.000000 0.000000 0.000000 1.000000
0.991028 0.048910 0.124388 0.000000 -0.055584 0.997163 0.050761 11.006600 -0.121552 -0.057219 0.990934 0.107900 0.000000 0.000000 0.000000 1.000000
0.992103 0.017447 0.124208 0.000000 -0.019058 0.999749 0.011796 11.006600 -0.123971 -0.014070 0.992186 0.107900 0.000000 0.000000 0.000000 1.000000
0.991654 -0.011344 0.128427 0.000000 0.014967 0.999516 -0.027286 11.006600 -0.128055 0.028980 0.991344 0.107900 0.000000 0.000000 0.000000 1.000000
0.990831 -0.044881 0.127433 -0.000000 0.054620 0.995763 -0.073983 11.006600 -0.123573 0.080265 0.989084 0.107900 0.000000 0.000000 0.000000 1.000000
0.989331 -0.070366 0.127566 0.000000 0.086455 0.988342 -0.125321 11.006600 -0.117261 0.135012 0.983881 0.107900 0.000000 0.000000 0.000000 1.000000
0.988914 -0.063046 0.134439 0.000000 0.085575 0.981891 -0.169016 11.006600 -0.121349 0.178647 0.976401 0.107900 0.000000 0.000000 0.000000 1.000000
0.989800 -0.019600 0.141111 0.000000 0.047203 0.979661 -0.195027 11.006600 -0.134419 0.199698 0.970594 0.107900 0.000000 0.000000 0.000000 1.000000
0.990112 0.030517 0.136918 -0.000000 -0.003350 0.980915 -0.194410 11.006600 -0.140237 0.192029 0.971318 0.107900 0.000000 0.000000 0.000000 1.000000
0.992029 0.053938 0.113882 0.000000 -0.034522 0.985513 -0.166047 11.006600 -0.121189 0.160792 0.979520 0.107900 0.000000 0.000000 0.000000 1.000000
0.996703 0.049016 0.064664 0.000000 -0.040245 0.990620 -0.130586 11.006600 -0.070459 0.127553 0.989326 0.107900 0.000000 0.000000 0.000000 1.000000
0.999217 0.036107 -0.016152 0.000000 -0.037678 0.993135 -0.110743 11.006600 0.012043 0.111265 0.993718 0.107900 0.000000 0.000000 0.000000 1.000000
0.992716 0.032983 -0.115875 -0.000000 -0.046575 0.992083 -0.116624 11.006600 0.111111 0.121172 0.986393 0.107900 0.000000 0.000000 0.000000 1.000000
0.981220 0.050686 -0.186114 0.000000 -0.081119 0.983821 -0.159738 11.006600 0.175006 0.171836 0.969456 0.107900 0.000000 0.000000 0.000000 1.000000
0.977643 0.081179 -0.193972 0.000000 -0.126694 0.963639 -0.235264 11.006600 0.167820 0.254579 0.952379 0.107900 0.000000 0.000000 0.000000 1.000000
0.979369 0.122826 -0.160465 -0.000000 -0.166739 0.939794 -0.298303 11.006600 0.114165 0.318905 0.940886 0.107900 0.000000 0.000000 0.000000 1.000000
0.980057 0.148691 -0.131832 0.000000 -0.184150 0.928898 -0.321305 11.006600 0.074683 0.339174 0.937754 0.107900 0.000000 0.000000 0.000000 1.000000
0.982065 0.148352 -0.116360 0.000000 -0.179051 0.927169 -0.329087 11.006600 0.059065 0.344019 0.937103 0.107900 0.000000 0.000000 0.000000 1.000000
0.985633 0.138816 -0.096213 0.000000 -0.163657 0.925754 -0.340876 11.006600 0.041751 0.351725 0.935172 0.107900 0.000000 0.000000 0.000000 1.000000
0.989963 0.120659 -0.073581 0.000000 -0.138709 0.929271 -0.342368 11.006600 0.027067 0.349138 0.936680 0.107900 0.000000 0.000000 0.000000 1.000000
0.994445 0.079749 -0.068693 -0.000000 -0.097648 0.942607 -0.319306 11.006600 0.039286 0.324240 0.945159 0.107900 0.000000 0.000000 0.000000 1.000000
0.995618 0.033938 -0.087133 0.000000 -0.055811 0.963313 -0.262515 11.006600 0.075027 0.266227 0.960986 0.107900 0.000000 0.000000 0.000000 1.000000
0.994036 0.020565 -0.107097 0.000000 -0.038856 0.984398 -0.171615 11.006600 0.101897 0.174753 0.979326 0.107900 0.000000 0.000000 0.000000 1.000000
0.993701 0.020667 -0.110139 0.000000 -0.031161 0.995044 -0.094422 11.006600 0.107642 0.097259 0.989421 0.107900 0.000000 0.000000 0.000000 1.000000
0.992221 -0.013437 -0.123758 -0.000000 0.003184 0.996572 -0.082670 11.006600 0.124444 0.081633 0.988863 0.107900 0.000000 0.000000 0.000000 1.000000
0.981847 -0.072936 -0.175090 0.000000 0.055898 0.993381 -0.100348 11.006600 0.181250 0.088740 0.979425 0.107900 0.000000 0.000000 0.000000 1.000000
0.964997 -0.095032 -0.244437 0.000000 0.081421 0.994544 -0.065221 11.006600 0.249302 0.043035 0.967469 0.107900 0.000000 0.000000 0.000000 1.000000
0.953244 -0.069886 -0.294009 -0.000000 0.080941 0.996390 0.025586 11.006600 0.291159 -0.048187 0.955460 0.107900 0.000000 0.000000 0.000000 1.000000
0.946158 -0.057265 -0.318599 0.000000 0.090598 0.991740 0.090799 11.006600 0.310768 -0.114774 0.943531 0.107900 0.000000 0.000000 0.000000 1.000000
0.938915 -0.074717 -0.335941 0.000000 0.115926 0.987765 0.104311 11.006600 0.324037 -0.136884 0.936089 0.107900 0.000000 0.000000 0.000000 1.000000
0.933879 -0.084915 -0.347360 0.000000 0.133259 0.984067 0.117703 11.006600 0.331831 -0.156209 0.930316 0.107900 0.000000 0.000000 0.000000 1.000000
0.933809 -0.071063 -0.350644 0.000000 0.132290 0.979197 0.153857 11.006600 0.332416 -0.190060 0.923784 0.107900 0.000000 0.000000 0.000000 1.000000
0.936828 -0.053351 -0.345698 0.000000 0.123385 0.975176 0.183870 11.006600 0.327307 -0.214909 0.920155 0.107900 0.000000 0.000000 0.000000 1.000000
0.941324 -0.047951 -0.334080 0.000000 0.117785 0.974294 0.192036 11.006600 0.316283 -0.220118 0.922775 0.107900 0.000000 0.000000 0.000000 1.000000
0.947326 -0.050773 -0.316219 0.000000 0.116163 0.974591 0.191518 11.006600 0.298461 -0.218163 0.929154 0.107900 0.000000 0.000000 0.000000 1.000000
0.953890 -0.053640 -0.295326 0.000000 0.114549 0.974491 0.192991 11.006600 0.277440 -0.217921 0.935702 0.107900 0.000000 0.000000 0.000000 1.000000
0.959414 -0.055675 -0.276450 0.000000 0.112051 0.974871 0.192540 11.006600 0.258783 -0.215702 0.941543 0.107900 0.000000 0.000000 0.000000 1.000000
0.964470 -0.061361 -0.256967 0.000000 0.109929 0.977663 0.179139 11.006600 0.240235 -0.201023 0.949672 0.107900 0.000000 0.000000 0.000000 1.000000
0.971204 -0.069850 -0.227781 0.000000 0.104626 0.983979 0.144360 11.006600 0.214048 -0.164034 0.962952 0.107900 0.000000 0.000000 0.000000 1.000000
0.979454 -0.067567 -0.190014 0.000000 0.085249 0.992600 0.086473 11.006600 0.182766 -0.100895 0.977966 0.107900 0.000000 0.000000 0.000000 1.000000
0.987815 -0.050484 -0.147218 0.000000 0.051590 0.998661 0.003705 11.006600 0.146834 -0.011254 0.989097 0.107900 0.000000 0.000000 0.000000 1.000000
0.996525 -0.034480 -0.075823 0.000000 0.027503 0.995452 -0.091210 11.006600 0.078623 0.088808 0.992941 0.107900 0.000000 0.000000 0.000000 1.000000
0.999494 -0.010921 0.029869 -0.000000 0.015123 0.989420 -0.144286 11.006600 -0.027977 0.144665 0.989085 0.107900 0.000000 0.000000 0.000000 1.000000
0.992695 0.026638 0.117677 0.000000 -0.013126 0.993378 -0.114138 11.006600 -0.119938 0.111760 0.986471 0.107900 0.000000 0.000000 0.000000 1.000000
0.985260 0.054016 0.162313 0.000000 -0.048370 0.998086 -0.038541 11.006600 -0.164084 0.030122 0.985986 0.107900 0.000000 0.000000 0.000000 1.000000
0.979923 0.045135 0.194199 0.000000 -0.050640 0.998441 0.023475 11.006600 -0.192837 -0.032838 0.980681 0.107900 0.000000 0.000000 0.000000 1.000000
0.974267 0.005201 0.225338 -0.000000 -0.019433 0.997949 0.060987 11.006600 -0.224559 -0.063797 0.972370 0.107900 0.000000 0.000000 0.000000 1.000000
0.971379 -0.023861 0.236332 0.000000 0.007043 0.997398 0.071752 11.006600 -0.237430 -0.068034 0.969019 0.107900 0.000000 0.000000 0.000000 1.000000
0.973040 -0.021624 0.229622 0.000000 0.011230 0.998856 0.046475 11.006600 -0.230364 -0.042643 0.972170 0.107900 0.000000 0.000000 0.000000 1.000000
0.973411 -0.006422 0.228975 0.000000 0.006864 0.999976 -0.001131 11.006600 -0.228962 0.002673 0.973432 0.107900 0.000000 0.000000 0.000000 1.000000
0.970823 0.009427 0.239611 -0.000000 0.002914 0.998689 -0.051096 11.006600 -0.239778 0.050303 0.969524 0.107900 0.000000 0.000000 0.000000 1.000000
0.969140 0.017327 0.245902 0.000000 0.005242 0.995853 -0.090831 11.006600 -0.246456 0.089317 0.965029 0.107900 0.000000 0.000000 0.000000 1.000000
0.970519 0.011113 0.240768 -0.000000 0.015795 0.993856 -0.109545 11.006600 -0.240506 0.110119 0.964381 0.107900 0.000000 0.000000 0.000000 1.000000
0.971896 -0.007534 0.235290 0.000000 0.032640 0.994147 -0.102991 11.006600 -0.233137 0.107777 0.966453 0.107900 0.000000 0.000000 0.000000 1.000000
0.971475 -0.030790 0.235133 0.000000 0.051383 0.995310 -0.081959 11.006600 -0.231506 0.091703 0.968502 0.107900 0.000000 0.000000 0.000000 1.000000
0.970696 -0.052841 0.234429 0.000000 0.068694 0.995833 -0.059977 11.006600 -0.230283 0.074323 0.970281 0.107900 0.000000 0.000000 0.000000 1.000000
0.970740 -0.072661 0.228876 0.000000 0.083504 0.995781 -0.038035 11.006600 -0.225147 0.056034 0.972712 0.107900 0.000000 0.000000 0.000000 1.000000
0.971409 -0.090814 0.219355 0.000000 0.095821 0.995323 -0.012276 11.006600 -0.217214 0.032944 0.975568 0.107900 0.000000 0.000000 0.000000 1.000000
0.972123 -0.107238 0.208513 0.000000 0.106753 0.994192 0.013614 11.006600 -0.208762 0.009025 0.977925 0.107900 0.000000 0.000000 0.000000 1.000000
0.972483 -0.119345 0.200082 0.000000 0.115294 0.992822 0.031820 11.006600 -0.202443 -0.007876 0.979262 0.107900 0.000000 0.000000 0.000000 1.000000
0.972434 -0.123564 0.197748 0.000000 0.118077 0.992224 0.039350 11.006600 -0.201073 -0.014916 0.979463 0.107900 0.000000 0.000000 0.000000 1.000000
0.972048 -0.120747 0.201351 0.000000 0.115121 0.992567 0.039467 11.006600 -0.204619 -0.015184 0.978724 0.107900 0.000000 0.000000 0.000000 1.000000
0.971526 -0.115707 0.206757 -0.000000 0.110466 0.993200 0.036755 11.006600 -0.209604 -0.012868 0.977702 0.107900 0.000000 0.000000 0.000000 1.000000
0.971030 -0.111187 0.211513 0.000000 0.106532 0.993751 0.033314 11.006600 -0.213895 -0.009816 0.976807 0.107900 0.000000 0.000000 0.000000 1.000000
0.970164 -0.106721 0.217700 0.000000 0.102816 0.994271 0.029222 11.006600 -0.219571 -0.005968 0.975578 0.107900 0.000000 0.000000 0.000000 1.000000
0.968416 -0.102998 0.227073 0.000000 0.100195 0.994682 0.023866 11.006600 -0.228323 -0.000361 0.973585 0.107900 0.000000 0.000000 0.000000 1.000000
0.966390 -0.101096 0.236367 0.000000 0.100058 0.994846 0.016415 11.006600 -0.236808 0.007788 0.971525 0.107900 0.000000 0.000000 0.000000 1.000000
0.965659 -0.099388 0.240053 0.000000 0.100664 0.994896 0.006972 11.006600 -0.239520 0.017432 0.970735 0.107900 0.000000 0.000000 0.000000 1.000000
0.966730 -0.096170 0.237031 0.000000 0.099687 0.995015 -0.002869 11.006600 -0.235573 0.026403 0.971498 0.107900 0.000000 0.000000 0.000000 1.000000
0.968202 -0.092901 0.232280 0.000000 0.098130 0.995112 -0.011033 11.006600 -0.230119 0.033475 0.972586 0.107900 0.000000 0.000000 0.000000 1.000000
0.968740 -0.091743 0.230489 0.000000 0.098091 0.995045 -0.016209 11.006600 -0.227860 0.038312 0.972940 0.107900 0.000000 0.000000 0.000000 1.000000
0.968485 -0.092607 0.231214 0.000000 0.099440 0.994880 -0.018050 11.006600 -0.228359 0.040473 0.972735 0.107900 0.000000 0.000000 0.000000 1.000000
0.968409 -0.094523 0.230757 0.000000 0.101138 0.994727 -0.016981 11.006600 -0.227935 0.039783 0.972863 0.107900 0.000000 0.000000 0.000000 1.000000
0.968747 -0.097107 0.228252 0.000000 0.102952 0.994590 -0.013813 11.006600 -0.225676 0.036880 0.973504 0.107900 0.000000 0.000000 0.000000 1.000000
0.968544 -0.100041 0.227846 0.000000 0.104872 0.994444 -0.009165 11.006600 -0.225663 0.032771 0.973654 0.107900 0.000000 0.000000 0.000000 1.000000
0.967217 -0.102959 0.232144 0.000000 0.106682 0.994287 -0.003508 11.006600 -0.230456 0.028158 0.972675 0.107900 0.000000 0.000000 0.000000 1.000000
0.965317 -0.105768 0.238698 0.000000 0.108285 0.994117 0.002582 11.006600 -0.237566 0.023355 0.971091 0.107900 0.000000 0.000000 0.000000 1.000000</float_array>
        <technique_common>
          <accessor source="#mixamorig_Spine-Matrix-animation-output-transform-array" count="90" stride="16">
            <param type="float4x4"/>
          </accessor>
        </technique_common>
      </source>
      <source id="mixamorig_Spine-Interpolations">
        <Name_array id="mixamorig_Spine-Interpolations-array" count="90">
 LINEAR LINEAR LINEAR LINEAR LINEAR LINEAR LINEAR LINEAR LINEAR LINEAR LINEAR
LINEAR LINEAR LINEAR LINEAR LINEAR LINEAR LINEAR LINEAR LINEAR LINEAR LINEAR LINEAR
LINEAR LINEAR LINEAR LINEAR LINEAR LINEAR LINEAR LINEAR LINEAR LINEAR LINEAR LINEAR
LINEAR LINEAR LINEAR LINEAR LINEAR LINEAR LINEAR LINEAR LINEAR LINEAR LINEAR LINEAR
LINEAR LINEAR LINEAR LINEAR LINEAR LINEAR LINEAR LINEAR LINEAR LINEAR LINEAR LINEAR
LINEAR LINEAR LINEAR LINEAR LINEAR LINEAR LINEAR LINEAR LINEAR LINEAR LINEAR LINEAR
LINEAR LINEAR LINEAR LINEAR LINEAR LINEAR LINEAR LINEAR LINEAR LINEAR LINEAR LINEAR
LINEAR LINEAR LINEAR LINEAR LINEAR LINEAR LINEAR</Name_array>
        <technique_common>
          <accessor source="#mixamorig_Spine-Interpolations-array" count="90">
            <param type="name"/>
          </accessor>
        </technique_common>
      </source>
      <sampler id="mixamorig_Spine-Matrix-animation-transform">
        <input semantic="INPUT" source="#mixamorig_Spine-Matrix-animation-input"/>
        <input semantic="OUTPUT" source="#mixamorig_Spine-Matrix-animation-output-transform"/>
        <input semantic="INTERPOLATION" source="#mixamorig_Spine-Interpolations"/>
      </sampler>
      <channel source="#mixamorig_Spine-Matrix-animation-transform" target="mixamorig_Spine/matrix"/>
    </animation>
    <animation id="mixamorig_Spine1-anim" name="mixamorig_Spine1">
      <source id="mixamorig_Spine1-Matrix-animation-input">
        <float_array id="mixamorig_Spine1-Matrix-animation-input-array" count="90">

0.000000 0.033333 0.066667 0.100000 0.133333 0.166667 0.200000 0.233333 0.266667 0.300000 0.333333 0.366667 0.400000 0.433333 0.466667 0.500000
0.533333 0.566667 0.600000 0.633333 0.666667 0.700000 0.733333 0.766667 0.800000 0.833333 0.866667 0.900000 0.933333 0.966667 1.000000 1.033333
1.066667 1.100000 1.133333 1.166667 1.200000 1.233333 1.266667 1.300000 1.333333 1.366667 1.400000 1.433333 1.466667 1.500000 1.533333 1.566667
1.600000 1.633333 1.666667 1.700000 1.733333 1.766667 1.800000 1.833333 1.866667 1.900000 1.933333 1.966667 2.000000 2.033333 2.066667 2.100000
2.133333 2.166667 2.200000 2.233333 2.266667 2.300000 2.333333 2.366667 2.400000 2.433333 2.466667 2.500000 2.533333 2.566667 2.600000 2.633333
2.666667 2.700000 2.733333 2.766667 2.800000 2.833333 2.866667 2.900000 2.933333 2.966667</float_array>
        <technique_common>
          <accessor source="#mixamorig_Spine1-Matrix-animation-input-array" count="90">
            <param name="TIME" type="float"/>
          </accessor>
        </technique_common>
      </source>
      <source id="mixamorig_Spine1-Matrix-animation-output-transform">
        <float_array id="mixamorig_Spine1-Matrix-animation-output-transform-array" count="1440">

0.999458 -0.026038 -0.020143 0.000000 0.023093 0.990620 -0.134682 11.269900 0.023461 0.134144 0.990684 0.000000 0.000000 0.000000 0.000000 1.000000
0.999497 -0.025953 -0.018252 0.000000 0.023465 0.991831 -0.125378 11.269900 0.021357 0.124887 0.991941 0.000000 0.000000 0.000000 0.000000 1.000000
0.999560 -0.023155 -0.018524 0.000000 0.020894 0.993245 -0.114140 11.269900 0.021042 0.113703 0.993292 -0.000000 0.000000 0.000000 0.000000 1.000000
0.999637 -0.018196 -0.019861 0.000000 0.016080 0.994662 -0.101928 11.269900 0.021609 0.101572 0.994593 0.000000 0.000000 0.000000 0.000000 1.000000
0.999750 -0.014104 -0.017326 0.000000 0.012521 0.996014 -0.088319 11.269900 0.018503 0.088080 0.995942 0.000000 0.000000 0.000000 0.000000 1.000000
0.999914 -0.010940 -0.007260 0.000000 0.010373 0.997205 -0.073992 11.269900 0.008049 0.073910 0.997232 0.000000 0.000000 0.000000 0.000000 1.000000
0.999949 -0.004733 0.008878 -0.000000 0.005270 0.998097 -0.061438 11.269900 -0.008570 0.061481 0.998071 0.000000 0.000000 0.000000 0.000000 1.000000
0.999636 0.006109 0.026273 0.000000 -0.004756 0.998675 -0.051250 11.269900 -0.026551 0.051107 0.998340 0.000000 0.000000 0.000000 0.000000 1.000000
0.999052 0.017807 0.039715 0.000000 -0.016130 0.998981 -0.042151 11.269900 -0.040425 0.041471 0.998322 0.000000 0.000000 0.000000 0.000000 1.000000
0.998601 0.025643 0.046250 0.000000 -0.024075 0.999127 -0.034152 11.269900 -0.047086 0.032991 0.998346 0.000000 0.000000 0.000000 0.000000 1.000000
0.998494 0.028074 0.047124 -0.000000 -0.026784 0.999255 -0.027799 11.269900 -0.047869 0.026495 0.998502 0.000000 0.000000 0.000000 0.000000 1.000000
0.998615 0.026632 0.045366 0.000000 -0.025674 0.999437 -0.021577 11.269900 -0.045915 0.020382 0.998737 0.000000 0.000000 0.000000 0.000000 1.000000
0.998858 0.022777 0.041998 0.000000 -0.022165 0.999642 -0.014991 11.269900 -0.042324 0.014043 0.999005 0.000000 0.000000 0.000000 0.000000 1.000000
0.999173 0.015894 0.037424 0.000000 -0.015443 0.999805 -0.012320 11.269900 -0.037613 0.011732 0.999224 0.000000 0.000000 0.000000 0.000000 1.000000
0.999385 0.006552 0.034438 -0.000000 -0.006004 0.999854 -0.016008 11.269900 -0.034538 0.015792 0.999279 0.000000 0.000000 0.000000 0.000000 1.000000
0.999385 -0.001889 0.035001 0.000000 0.002689 0.999736 -0.022802 11.269900 -0.034949 0.022882 0.999127 0.000000 0.000000 0.000000 0.000000 1.000000
0.999309 -0.007354 0.036434 -0.000000 0.008449 0.999515 -0.029986 11.269900 -0.036196 0.030273 0.998886 0.000000 0.000000 0.000000 0.000000 1.000000
0.999297 -0.010801 0.035887 0.000000 0.012136 0.999234 -0.037193 11.269900 -0.035458 0.037603 0.998663 0.000000 0.000000 0.000000 0.000000 1.000000
0.999307 -0.012685 0.035008 0.000000 0.014216 0.998937 -0.043854 11.269900 -0.034414 0.044321 0.998424 0.000000 0.000000 0.000000 0.000000 1.000000
0.999282 -0.010490 0.036415 0.000000 0.012285 0.998702 -0.049425 11.269900 -0.035849 0.049837 0.998114 0.000000 0.000000 0.000000 0.000000 1.000000
0.999234 -0.002242 0.039076 0.000000 0.004328 0.998565 -0.053378 11.269900 -0.038900 0.053507 0.997810 0.000000 0.000000 0.000000 0.000000 1.000000
0.999193 0.009435 0.039035 0.000000 -0.007316 0.998510 -0.054073 11.269900 -0.039487 0.053744 0.997774 -0.000000 0.000000 0.000000 0.000000 1.000000
0.999279 0.019556 0.032554 0.000000 -0.017862 0.998511 -0.051553 11.269900 -0.033514 0.050934 0.998140 0.000000 0.000000 0.000000 0.000000 1.000000
0.999533 0.024758 0.017937 0.000000 -0.023843 0.998487 -0.049547 11.269900 -0.019136 0.049096 0.998611 0.000000 0.000000 0.000000 0.000000 1.000000
0.999711 0.023588 -0.004746 0.000000 -0.023795 0.998470 -0.049924 11.269900 0.003561 0.050022 0.998742 0.000000 0.000000 0.000000 0.000000 1.000000
0.999344 0.017781 -0.031559 -0.000000 -0.019370 0.998521 -0.050803 11.269900 0.030609 0.051381 0.998210 0.000000 0.000000 0.000000 0.000000 1.000000
0.998617 0.013679 -0.050767 0.000000 -0.016456 0.998367 -0.054707 11.269900 0.049936 0.055466 0.997211 0.000000 0.000000 0.000000 0.000000 1.000000
0.998532 0.016269 -0.051659 0.000000 -0.019688 0.997600 -0.066377 11.269900 0.050455 0.067296 0.996456 0.000000 0.000000 0.000000 0.000000 1.000000
0.998922 0.022630 -0.040541 0.000000 -0.025831 0.996440 -0.080244 11.269900 0.038581 0.081205 0.995950 0.000000 0.000000 0.000000 0.000000 1.000000
0.999171 0.025355 -0.031862 0.000000 -0.028032 0.995850 -0.086587 11.269900 0.029535 0.087409 0.995735 0.000000 0.000000 0.000000 0.000000 1.000000
0.999373 0.021929 -0.027804 0.000000 -0.024283 0.995881 -0.087355 11.269900 0.025774 0.087975 0.995789 0.000000 0.000000 0.000000 0.000000 1.000000
0.999619 0.015528 -0.022826 -0.000000 -0.017518 0.995811 -0.089742 11.269900 0.021337 0.090108 0.995703 0.000000 0.000000 0.000000 0.000000 1.000000
