<?xml version="1.0" encoding="utf-8"?>
<COLLADA xmlns="http://www.collada.org/2005/11/COLLADASchema" version="1.4.1">
  <asset>
    <contributor>
      <author>Mixamo</author>
      <authoring_tool>COLLADA Mixamo exporter</authoring_tool>
      <comments/>
    </contributor>
    <created>2024-11-02T01:54:14Z</created>
    <modified>2024-11-02T01:54:14Z</modified>
    <revision/>
    <title/>
    <unit meter="0.010000"/>
    <up_axis>Y_UP</up_axis>
  </asset>
  <library_animations>
    <animation id="mixamorig_Hips-anim" name="mixamorig_Hips">
      <source id="mixamorig_Hips-Matrix-animation-input">
        <float_array id="mixamorig_Hips-Matrix-animation-input-array" count="21">

0.000000 0.033333 0.066667 0.100000 0.133333 0.166667 0.200000 0.233333 0.266667 0.300000 0.333333 0.366667 0.400000 0.433333 0.466667 0.500000
0.533333 0.566667 0.600000 0.633333 0.666667</float_array>
        <technique_common>
          <accessor source="#mixamorig_Hips-Matrix-animation-input-array" count="21">
            <param name="TIME" type="float"/>
          </accessor>
        </technique_common>
      </source>
      <source id="mixamorig_Hips-Matrix-animation-output-transform">
        <float_array id="mixamorig_Hips-Matrix-animation-output-transform-array" count="336">

0.993478 0.006377 0.113846 1.509954 0.113480 0.042177 -0.992645 62.540340 -0.011131 0.999090 0.041179 -7.151688 0.000000 0.000000 0.000000 1.000000
0.974471 0.003690 0.224481 -0.901936 0.224232 0.033885 -0.973947 61.210247 -0.011201 0.999419 0.032193 0.363392 0.000000 0.000000 0.000000 1.000000
0.950382 0.002945 0.311070 -2.733312 0.310827 0.031686 -0.949938 58.966827 -0.012654 0.999494 0.029199 8.793214 0.000000 0.000000 0.000000 1.000000
0.932861 0.005773 0.360189 -3.569807 0.359763 0.036262 -0.932339 57.174366 -0.018443 0.999326 0.031750 17.769379 0.000000 0.000000 0.000000 1.000000
0.920432 0.013049 0.390685 -3.982391 0.389865 0.042108 -0.919909 55.928505 -0.028454 0.999028 0.033670 27.295185 0.000000 0.000000 0.000000 1.000000
0.931886 0.024590 0.361917 -3.510677 0.360614 0.045329 -0.931613 55.494560 -0.039314 0.998669 0.033374 36.783649 0.000000 0.000000 0.000000 1.000000
0.966837 0.042323 0.251863 -2.068478 0.249942 0.045881 -0.967173 57.145966 -0.052489 0.998050 0.033782 46.075500 0.000000 0.000000 0.000000 1.000000
0.992871 0.058074 0.104084 -0.152093 0.101769 0.041506 -0.993942 59.665073 -0.062043 0.997449 0.035300 55.977531 0.000000 0.000000 0.000000 1.000000
0.995985 0.069499 -0.056424 2.017410 -0.058855 0.033447 -0.997706 61.996941 -0.067453 0.997021 0.037403 66.013123 0.000000 0.000000 0.000000 1.000000
0.976565 0.076334 -0.201233 4.218314 -0.203568 0.024073 -0.978765 62.768723 -0.069869 0.996792 0.039047 75.577866 0.000000 0.000000 0.000000 1.000000
0.947339 0.074537 -0.311437 6.162501 -0.313350 0.015213 -0.949516 61.842888 -0.066036 0.997102 0.037768 85.221680 0.000000 0.000000 0.000000 1.000000
0.914119 0.067557 -0.399779 8.121792 -0.401128 0.007159 -0.915994 60.007446 -0.059020 0.997690 0.033644 94.721497 0.000000 0.000000 0.000000 1.000000
0.875957 0.059784 -0.478670 9.748888 -0.479528 0.000003 -0.877527 58.225651 -0.052460 0.998211 0.028670 103.835556 0.000000 0.000000 0.000000 1.000000
0.841725 0.055724 -0.537023 11.044017 -0.537597 -0.005389 -0.843184 56.614326 -0.049880 0.998432 0.025421 113.254852 0.000000 0.000000 0.000000 1.000000
0.830835 0.060248 -0.553248 11.665815 -0.553934 -0.006186 -0.832538 54.928436 -0.053581 0.998164 0.028234 123.012993 0.000000 0.000000 0.000000 1.000000
0.848970 0.071212 -0.523620 11.182130 -0.525136 0.003052 -0.851013 54.614197 -0.059004 0.997457 0.039987 131.935120 0.000000 0.000000 0.000000 1.000000
0.877564 0.084958 -0.471873 10.157412 -0.475052 0.020930 -0.879709 55.978676 -0.064862 0.996165 0.058727 139.774384 0.000000 0.000000 0.000000 1.000000
0.916324 0.094237 -0.389191 8.758297 -0.393954 0.037967 -0.918346 57.789120 -0.071765 0.994826 0.071915 146.824890 0.000000 0.000000 0.000000 1.000000
0.958321 0.089727 -0.271237 6.953070 -0.276462 0.051862 -0.959625 59.657135 -0.072037 0.994615 0.074506 153.219894 0.000000 0.000000 0.000000 1.000000
0.994960 0.051765 -0.085880 4.319589 -0.088505 0.050765 -0.994781 61.327816 -0.047135 0.997368 0.055091 159.066437 0.000000 0.000000 0.000000 1.000000
0.993478 0.006360 0.113845 1.512351 0.113479 0.042176 -0.992645 62.540367 -0.011115 0.999090 0.041179 164.942184 0.000000 0.000000 0.000000 1.000000</float_array>
        <technique_common>
          <accessor source="#mixamorig_Hips-Matrix-animation-output-transform-array" count="21" stride="16">
            <param type="float4x4"/>
          </accessor>
        </technique_common>
      </source>
      <source id="mixamorig_Hips-Interpolations">
        <Name_array id="mixamorig_Hips-Interpolations-array" count="21">
 LINEAR LINEAR LINEAR LINEAR LINEAR LINEAR LINEAR LINEAR LINEAR LINEAR LINEAR
LINEAR LINEAR LINEAR LINEAR LINEAR LINEAR LINEAR LINEAR LINEAR LINEAR</Name_array>
        <technique_common>
          <accessor source="#mixamorig_Hips-Interpolations-array" count="21">
            <param type="name"/>
          </accessor>
        </technique_common>
      </source>
      <sampler id="mixamorig_Hips-Matrix-animation-transform">
        <input semantic="INPUT" source="#mixamorig_Hips-Matrix-animation-input"/>
        <input semantic="OUTPUT" source="#mixamorig_Hips-Matrix-animation-output-transform"/>
        <input semantic="INTERPOLATION" source="#mixamorig_Hips-Interpolations"/>
      </sampler>
      <channel source="#mixamorig_Hips-Matrix-animation-transform" target="mixamorig_Hips/matrix"/>
    </animation>
    <animation id="mixamorig_Spine-anim" name="mixamorig_Spine">
      <source id="mixamorig_Spine-Matrix-animation-input">
        <float_array id="mixamorig_Spine-Matrix-animation-input-array" count="21">

0.000000 0.033333 0.066667 0.100000 0.133333 0.166667 0.200000 0.233333 0.266667 0.300000 0.333333 0.366667 0.400000 0.433333 0.466667 0.500000
0.533333 0.566667 0.600000 0.633333 0.666667</float_array>
        <technique_common>
          <accessor source="#mixamorig_Spine-Matrix-animation-input-array" count="21">
            <param name="TIME" type="float"/>
          </accessor>
        </technique_common>
      </source>
      <source id="mixamorig_Spine-Matrix-animation-output-transform">
        <float_array id="mixamorig_Spine-Matrix-animation-output-transform-array" count="336">

0.999634 -0.012187 0.024151 0.000000 0.014763 0.993873 -0.109535 11.006600 -0.022668 0.109851 0.993690 0.107900 0.000000 0.000000 0.000000 1.000000
0.999771 0.009143 -0.019338 -0.000000 -0.011171 0.994141 -0.107510 11.006600 0.018242 0.107702 0.994016 0.107900 0.000000 0.000000 0.000000 1.000000
0.997788 0.036368 -0.055653 -0.000000 -0.041966 0.993799 -0.102972 11.006600 0.051563 0.105080 0.993126 0.107900 0.000000 0.000000 0.000000 1.000000
0.994308 0.067040 -0.082807 0.000000 -0.075171 0.992210 -0.099338 11.006600 0.075503 0.104997 0.991602 0.107900 0.000000 0.000000 0.000000 1.000000
0.990019 0.095445 -0.103699 -0.000000 -0.105404 0.989860 -0.095222 11.006600 0.093559 0.105202 0.990040 0.107900 0.000000 0.000000 0.000000 1.000000
0.987987 0.108681 -0.109865 0.000000 -0.118987 0.988619 -0.092057 11.006600 0.098610 0.104024 0.989674 0.107900 0.000000 0.000000 0.000000 1.000000
0.990272 0.097593 -0.099179 0.000000 -0.106699 0.990110 -0.091088 11.006600 0.089308 0.100784 0.990892 0.107900 0.000000 0.000000 0.000000 1.000000
0.993454 0.080218 -0.081327 0.000000 -0.087494 0.992068 -0.090251 11.006600 0.073443 0.096776 0.992593 0.107900 0.000000 0.000000 0.000000 1.000000
0.996590 0.059118 -0.057571 0.000000 -0.064140 0.993902 -0.089690 11.006600 0.051917 0.093076 0.994304 0.107900 0.000000 0.000000 0.000000 1.000000
0.998900 0.035910 -0.030152 0.000000 -0.038492 0.995203 -0.089945 11.006600 0.026777 0.091007 0.995490 0.107900 0.000000 0.000000 0.000000 1.000000
0.999925 0.012144 -0.001767 0.000000 -0.012255 0.995689 -0.091936 11.006600 0.000643 0.091951 0.995763 0.107900 0.000000 0.000000 0.000000 1.000000
0.999290 -0.018321 0.032919 -0.000000 0.021393 0.995197 -0.095530 11.006600 -0.031011 0.096166 0.994882 0.107900 0.000000 0.000000 0.000000 1.000000
0.996246 -0.051936 0.069254 0.000000 0.058569 0.993514 -0.097463 11.006600 -0.063743 0.101154 0.992827 0.107900 0.000000 0.000000 0.000000 1.000000
0.991131 -0.085167 0.102014 0.000000 0.095157 0.990682 -0.097434 11.006600 -0.092765 0.106277 0.990000 0.107900 0.000000 0.000000 0.000000 1.000000
0.986366 -0.109558 0.122796 -0.000000 0.121903 0.987694 -0.097977 11.006600 -0.110551 0.111611 0.987584 0.107900 0.000000 0.000000 0.000000 1.000000
0.983864 -0.118252 0.134271 0.000000 0.132456 0.985897 -0.102284 11.006600 -0.120282 0.118419 0.985652 0.107900 0.000000 0.000000 0.000000 1.000000
0.982940 -0.117741 0.141301 0.000000 0.133604 0.985069 -0.108575 11.006600 -0.126407 0.125601 0.983995 0.107900 0.000000 0.000000 0.000000 1.000000
0.983883 -0.111872 0.139497 0.000000 0.128259 0.985097 -0.114604 11.006600 -0.124597 0.130649 0.983568 0.107900 0.000000 0.000000 0.000000 1.000000
0.987350 -0.097261 0.125222 0.000000 0.112292 0.986503 -0.119175 11.006600 -0.111941 0.131729 0.984945 0.107900 0.000000 0.000000 0.000000 1.000000
0.995714 -0.054388 0.074807 0.000000 0.062922 0.991147 -0.116914 11.006600 -0.067786 0.121120 0.990321 0.107900 0.000000 0.000000 0.000000 1.000000
0.999634 -0.012187 0.024151 -0.000000 0.014763 0.993873 -0.109534 11.006600 -0.022669 0.109851 0.993690 0.107900 0.000000 0.000000 0.000000 1.000000</float_array>
        <technique_common>
          <accessor source="#mixamorig_Spine-Matrix-animation-output-transform-array" count="21" stride="16">
            <param type="float4x4"/>
          </accessor>
        </technique_common>
      </source>
      <source id="mixamorig_Spine-Interpolations">
        <Name_array id="mixamorig_Spine-Interpolations-array" count="21">
 LINEAR LINEAR LINEAR LINEAR LINEAR LINEAR LINEAR LINEAR LINEAR LINEAR LINEAR
LINEAR LINEAR LINEAR LINEAR LINEAR LINEAR LINEAR LINEAR LINEAR LINEAR</Name_array>
        <technique_common>
          <accessor source="#mixamorig_Spine-Interpolations-array" count="21">
            <param type="name"/>
          </accessor>
        </technique_common>
      </source>
      <sampler id="mixamorig_Spine-Matrix-animation-transform">
        <input semantic="INPUT" source="#mixamorig_Spine-Matrix-animation-input"/>
        <input semantic="OUTPUT" source="#mixamorig_Spine-Matrix-animation-output-transform"/>
        <input semantic="INTERPOLATION" source="#mixamorig_Spine-Interpolations"/>
      </sampler>
      <channel source="#mixamorig_Spine-Matrix-animation-transform" target="mixamorig_Spine/matrix"/>
    </animation>
    <animation id="mixamorig_Spine1-anim" name="mixamorig_Spine1">
      <source id="mixamorig_Spine1-Matrix-animation-input">
        <float_array id="mixamorig_Spine1-Matrix-animation-input-array" count="21">

0.000000 0.033333 0.066667 0.100000 0.133333 0.166667 0.200000 0.233333 0.266667 0.300000 0.333333 0.366667 0.400000 0.433333 0.466667 0.500000
0.533333 0.566667 0.600000 0.633333 0.666667</float_array>
        <technique_common>
          <accessor source="#mixamorig_Spine1-Matrix-animation-input-array" count="21">
            <param name="TIME" type="float"/>
          </accessor>
        </technique_common>
      </source>
      <source id="mixamorig_Spine1-Matrix-animation-output-transform">
        <float_array id="mixamorig_Spine1-Matrix-animation-output-transform-array" count="336">

0.997417 0.035979 -0.062171 0.000000 -0.046718 0.982377 -0.180979 11.269900 0.054564 0.183416 0.981520 0.000000 0.000000 0.000000 0.000000 1.000000
0.991310 0.062204 -0.115909 0.000000 -0.081670 0.981776 -0.171600 11.269900 0.103122 0.179575 0.978324 -0.000000 0.000000 0.000000 0.000000 1.000000
0.987613 0.085555 -0.131531 0.000000 -0.107410 0.979704 -0.169244 11.269900 0.114381 0.181276 0.976758 0.000000 0.000000 0.000000 0.000000 1.000000
0.988780 0.093033 -0.116871 0.000000 -0.113266 0.977024 -0.180543 11.269900 0.097390 0.191755 0.976599 0.000000 0.000000 0.000000 0.000000 1.000000
0.990890 0.092640 -0.097749 0.000000 -0.110200 0.974971 -0.193098 11.269900 0.077414 0.202111 0.976298 0.000000 0.000000 0.000000 0.000000 1.000000
0.993857 0.078715 -0.077798 0.000000 -0.092666 0.976198 -0.196090 11.269900 0.060511 0.202095 0.977495 -0.000000 0.000000 0.000000 0.000000 1.000000
0.997458 0.052292 -0.048401 0.000000 -0.060517 0.980291 -0.188062 11.269900 0.037613 0.190513 0.980964 -0.000000 0.000000 0.000000 0.000000 1.000000
0.999668 0.021006 -0.014917 0.000000 -0.023286 0.984433 -0.174209 11.269900 0.011025 0.174498 0.984596 -0.000000 0.000000 0.000000 0.000000 1.000000
0.999721 -0.011286 0.020736 0.000000 0.014429 0.987287 -0.158289 11.269900 -0.018686 0.158544 0.987175 0.000000 0.000000 0.000000 0.000000 1.000000
0.997568 -0.040717 0.056576 0.000000 0.048553 0.988258 -0.144874 11.269900 -0.050013 0.147268 0.987831 -0.000000 0.000000 0.000000 0.000000 1.000000
0.993607 -0.064757 0.092473 0.000000 0.077263 0.987304 -0.138787 11.269900 -0.082312 0.145045 0.985995 0.000000 0.000000 0.000000 0.000000 1.000000
0.987637 -0.085195 0.131589 0.000000 0.103637 0.984664 -0.140345 11.269900 -0.117614 0.152248 0.981319 0.000000 0.000000 0.000000 0.000000 1.000000
0.979703 -0.104328 0.171167 0.000000 0.129473 0.981218 -0.142999 11.269900 -0.153034 0.162258 0.974809 0.000000 0.000000 0.000000 0.000000 1.000000
0.971952 -0.118456 0.203167 0.000000 0.149657 0.977932 -0.145781 11.269900 -0.181415 0.172098 0.968231 0.000000 0.000000 0.000000 0.000000 1.000000
0.969849 -0.118893 0.212737 0.000000 0.152803 0.976687 -0.150775 11.269900 -0.189852 0.178736 0.965407 0.000000 0.000000 0.000000 0.000000 1.000000
0.974850 -0.103947 0.197137 0.000000 0.136686 0.977529 -0.160483 11.269900 -0.176026 0.183392 0.967152 0.000000 0.000000 0.000000 0.000000 1.000000
0.981282 -0.086633 0.171988 -0.000000 0.116534 0.978148 -0.172183 11.269900 -0.153313 0.189003 0.969935 0.000000 0.000000 0.000000 0.000000 1.000000
0.988421 -0.065563 0.136839 0.000000 0.090295 0.978920 -0.183200 11.269900 -0.121943 0.193434 0.973506 0.000000 0.000000 0.000000 0.000000 1.000000
0.995054 -0.040277 0.090806 0.000000 0.057112 0.979886 -0.191209 11.269900 -0.081278 0.195450 0.977340 0.000000 0.000000 0.000000 0.000000 1.000000
0.999894 -0.002146 0.014381 0.000000 0.004836 0.981830 -0.189702 11.269900 -0.013712 0.189752 0.981736 0.000000 0.000000 0.000000 0.000000 1.000000
0.997417 0.035979 -0.062171 0.000000 -0.046718 0.982377 -0.180979 11.269900 0.054564 0.183416 0.981520 0.000000 0.000000 0.000000 0.000000 1.000000</float_array>
        <technique_common>
          <accessor source="#mixamorig_Spine1-Matrix-animation-output-transform-array" count="21" stride="16">
            <param type="float4x4"/>
          </accessor>
        </technique_common>
      </source>
      <source id="mixamorig_Spine1-Interpolations">
        <Name_array id="mixamorig_Spine1-Interpolations-array" count="21">
 LINEAR LINEAR LINEAR LINEAR LINEAR LINEAR LINEAR LINEAR LINEAR LINEAR LINEAR
LINEAR LINEAR LINEAR LINEAR LINEAR LINEAR LINEAR LINEAR LINEAR LINEAR</Name_array>
        <technique_common>
          <accessor source="#mixamorig_Spine1-Interpolations-array" count="21">
            <param type="name"/>
          </accessor>
        </technique_common>
      </source>
      <sampler id="mixamorig_Spine1-Matrix-animation-transform">
        <input semantic="INPUT" source="#mixamorig_Spine1-Matrix-animation-input"/>
        <input semantic="OUTPUT" source="#mixamorig_Spine1-Matrix-animation-output-transform"/>
        <input semantic="INTERPOLATION" source="#mixamorig_Spine1-Interpolations"/>
      </sampler>
      <channel source="#mixamorig_Spine1-Matrix-animation-transform" target="mixamorig_Spine1/matrix"/>
    </animation>
    <animation id="mixamorig_Spine2-anim" name="mixamorig_Spine2">
      <source id="mixamorig_Spine2-Matrix-animation-input">
        <float_array id="mixamorig_Spine2-Matrix-animation-input-array" count="21">

0.000000 0.033333 0.066667 0.100000 0.133333 0.166667 0.200000 0.233333 0.266667 0.300000 0.333333 0.366667 0.400000 0.433333 0.466667 0.500000
0.533333 0.566667 0.600000 0.633333 0.666667</float_array>
        <technique_common>
          <accessor source="#mixamorig_Spine2-Matrix-animation-input-array" count="21">
            <param name="TIME" type="float"/>
          </accessor>
        </technique_common>
      </source>
      <source id="mixamorig_Spine2-Matrix-animation-output-transform">
        <float_array id="mixamorig_Spine2-Matrix-animation-output-transform-array" count="336">

0.998157 0.020146 -0.057249 0.000000 -0.029566 0.985208 -0.168794 10.816000 0.053002 0.170176 0.983987 0.000000 0.000000 0.000000 0.000000 1.000000
0.992723 0.049196 -0.109916 0.000000 -0.066915 0.984215 -0.163842 10.816000 0.100121 0.170004 0.980344 0.000000 0.000000 0.000000 0.000000 1.000000
0.989110 0.076924 -0.125476 -0.000000 -0.096903 0.982052 -0.161817 10.816000 0.110776 0.172213 0.978811 0.000000 0.000000 0.000000 0.000000 1.000000
0.989835 0.087802 -0.111881 0.000000 -0.106085 0.979780 -0.169637 10.816000 0.094725 0.179781 0.979135 0.000000 0.000000 0.000000 0.000000 1.000000
0.991474 0.090069 -0.094161 0.000000 -0.105796 0.978289 -0.178207 10.816000 0.076066 0.186649 0.979477 0.000000 0.000000 0.000000 0.000000 1.000000
0.994049 0.078215 -0.075818 0.000000 -0.090683 0.979815 -0.178156 10.816000 0.060353 0.183971 0.981077 0.000000 0.000000 0.000000 0.000000 1.000000
0.997357 0.054288 -0.048280 0.000000 -0.061679 0.983884 -0.167832 10.816000 0.038391 0.170366 0.984633 0.000000 0.000000 0.000000 0.000000 1.000000
0.999531 0.025643 -0.016739 -0.000000 -0.027896 0.987943 -0.152281 10.816000 0.012632 0.152677 0.988195 0.000000 0.000000 0.000000 0.000000 1.000000
0.999846 -0.004093 0.017091 0.000000 0.006370 0.990778 -0.135343 10.816000 -0.016380 0.135431 0.990651 0.000000 0.000000 0.000000 0.000000 1.000000
0.998186 -0.031283 0.051434 -0.000000 0.037348 0.991883 -0.121542 10.816000 -0.047214 0.123242 0.991253 0.000000 0.000000 0.000000 0.000000 1.000000
0.994836 -0.053436 0.086288 -0.000000 0.063281 0.991265 -0.115709 10.816000 -0.079351 0.120572 0.989528 0.000000 0.000000 0.000000 0.000000 1.000000
0.989543 -0.072227 0.124855 0.000000 0.087147 0.989123 -0.118493 10.816000 -0.114939 0.128135 0.985074 0.000000 0.000000 0.000000 0.000000 1.000000
0.982342 -0.089858 0.164101 0.000000 0.110719 0.986244 -0.122738 10.816000 -0.150815 0.138740 0.978778 -0.000000 0.000000 0.000000 0.000000 1.000000
0.975089 -0.103548 0.196161 -0.000000 0.129883 0.983426 -0.126506 10.816000 -0.179810 0.148833 0.972377 0.000000 0.000000 0.000000 0.000000 1.000000
0.972594 -0.106564 0.206653 -0.000000 0.135259 0.982234 -0.130083 10.816000 -0.189119 0.154470 0.969728 -0.000000 0.000000 0.000000 0.000000 1.000000
0.976332 -0.097562 0.193022 -0.000000 0.125101 0.982773 -0.136042 10.816000 -0.176424 0.156969 0.971718 0.000000 0.000000 0.000000 0.000000 1.000000
0.981608 -0.086668 0.170103 0.000000 0.111844 0.983165 -0.144489 10.816000 -0.154717 0.160856 0.974776 -0.000000 0.000000 0.000000 0.000000 1.000000
0.987945 -0.071682 0.137207 -0.000000 0.092757 0.983714 -0.153958 10.816000 -0.123936 0.164829 0.978505 0.000000 0.000000 0.000000 0.000000 1.000000
0.994319 -0.051417 0.093200 0.000000 0.066199 0.984371 -0.163193 10.816000 -0.083353 0.168435 0.982182 0.000000 0.000000 0.000000 0.000000 1.000000
0.999714 -0.015638 0.018090 -0.000000 0.018479 0.985377 -0.169385 10.816000 -0.015176 0.169671 0.985384 0.000000 0.000000 0.000000 0.000000 1.000000
0.998157 0.020146 -0.057249 0.000000 -0.029566 0.985208 -0.168794 10.816000 0.053002 0.170176 0.983987 0.000000 0.000000 0.000000 0.000000 1.000000</float_array>
        <technique_common>
          <accessor source="#mixamorig_Spine2-Matrix-animation-output-transform-array" count="21" stride="16">
            <param type="float4x4"/>
          </accessor>
        </technique_common>
      </source>
      <source id="mixamorig_Spine2-Interpolations">
        <Name_array id="mixamorig_Spine2-Interpolations-array" count="21">
 LINEAR LINEAR LINEAR LINEAR LINEAR LINEAR LINEAR LINEAR LINEAR LINEAR LINEAR
LINEAR LINEAR LINEAR LINEAR LINEAR LINEAR LINEAR LINEAR LINEAR LINEAR</Name_array>
        <technique_common>
          <accessor source="#mixamorig_Spine2-Interpolations-array" count="21">
            <param type="name"/>
          </accessor>
        </technique_common>
      </source>
      <sampler id="mixamorig_Spine2-Matrix-animation-transform">
        <input semantic="INPUT" source="#mixamorig_Spine2-Matrix-animation-input"/>
        <input semantic="OUTPUT" source="#mixamorig_Spine2-Matrix-animation-output-transform"/>
        <input semantic="INTERPOLATION" source="#mixamorig_Spine2-Interpolations"/>
      </sampler>
      <channel source="#mixamorig_Spine2-Matrix-animation-transform" target="mixamorig_Spine2/matrix"/>
    </animation>
    <animation id="mixamorig_Neck-anim" name="mixamorig_Neck">
      <source id="mixamorig_Neck-Matrix-animation-input">
        <float_array id="mixamorig_Neck-Matrix-animation-input-array" count="21">

0.000000 0.033333 0.066667 0.100000 0.133333 0.166667 0.200000 0.233333 0.266667 0.300000 0.333333 0.366667 0.400000 0.433333 0.466667 0.500000
0.533333 0.566667 0.600000 0.633333 0.666667</float_array>
        <technique_common>
          <accessor source="#mixamorig_Neck-Matrix-animation-input-array" count="21">
            <param name="TIME" type="float"/>
          </accessor>
        </technique_common>
      </source>
      <source id="mixamorig_Neck-Matrix-animation-output-transform">
        <float_array id="mixamorig_Neck-Matrix-animation-output-transform-array" count="336">

0.989730 -0.090460 0.110690 0.000000 0.040684 0.920541 0.388521 28.836700 -0.137040 -0.380028 0.914767 -0.557200 0.000000 0.000000 0.000000 1.000000
0.992020 -0.120967 0.035541 -0.000000 0.098816 0.921046 0.376708 28.836700 -0.078304 -0.370190 0.925650 -0.557200 0.000000 0.000000 0.000000 1.000000
0.987210 -0.153609 -0.042676 0.000000 0.158686 0.921002 0.355772 28.836700 -0.015345 -0.357993 0.933598 -0.557200 0.000000 0.000000 0.000000 1.000000
0.979215 -0.174696 -0.103046 0.000000 0.199655 0.919697 0.338077 28.836700 0.035710 -0.351624 0.935460 -0.557200 0.000000 0.000000 0.000000 1.000000
0.977631 -0.168837 -0.125423 -0.000000 0.202474 0.916907 0.343927 28.836700 0.056934 -0.361629 0.930582 -0.557200 0.000000 0.000000 0.000000 1.000000
0.985620 -0.131331 -0.106331 0.000000 0.162339 0.910587 0.380103 28.836700 0.046905 -0.391898 0.918812 -0.557200 0.000000 0.000000 0.000000 1.000000
0.992205 -0.097261 -0.077911 0.000000 0.120784 0.904456 0.409109 28.836700 0.030676 -0.415330 0.909153 -0.557200 0.000000 0.000000 0.000000 1.000000
0.994669 -0.087471 -0.054607 0.000000 0.102310 0.903244 0.416752 28.836700 0.012869 -0.420117 0.907379 -0.557200 0.000000 0.000000 0.000000 1.000000
0.995772 -0.087274 -0.028659 0.000000 0.091280 0.905095 0.415296 28.836700 -0.010305 -0.416156 0.909235 -0.557200 0.000000 0.000000 0.000000 1.000000
0.996552 -0.082909 -0.003126 0.000000 0.076976 0.909861 0.407711 28.836700 -0.030959 -0.406546 0.913106 -0.557200 0.000000 0.000000 0.000000 1.000000
0.997965 -0.060515 0.020094 0.000000 0.047716 0.917789 0.394192 28.836700 -0.042296 -0.392431 0.918809 -0.557200 0.000000 0.000000 0.000000 1.000000
0.998881 -0.018857 0.043369 -0.000000 0.001525 0.929433 0.368987 28.836700 -0.047267 -0.368508 0.928422 -0.557200 0.000000 0.000000 0.000000 1.000000
0.997822 0.022610 0.061971 -0.000000 -0.042573 0.938318 0.343142 28.836700 -0.050390 -0.345033 0.937237 -0.557200 0.000000 0.000000 0.000000 1.000000
0.996543 0.045679 0.069389 0.000000 -0.066198 0.941284 0.331063 28.836700 -0.050192 -0.334512 0.941054 -0.557200 0.000000 0.000000 0.000000 1.000000
0.996489 0.054052 0.063932 0.000000 -0.072344 0.940274 0.332643 28.836700 -0.042133 -0.336100 0.940883 -0.557200 0.000000 0.000000 0.000000 1.000000
0.996931 0.049300 0.060810 0.000000 -0.067066 0.938535 0.338606 28.836700 -0.040379 -0.341645 0.938961 -0.557200 0.000000 0.000000 0.000000 1.000000
0.997256 0.031900 0.066800 0.000000 -0.053089 0.937076 0.345065 28.836700 -0.051589 -0.347665 0.936198 -0.557200 0.000000 0.000000 0.000000 1.000000
0.997065 0.005243 0.076374 0.000000 -0.032029 0.934707 0.353973 28.836700 -0.069531 -0.355380 0.932132 -0.557200 0.000000 0.000000 0.000000 1.000000
0.995768 -0.026699 0.087939 -0.000000 -0.007252 0.931061 0.364791 28.836700 -0.091616 -0.363885 0.926927 -0.557200 0.000000 0.000000 0.000000 1.000000
0.993191 -0.059930 0.099896 0.000000 0.017996 0.926160 0.376701 28.836700 -0.115096 -0.372338 0.920933 -0.557200 0.000000 0.000000 0.000000 1.000000
0.989730 -0.090460 0.110690 0.000000 0.040684 0.920541 0.388521 28.836700 -0.137040 -0.380028 0.914767 -0.557200 0.000000 0.000000 0.000000 1.000000</float_array>
        <technique_common>
          <accessor source="#mixamorig_Neck-Matrix-animation-output-transform-array" count="21" stride="16">
            <param type="float4x4"/>
          </accessor>
        </technique_common>
      </source>
      <source id="mixamorig_Neck-Interpolations">
        <Name_array id="mixamorig_Neck-Interpolations-array" count="21">
 LINEAR LINEAR LINEAR LINEAR LINEAR LINEAR LINEAR LINEAR LINEAR LINEAR LINEAR
LINEAR LINEAR LINEAR LINEAR LINEAR LINEAR LINEAR LINEAR LINEAR LINEAR</Name_array>
        <technique_common>
          <accessor source="#mixamorig_Neck-Interpolations-array" count="21">
            <param type="name"/>
          </accessor>
        </technique_common>
      </source>
      <sampler id="mixamorig_Neck-Matrix-animation-transform">
        <input semantic="INPUT" source="#mixamorig_Neck-Matrix-animation-input"/>
        <input semantic="OUTPUT" source="#mixamorig_Neck-Matrix-animation-output-transform"/>
        <input semantic="INTERPOLATION" source="#mixamorig_Neck-Interpolations"/>
      </sampler>
      <channel source="#mixamorig_Neck-Matrix-animation-transform" target="mixamorig_Neck/matrix"/>
    </animation>
    <animation id="mixamorig_Head-anim" name="mixamorig_Head">
      <source id="mixamorig_Head-Matrix-animation-input">
        <float_array id="mixamorig_Head-Matrix-animation-input-array" count="21">

0.000000 0.033333 0.066667 0.100000 0.133333 0.166667 0.200000 0.233333 0.266667 0.300000 0.333333 0.366667 0.400000 0.433333 0.466667 0.500000
0.533333 0.566667 0.600000 0.633333 0.666667</float_array>
        <technique_common>
          <accessor source="#mixamorig_Head-Matrix-animation-input-array" count="21">
            <param name="TIME" type="float"/>
          </accessor>
        </technique_common>
      </source>
      <source id="mixamorig_Head-Matrix-animation-output-transform">
        <float_array id="mixamorig_Head-Matrix-animation-output-transform-array" count="336">

0.942781 0.148016 -0.298755 0.000000 0.047043 0.828035 0.558699 9.283200 0.330076 -0.540786 0.773693 3.445700 0.000000 0.000000 0.000000 1.000000
0.949268 0.134545 -0.284233 -0.000000 0.049128 0.829304 0.556634 9.283200 0.310608 -0.542359 0.780621 3.445700 0.000000 0.000000 0.000000 1.000000
0.955797 0.121553 -0.267726 0.000000 0.049664 0.830723 0.554467 9.283200 0.289803 -0.543254 0.787965 3.445700 0.000000 0.000000 0.000000 1.000000
0.962978 0.099921 -0.250379 0.000000 0.056412 0.833519 0.549603 9.283200 0.263613 -0.543380 0.797024 3.445700 0.000000 0.000000 0.000000 1.000000
0.969477 0.060304 -0.237651 0.000000 0.080216 0.837923 0.539861 9.283200 0.231689 -0.542446 0.807510 3.445700 0.000000 0.000000 0.000000 1.000000
0.971127 0.001697 -0.238558 0.000000 0.126472 0.844227 0.520852 9.283200 0.202281 -0.535984 0.819636 3.445700 0.000000 0.000000 0.000000 1.000000
0.975858 -0.055679 -0.211192 0.000000 0.158044 0.847416 0.506862 9.283200 0.150745 -0.528002 0.835757 3.445700 0.000000 0.000000 0.000000 1.000000
0.986390 -0.113197 -0.119252 0.000000 0.158642 0.845827 0.509322 9.283200 0.043213 -0.521308 0.852273 3.445700 0.000000 0.000000 0.000000 1.000000
0.985119 -0.171657 0.008582 -0.000000 0.142029 0.841175 0.521779 9.283200 -0.096786 -0.512795 0.853038 3.445700 0.000000 0.000000 0.000000 1.000000
0.968919 -0.211351 0.128556 -0.000000 0.110435 0.834570 0.539720 9.283200 -0.221359 -0.508748 0.831971 3.445700 0.000000 0.000000 0.000000 1.000000
0.954867 -0.212911 0.207117 -0.000000 0.063112 0.826791 0.558957 9.283200 -0.290250 -0.520658 0.802913 3.445700 0.000000 0.000000 0.000000 1.000000
0.949151 -0.175133 0.261611 0.000000 -0.010907 0.812192 0.583288 9.283200 -0.314632 -0.556482 0.768983 3.445700 0.000000 0.000000 0.000000 1.000000
0.945480 -0.127109 0.299850 0.000000 -0.081954 0.798207 0.596782 9.283200 -0.315199 -0.588820 0.744272 3.445700 0.000000 0.000000 0.000000 1.000000
0.943643 -0.090505 0.318349 0.000000 -0.120079 0.802717 0.584146 9.283200 -0.308413 -0.589452 0.746611 3.445700 0.000000 0.000000 0.000000 1.000000
0.947910 -0.055745 0.313621 0.000000 -0.131613 0.828056 0.544978 9.283200 -0.290076 -0.557867 0.777586 3.445700 0.000000 0.000000 0.000000 1.000000
0.961905 -0.021766 0.272516 0.000000 -0.127103 0.846932 0.516285 9.283200 -0.242040 -0.531255 0.811902 3.445700 0.000000 0.000000 0.000000 1.000000
0.981706 0.011066 0.190080 0.000000 -0.109384 0.849905 0.515458 9.283200 -0.155846 -0.526820 0.835568 3.445700 0.000000 0.000000 0.000000 1.000000
0.995936 0.043917 0.078630 0.000000 -0.078869 0.846832 0.525981 9.283200 -0.043487 -0.530045 0.846854 3.445700 0.000000 0.000000 0.000000 1.000000
0.995753 0.077679 -0.049413 0.000000 -0.038748 0.840488 0.540443 9.283200 0.083512 -0.536233 0.839928 3.445700 0.000000 0.000000 0.000000 1.000000
0.977215 0.112590 -0.179931 0.000000 0.005728 0.833420 0.552611 9.283200 0.212176 -0.541050 0.813785 3.445700 0.000000 0.000000 0.000000 1.000000
0.942781 0.148016 -0.298755 0.000000 0.047044 0.828035 0.558700 9.283200 0.330076 -0.540786 0.773693 3.445700 0.000000 0.000000 0.000000 1.000000</float_array>
        <technique_common>
          <accessor source="#mixamorig_Head-Matrix-animation-output-transform-array" count="21" stride="16">
            <param type="float4x4"/>
          </accessor>
        </technique_common>
      </source>
      <source id="mixamorig_Head-Interpolations">
        <Name_array id="mixamorig_Head-Interpolations-array" count="21">
 LINEAR LINEAR LINEAR LINEAR LINEAR LINEAR LINEAR LINEAR LINEAR LINEAR LINEAR
LINEAR LINEAR LINEAR LINEAR LINEAR LINEAR LINEAR LINEAR LINEAR LINEAR</Name_array>
        <technique_common>
          <accessor source="#mixamorig_Head-Interpolations-array" count="21">
            <param type="name"/>
          </accessor>
        </technique_common>
      </source>
      <sampler id="mixamorig_Head-Matrix-animation-transform">
        <input semantic="INPUT" source="#mixamorig_Head-Matrix-animation-input"/>
        <input semantic="OUTPUT" source="#mixamorig_Head-Matrix-animation-output-transform"/>
        <input semantic="INTERPOLATION" source="#mixamorig_Head-Interpolations"/>
      </sampler>
      <channel source="#mixamorig_Head-Matrix-animation-transform" target="mixamorig_Head/matrix"/>
    </animation>
    <animation id="mixamorig_LeftShoulder-anim" name="mixamorig_LeftShoulder">
      <source id="mixamorig_LeftShoulder-Matrix-animation-input">
        <float_array id="mixamorig_LeftShoulder-Matrix-animation-input-array" count="21">

0.000000 0.033333 0.066667 0.100000 0.133333 0.166667 0.200000 0.233333 0.266667 0.300000 0.333333 0.366667 0.400000 0.433333 0.466667 0.500000
0.533333 0.566667 0.600000 0.633333 0.666667</float_array>
        <technique_common>
          <accessor source="#mixamorig_LeftShoulder-Matrix-animation-input-array" count="21">
            <param name="TIME" type="float"/>
          </accessor>
        </technique_common>
      </source>
      <source id="mixamorig_LeftShoulder-Matrix-animation-output-transform">
        <float_array id="mixamorig_LeftShoulder-Matrix-animation-output-transform-array" count="336">

0.196418 0.976129 -0.092698 7.967000 0.102622 -0.114485 -0.988110 25.785500 -0.975135 0.184569 -0.122659 -8.563600 0.000000 0.000000 0.000000 1.000000
0.395493 0.909670 -0.126832 7.967000 0.154920 -0.202182 -0.967017 25.785500 -0.905309 0.362800 -0.220888 -8.563600 0.000000 0.000000 0.000000 1.000000
0.532847 0.791500 -0.299334 7.967000 0.140010 -0.431322 -0.891268 25.785500 -0.834548 0.433000 -0.340647 -8.563600 0.000000 0.000000 0.000000 1.000000
0.477205 0.853838 -0.207933 7.967000 0.174628 -0.324028 -0.929791 25.785500 -0.861267 0.407390 -0.303732 -8.563600 0.000000 0.000000 0.000000 1.000000
0.376911 0.921152 -0.097043 7.967000 0.178631 -0.175092 -0.968212 25.785500 -0.908861 0.347595 -0.230540 -8.563600 0.000000 0.000000 0.000000 1.000000
0.255889 0.961067 -0.104266 7.967000 0.151631 -0.146425 -0.977532 25.785500 -0.954740 0.234329 -0.183196 -8.563600 0.000000 0.000000 0.000000 1.000000
0.131799 0.954269 -0.268329 7.967000 0.104824 -0.282590 -0.953496 25.785500 -0.985718 0.097542 -0.137275 -8.563600 0.000000 0.000000 0.000000 1.000000
0.010568 0.944648 -0.327916 7.967000 0.063460 -0.327907 -0.942576 25.785500 -0.997928 -0.010848 -0.063412 -8.563600 0.000000 0.000000 0.000000 1.000000
-0.098355 0.964347 -0.245684 7.967000 0.054850 -0.241252 -0.968911 25.785500 -0.993639 -0.108773 -0.029166 -8.563600 0.000000 0.000000 0.000000 1.000000
-0.165390 0.972378 -0.164706 7.967000 0.062739 -0.156294 -0.985716 25.785500 -0.984231 -0.173361 -0.035156 -8.563600 0.000000 0.000000 0.000000 1.000000
-0.141994 0.985812 -0.089511 7.967000 0.047622 -0.083520 -0.995368 25.785500 -0.988721 -0.145599 -0.035087 -8.563600 0.000000 0.000000 0.000000 1.000000
-0.010115 0.999146 -0.040071 7.967000 0.038141 -0.039658 -0.998485 25.785500 -0.999221 -0.011628 -0.037707 -8.563600 0.000000 0.000000 0.000000 1.000000
0.122254 0.990918 -0.055994 7.967000 0.070504 -0.064945 -0.995395 25.785500 -0.989991 0.117743 -0.077804 -8.563600 0.000000 0.000000 0.000000 1.000000
0.196417 0.976129 -0.092698 7.967000 0.102622 -0.114486 -0.988110 25.785500 -0.975135 0.184569 -0.122659 -8.563600 0.000000 0.000000 0.000000 1.000000
0.196417 0.976129 -0.092698 7.967000 0.102622 -0.114486 -0.988110 25.785500 -0.975135 0.184569 -0.122659 -8.563600 0.000000 0.000000 0.000000 1.000000
0.196418 0.976129 -0.092699 7.967000 0.102622 -0.114486 -0.988110 25.785500 -0.975135 0.184569 -0.122659 -8.563600 0.000000 0.000000 0.000000 1.000000
0.196417 0.976129 -0.092698 7.967000 0.102622 -0.114485 -0.988110 25.785500 -0.975135 0.184569 -0.122659 -8.563600 0.000000 0.000000 0.000000 1.000000
0.196418 0.976129 -0.092699 7.967000 0.102622 -0.114486 -0.988110 25.785500 -0.975135 0.184569 -0.122659 -8.563600 0.000000 0.000000 0.000000 1.000000
0.196418 0.976129 -0.092698 7.967000 0.102622 -0.114485 -0.988110 25.785500 -0.975135 0.184569 -0.122659 -8.563600 0.000000 0.000000 0.000000 1.000000
0.196417 0.976129 -0.092698 7.967000 0.102622 -0.114486 -0.988110 25.785500 -0.975135 0.184569 -0.122659 -8.563600 0.000000 0.000000 0.000000 1.000000
0.196417 0.976129 -0.092698 7.967000 0.102622 -0.114486 -0.988110 25.785500 -0.975135 0.184569 -0.122659 -8.563600 0.000000 0.000000 0.000000 1.000000</float_array>
        <technique_common>
          <accessor source="#mixamorig_LeftShoulder-Matrix-animation-output-transform-array" count="21" stride="16">
            <param type="float4x4"/>
          </accessor>
        </technique_common>
      </source>
      <source id="mixamorig_LeftShoulder-Interpolations">
        <Name_array id="mixamorig_LeftShoulder-Interpolations-array" count="21">
 LINEAR LINEAR LINEAR LINEAR LINEAR LINEAR LINEAR LINEAR LINEAR LINEAR LINEAR
LINEAR LINEAR LINEAR LINEAR LINEAR LINEAR LINEAR LINEAR LINEAR LINEAR</Name_array>
        <technique_common>
          <accessor source="#mixamorig_LeftShoulder-Interpolations-array" count="21">
            <param type="name"/>
          </accessor>
        </technique_common>
      </source>
      <sampler id="mixamorig_LeftShoulder-Matrix-animation-transform">
        <input semantic="INPUT" source="#mixamorig_LeftShoulder-Matrix-animation-input"/>
        <input semantic="OUTPUT" source="#mixamorig_LeftShoulder-Matrix-animation-output-transform"/>
        <input semantic="INTERPOLATION" source="#mixamorig_LeftShoulder-Interpolations"/>
      </sampler>
      <channel source="#mixamorig_LeftShoulder-Matrix-animation-transform" target="mixamorig_LeftShoulder/matrix"/>
    </animation>
    <animation id="mixamorig_LeftArm-anim" name="mixamorig_LeftArm">
      <source id="mixamorig_LeftArm-Matrix-animation-input">
        <float_array id="mixamorig_LeftArm-Matrix-animation-input-array" count="21">

0.000000 0.033333 0.066667 0.100000 0.133333 0.166667 0.200000 0.233333 0.266667 0.300000 0.333333 0.366667 0.400000 0.433333 0.466667 0.500000
0.533333 0.566667 0.600000 0.633333 0.666667</float_array>
        <technique_common>
          <accessor source="#mixamorig_LeftArm-Matrix-animation-input-array" count="21">
            <param name="TIME" type="float"/>
          </accessor>
        </technique_common>
      </source>
      <source id="mixamorig_LeftArm-Matrix-animation-output-transform">
        <float_array id="mixamorig_LeftArm-Matrix-animation-output-transform-array" count="336">

0.498638 -0.845235 -0.192191 0.000000 0.703875 0.524232 -0.479313 18.133801 0.505885 0.103725 0.856342 0.000000 0.000000 0.000000 0.000000 1.000000
0.704854 -0.654832 -0.272719 0.000000 0.533261 0.742683 -0.405036 18.133801 0.467774 0.140061 0.872680 0.000000 0.000000 0.000000 0.000000 1.000000
0.813873 -0.458586 -0.356804 0.000000 0.480846 0.876310 -0.029473 18.133801 0.326187 -0.147581 0.933714 0.000000 0.000000 0.000000 0.000000 1.000000
0.909928 -0.399282 -0.112276 0.000000 0.409776 0.907283 0.094454 18.133801 0.064152 -0.131955 0.989178 0.000000 0.000000 0.000000 0.000000 1.000000
0.958742 -0.283711 -0.017928 0.000000 0.282792 0.945400 0.162012 18.133801 -0.029015 -0.160398 0.986626 0.000000 0.000000 0.000000 0.000000 1.000000
0.981712 -0.154266 -0.111552 0.000000 0.170540 0.973053 0.155192 18.133801 0.084605 -0.171378 0.981566 -0.000000 0.000000 0.000000 0.000000 1.000000
0.928836 -0.085203 -0.360561 0.000000 0.136613 0.983384 0.119548 18.133801 0.344384 -0.160298 0.925043 0.000000 0.000000 0.000000 0.000000 1.000000
0.721083 -0.345362 -0.600637 0.000000 0.412755 0.910413 -0.027956 18.133801 0.556482 -0.227757 0.799033 0.000000 0.000000 0.000000 0.000000 1.000000
0.537722 -0.551613 -0.637635 0.000000 0.555014 0.800891 -0.224797 18.133801 0.634677 -0.233018 0.736809 0.000000 0.000000 0.000000 0.000000 1.000000
0.432701 -0.694651 -0.574655 0.000000 0.633877 0.687677 -0.353980 18.133801 0.641070 -0.211093 0.737882 0.000000 0.000000 0.000000 0.000000 1.000000
0.292602 -0.651095 -0.700329 0.000000 0.749898 0.610671 -0.254429 18.133801 0.593328 -0.450729 0.666938 -0.000000 0.000000 0.000000 0.000000 1.000000
0.230180 -0.531737 -0.815030 0.000000 0.863485 0.497839 -0.080932 18.133801 0.448788 -0.685137 0.573739 0.000000 0.000000 0.000000 0.000000 1.000000
0.415212 -0.681374 -0.602767 0.000000 0.705992 0.659215 -0.258866 18.133801 0.573737 -0.318065 0.754758 0.000000 0.000000 0.000000 0.000000 1.000000
0.524082 -0.698609 -0.487118 -0.000000 0.551919 0.714196 -0.430476 18.133801 0.648632 -0.043245 0.759872 0.000000 0.000000 0.000000 0.000000 1.000000
0.615415 -0.718419 -0.324250 0.000000 0.491403 0.671353 -0.554805 18.133801 0.616268 0.182098 0.766194 0.000000 0.000000 0.000000 0.000000 1.000000
0.666965 -0.713821 -0.213583 0.000000 0.473260 0.627262 -0.618520 18.133801 0.575486 0.311451 0.756184 0.000000 0.000000 0.000000 0.000000 1.000000
0.677263 -0.720682 -0.148094 0.000000 0.494417 0.594868 -0.633786 18.133801 0.544854 0.356019 0.759199 0.000000 0.000000 0.000000 0.000000 1.000000
