<?xml version="1.0" encoding="utf-8"?>
<COLLADA xmlns="http://www.collada.org/2005/11/COLLADASchema" version="1.4.1">
  <asset>
    <contributor>
      <author>Mixamo</author>
      <authoring_tool>COLLADA Mixamo exporter</authoring_tool>
      <comments/>
    </contributor>
    <created>2024-11-02T02:04:40Z</created>
    <modified>2024-11-02T02:04:40Z</modified>
    <revision/>
    <title/>
    <unit meter="0.010000"/>
    <up_axis>Y_UP</up_axis>
  </asset>
  <library_animations>
    <animation id="mixamorig_Hips-anim" name="mixamorig_Hips">
      <source id="mixamorig_Hips-Matrix-animation-input">
        <float_array id="mixamorig_Hips-Matrix-animation-input-array" count="96">

0.000000 0.033333 0.066667 0.100000 0.133333 0.166667 0.200000 0.233333 0.266667 0.300000 0.333333 0.366667 0.400000 0.433333 0.466667 0.500000
0.533333 0.566667 0.600000 0.633333 0.666667 0.700000 0.733333 0.766667 0.800000 0.833333 0.866667 0.900000 0.933333 0.966667 1.000000 1.033333
1.066667 1.100000 1.133333 1.166667 1.200000 1.233333 1.266667 1.300000 1.333333 1.366667 1.400000 1.433333 1.466667 1.500000 1.533333 1.566667
1.600000 1.633333 1.666667 1.700000 1.733333 1.766667 1.800000 1.833333 1.866667 1.900000 1.933333 1.966667 2.000000 2.033333 2.066667 2.100000
2.133333 2.166667 2.200000 2.233333 2.266667 2.300000 2.333333 2.366667 2.400000 2.433333 2.466667 2.500000 2.533333 2.566667 2.600000 2.633333
2.666667 2.700000 2.733333 2.766667 2.800000 2.833333 2.866667 2.900000 2.933333 2.966667 3.000000 3.033333 3.066667 3.100000 3.133333 3.166667</float_array>
        <technique_common>
          <accessor source="#mixamorig_Hips-Matrix-animation-input-array" count="96">
            <param name="TIME" type="float"/>
          </accessor>
        </technique_common>
      </source>
      <source id="mixamorig_Hips-Matrix-animation-output-transform">
        <float_array id="mixamorig_Hips-Matrix-animation-output-transform-array" count="1536">

0.999849 0.017402 0.000213 -0.029123 -0.017403 0.999839 0.004400 97.748306 -0.000136 -0.004403 0.999990 -1.079555 0.000000 0.000000 0.000000 1.000000
0.999814 0.019161 -0.002176 0.041721 -0.019162 0.999816 -0.000631 97.765358 0.002164 0.000672 0.999997 -1.119227 0.000000 0.000000 0.000000 1.000000
0.999771 0.020911 -0.004576 0.112233 -0.020937 0.999765 -0.005658 97.781677 0.004457 0.005752 0.999974 -1.158773 0.000000 0.000000 0.000000 1.000000
0.999684 0.023195 -0.009702 0.217985 -0.023298 0.999672 -0.010606 97.790833 0.009453 0.010829 0.999897 -1.203382 0.000000 0.000000 0.000000 1.000000
0.999334 0.027421 -0.024065 0.430161 -0.027817 0.999481 -0.016259 97.816406 0.023607 0.016917 0.999578 -1.255556 0.000000 0.000000 0.000000 1.000000
0.998159 0.034172 -0.050107 0.701752 -0.035557 0.999003 -0.027008 97.897926 0.049134 0.028740 0.998379 -1.283826 0.000000 0.000000 0.000000 1.000000
0.996200 0.037332 -0.078688 1.072792 -0.040290 0.998527 -0.036347 98.003151 0.077215 0.039379 0.996236 -1.353006 0.000000 0.000000 0.000000 1.000000
0.993884 0.038161 -0.103625 1.533619 -0.043135 0.998001 -0.046191 98.130562 0.101655 0.050379 0.993543 -1.327315 0.000000 0.000000 0.000000 1.000000
0.990687 0.039846 -0.130198 2.060413 -0.047792 0.997144 -0.058479 98.307587 0.127496 0.064157 0.989762 -1.257908 0.000000 0.000000 0.000000 1.000000
0.986726 0.039324 -0.157562 2.520720 -0.051175 0.996100 -0.071877 98.485809 0.154121 0.078986 0.984890 -1.157209 0.000000 0.000000 0.000000 1.000000
0.983042 0.035027 -0.180004 3.032668 -0.051421 0.994860 -0.087232 98.727921 0.176023 0.095009 0.979790 -1.023655 0.000000 0.000000 0.000000 1.000000
0.979860 0.030973 -0.197270 3.600611 -0.052915 0.992856 -0.106947 98.997627 0.192548 0.115232 0.974498 -0.829657 0.000000 0.000000 0.000000 1.000000
0.976591 0.029715 -0.213041 4.155060 -0.059146 0.989331 -0.133137 99.196686 0.206812 0.142621 0.967930 -0.545579 0.000000 0.000000 0.000000 1.000000
0.974245 0.028075 -0.223737 4.581621 -0.066182 0.984122 -0.164693 99.120728 0.215561 0.175259 0.960634 -0.234904 0.000000 0.000000 0.000000 1.000000
0.973127 0.027052 -0.228673 4.997983 -0.074059 0.977080 -0.199573 98.709518 0.218033 0.211145 0.952827 0.117068 0.000000 0.000000 0.000000 1.000000
0.970563 0.024875 -0.239560 5.487383 -0.084237 0.966891 -0.240886 97.815300 0.225637 0.253975 0.940524 0.577702 0.000000 0.000000 0.000000 1.000000
0.964273 0.028811 -0.263338 5.935562 -0.109735 0.948211 -0.298083 96.347420 0.241112 0.316331 0.917497 1.231070 0.000000 0.000000 0.000000 1.000000
0.956718 0.036859 -0.288672 6.368401 -0.144105 0.921797 -0.359895 94.271942 0.252832 0.385917 0.887211 1.961980 0.000000 0.000000 0.000000 1.000000
0.952595 0.029417 -0.302817 6.838998 -0.156058 0.901648 -0.403333 91.549332 0.261169 0.431470 0.863496 2.474821 0.000000 0.000000 0.000000 1.000000
0.953085 0.005491 -0.302653 7.171360 -0.143077 0.889269 -0.434430 88.123390 0.266754 0.457351 0.848335 3.131754 0.000000 0.000000 0.000000 1.000000
0.955045 -0.017552 -0.295941 7.310617 -0.127774 0.876400 -0.464324 84.162834 0.267512 0.481263 0.834759 3.866836 0.000000 0.000000 0.000000 1.000000
0.954057 -0.030828 -0.298036 7.370145 -0.122463 0.867697 -0.481773 79.867401 0.273457 0.496137 0.824056 4.604248 0.000000 0.000000 0.000000 1.000000
0.951573 -0.040462 -0.304749 7.416452 -0.120900 0.862170 -0.491981 75.513145 0.282652 0.505000 0.815526 5.350965 0.000000 0.000000 0.000000 1.000000
0.951872 -0.051308 -0.302171 7.461960 -0.116450 0.851417 -0.511399 71.431168 0.283512 0.521974 0.804465 6.214182 0.000000 0.000000 0.000000 1.000000
0.956221 -0.064835 -0.285373 7.391458 -0.100834 0.842441 -0.529269 67.711983 0.274724 0.534874 0.799022 7.066788 0.000000 0.000000 0.000000 1.000000
0.962863 -0.076673 -0.258874 7.171078 -0.077144 0.840726 -0.535937 64.590202 0.258734 0.536005 0.803589 7.819597 0.000000 0.000000 0.000000 1.000000
0.970171 -0.079124 -0.229146 6.939787 -0.058369 0.841185 -0.537588 62.513367 0.235290 0.534928 0.811474 8.608782 0.000000 0.000000 0.000000 1.000000
0.978131 -0.076143 -0.193551 6.580536 -0.043715 0.834533 -0.549221 61.804409 0.203344 0.545671 0.812954 9.574771 0.000000 0.000000 0.000000 1.000000
0.984700 -0.075942 -0.156840 5.982785 -0.030225 0.811966 -0.582922 62.476921 0.171617 0.578743 0.797248 10.754548 0.000000 0.000000 0.000000 1.000000
0.987933 -0.075993 -0.134960 5.331734 -0.023444 0.787954 -0.615288 64.117584 0.153100 0.611027 0.776663 11.930033 0.000000 0.000000 0.000000 1.000000
0.989622 -0.071855 -0.124437 4.814588 -0.018558 0.794829 -0.606549 66.133606 0.142490 0.602564 0.785247 12.715370 0.000000 0.000000 0.000000 1.000000
0.991437 -0.066182 -0.112570 4.375418 -0.004622 0.843729 -0.536749 68.114708 0.130502 0.532673 0.836199 12.434355 0.000000 0.000000 0.000000 1.000000
0.992600 -0.064522 -0.102865 4.072964 0.015953 0.909096 -0.416281 70.181641 0.120374 0.411560 0.903398 11.844111 0.000000 0.000000 0.000000 1.000000
0.992176 -0.059330 -0.109851 3.784868 0.024052 0.954222 -0.298132 72.466042 0.122511 0.293157 0.948182 11.287519 0.000000 0.000000 0.000000 1.000000
0.990225 -0.053743 -0.128712 3.255053 0.022891 0.972894 -0.230114 75.484779 0.137590 0.224919 0.964614 11.175587 0.000000 0.000000 0.000000 1.000000
0.987831 -0.048160 -0.147889 2.479029 0.016488 0.977921 -0.208325 80.090775 0.154657 0.203352 0.966814 11.456854 0.000000 0.000000 0.000000 1.000000
0.986741 -0.031730 -0.159174 1.813911 0.002165 0.983191 -0.182568 86.554062 0.162291 0.179803 0.970223 11.665267 0.000000 0.000000 0.000000 1.000000
0.987755 -0.021688 -0.154497 1.267813 0.002808 0.992601 -0.121389 95.814224 0.155987 0.119469 0.980508 11.533562 0.000000 0.000000 0.000000 1.000000
0.988714 -0.003110 -0.149781 1.008388 -0.006359 0.998012 -0.062697 106.632568 0.149678 0.062942 0.986729 11.442053 0.000000 0.000000 0.000000 1.000000
0.987997 0.050640 -0.145939 1.121324 -0.054814 0.998191 -0.024721 116.405083 0.144423 0.032424 0.988985 11.442944 0.000000 0.000000 0.000000 1.000000
0.987932 0.070279 -0.138025 0.969067 -0.065444 0.997083 0.039269 127.135422 0.140382 -0.029762 0.989650 11.115892 0.000000 0.000000 0.000000 1.000000
0.986340 0.073288 -0.147523 0.832696 -0.055285 0.990910 0.122643 136.581604 0.155171 -0.112811 0.981425 10.564475 0.000000 0.000000 0.000000 1.000000
0.983855 0.062126 -0.167840 0.748140 -0.034716 0.986252 0.161559 143.583313 0.175570 -0.153124 0.972486 10.265435 0.000000 0.000000 0.000000 1.000000
0.980774 0.042342 -0.190497 0.660920 -0.021080 0.993452 0.112286 148.490372 0.194004 -0.106111 0.975245 10.593817 0.000000 0.000000 0.000000 1.000000
0.977577 0.025819 -0.208991 0.552745 -0.013982 0.998223 0.057920 151.991364 0.210115 -0.053700 0.976201 10.999008 0.000000 0.000000 0.000000 1.000000
0.977062 0.041431 -0.208884 0.887691 -0.040828 0.999140 0.007198 154.779419 0.209003 0.001496 0.977914 11.437435 0.000000 0.000000 0.000000 1.000000
0.976997 0.055023 -0.206034 1.192306 -0.064935 0.997020 -0.041651 156.703033 0.203128 0.054072 0.977658 11.861036 0.000000 0.000000 0.000000 1.000000
0.977513 0.060650 -0.201964 0.947963 -0.079376 0.993133 -0.085948 158.141296 0.195364 0.100046 0.975614 12.338937 0.000000 0.000000 0.000000 1.000000
0.978443 0.064207 -0.196285 0.612490 -0.089296 0.988535 -0.121759 158.814667 0.186216 0.136661 0.972958 12.694271 0.000000 0.000000 0.000000 1.000000
0.979368 0.067652 -0.190424 0.453212 -0.096240 0.984721 -0.145131 158.318298 0.177696 0.160463 0.970915 12.833389 0.000000 0.000000 0.000000 1.000000
0.980015 0.072583 -0.185210 0.474894 -0.098523 0.985944 -0.134933 156.225098 0.172813 0.150483 0.973391 12.553407 0.000000 0.000000 0.000000 1.000000
0.980046 0.077004 -0.183250 0.574529 -0.100234 0.987569 -0.121077 152.602982 0.171648 0.137029 0.975582 12.097685 0.000000 0.000000 0.000000 1.000000
0.979461 0.081382 -0.184481 0.545126 -0.101178 0.989774 -0.100555 148.392456 0.174411 0.117155 0.977679 11.542705 0.000000 0.000000 0.000000 1.000000
0.978919 0.086664 -0.184950 0.384072 -0.102668 0.991592 -0.078767 142.995819 0.176569 0.096095 0.979586 11.063150 0.000000 0.000000 0.000000 1.000000
0.981191 0.088646 -0.171483 0.184559 -0.098139 0.994030 -0.047683 135.572784 0.166232 0.063615 0.984033 10.557597 0.000000 0.000000 0.000000 1.000000
0.990342 0.069793 -0.119795 -0.504283 -0.069322 0.997561 0.008096 126.150589 0.120068 0.000287 0.992766 9.829451 0.000000 0.000000 0.000000 1.000000
0.997857 0.062116 -0.020590 -0.762942 -0.059878 0.993612 0.095654 109.367157 0.026400 -0.094216 0.995202 8.615829 0.000000 0.000000 0.000000 1.000000
0.996846 0.061529 0.050125 -0.787633 -0.067987 0.987896 0.139426 93.402161 -0.040940 -0.142394 0.988963 7.723166 0.000000 0.000000 0.000000 1.000000
0.998688 0.025176 0.044600 -1.032738 -0.030799 0.991001 0.130265 80.651512 -0.040919 -0.131467 0.990476 7.323459 0.000000 0.000000 0.000000 1.000000
0.999951 -0.005398 0.008300 -1.218319 0.004400 0.993254 0.115877 73.761047 -0.008870 -0.115834 0.993229 7.135849 0.000000 0.000000 0.000000 1.000000
0.999725 -0.023429 0.000184 -1.281657 0.023282 0.994255 0.104472 68.759163 -0.002630 -0.104439 0.994528 6.921538 0.000000 0.000000 0.000000 1.000000
0.999662 -0.025956 -0.001657 -1.149025 0.026000 0.995595 0.090085 65.957901 -0.000689 -0.090098 0.995933 6.734582 0.000000 0.000000 0.000000 1.000000
0.999735 -0.019274 -0.012594 -0.871587 0.020050 0.997702 0.064721 64.728004 0.011317 -0.064956 0.997824 6.641198 0.000000 0.000000 0.000000 1.000000
0.999623 -0.018174 -0.020564 -0.610352 0.019123 0.998714 0.046957 64.404495 0.019684 -0.047332 0.998685 6.485789 0.000000 0.000000 0.000000 1.000000
0.999086 -0.027321 -0.032884 -0.415606 0.028767 0.998602 0.044342 64.364197 0.031626 -0.045247 0.998475 6.027961 0.000000 0.000000 0.000000 1.000000
0.997872 -0.037461 -0.053368 -0.192105 0.039477 0.998527 0.037233 64.037346 0.051895 -0.039261 0.997881 5.608975 0.000000 0.000000 0.000000 1.000000
0.996001 -0.052630 -0.072199 0.025118 0.054591 0.998184 0.025472 64.415359 0.070727 -0.029312 0.997065 5.218112 0.000000 0.000000 0.000000 1.000000
0.994192 -0.070309 -0.081481 0.267543 0.071837 0.997288 0.015975 65.248848 0.080137 -0.021736 0.996547 4.799893 0.000000 0.000000 0.000000 1.000000
0.993299 -0.082871 -0.080559 0.853649 0.083400 0.996511 0.003224 66.500931 0.080011 -0.009921 0.996745 4.408369 0.000000 0.000000 0.000000 1.000000
0.993591 -0.087510 -0.071543 1.283737 0.086321 0.996076 -0.019549 68.127449 0.072973 0.013248 0.997246 4.109236 0.000000 0.000000 0.000000 1.000000
0.994705 -0.085015 -0.057744 1.486535 0.082062 0.995284 -0.051730 70.062447 0.061869 0.046717 0.996990 3.898186 0.000000 0.000000 0.000000 1.000000
0.995615 -0.083034 -0.043075 1.428944 0.079054 0.993061 -0.087064 72.232025 0.050005 0.083277 0.995271 3.717483 0.000000 0.000000 0.000000 1.000000
0.995847 -0.085928 -0.030073 1.091354 0.081902 0.989847 -0.116168 74.568413 0.039750 0.113222 0.992774 3.485907 0.000000 0.000000 0.000000 1.000000
0.995879 -0.088731 -0.018756 0.670255 0.085424 0.987213 -0.134588 77.017624 0.030458 0.132431 0.990724 3.168670 0.000000 0.000000 0.000000 1.000000
0.996357 -0.084781 -0.009160 0.238456 0.082722 0.987023 -0.137635 79.527748 0.020710 0.136376 0.990441 2.727819 0.000000 0.000000 0.000000 1.000000
0.996850 -0.079238 -0.003258 -0.155436 0.078097 0.987978 -0.133419 82.041824 0.013791 0.132744 0.991054 2.232620 0.000000 0.000000 0.000000 1.000000
0.997305 -0.073365 0.000536 -0.512247 0.072887 0.989912 -0.121502 84.497581 0.008383 0.121214 0.992591 1.682801 0.000000 0.000000 0.000000 1.000000
0.997786 -0.066385 0.003999 -0.830664 0.066440 0.992314 -0.104394 86.833595 0.002962 0.104428 0.994528 1.103860 0.000000 0.000000 0.000000 1.000000
0.998330 -0.057351 0.006920 -0.931899 0.057736 0.994500 -0.087385 88.989914 -0.001870 0.087639 0.996151 0.543967 0.000000 0.000000 0.000000 1.000000
0.998788 -0.048558 0.008089 -0.932016 0.049022 0.996094 -0.073444 90.907211 -0.004491 0.073751 0.997267 0.030540 0.000000 0.000000 0.000000 1.000000
0.998950 -0.045279 0.006908 -0.947004 0.045637 0.996775 -0.066002 92.459076 -0.003897 0.066248 0.997796 -0.402012 0.000000 0.000000 0.000000 1.000000
0.998957 -0.045057 0.007404 -0.979454 0.045434 0.996992 -0.062797 93.698639 -0.004552 0.063068 0.997999 -0.772635 0.000000 0.000000 0.000000 1.000000
0.999018 -0.042631 0.012104 -0.969143 0.043186 0.997815 -0.050009 94.839066 -0.009946 0.050482 0.998675 -1.012534 0.000000 0.000000 0.000000 1.000000
0.999135 -0.037487 0.017993 -0.915673 0.038105 0.998649 -0.035320 95.747070 -0.016645 0.035975 0.999214 -1.201474 0.000000 0.000000 0.000000 1.000000
0.999232 -0.031976 0.022641 -0.868845 0.032537 0.999162 -0.024819 96.461075 -0.021829 0.025536 0.999436 -1.301546 0.000000 0.000000 0.000000 1.000000
0.999315 -0.026260 0.026089 -0.796389 0.026706 0.999501 -0.016883 96.995926 -0.025632 0.017568 0.999517 -1.339868 0.000000 0.000000 0.000000 1.000000
0.999411 -0.021007 0.027124 -0.702149 0.021317 0.999710 -0.011171 97.311722 -0.026881 0.011743 0.999570 -1.331991 0.000000 0.000000 0.000000 1.000000
0.999555 -0.015595 0.025439 -0.588307 0.015788 0.999848 -0.007400 97.774551 -0.025320 0.007798 0.999649 -1.297360 0.000000 0.000000 0.000000 1.000000
0.999697 -0.009868 0.022558 -0.455409 0.009967 0.999941 -0.004268 97.929535 -0.022515 0.004492 0.999736 -1.254872 0.000000 0.000000 0.000000 1.000000
0.999814 -0.004100 0.018857 -0.339016 0.004133 0.999990 -0.001713 97.916855 -0.018850 0.001790 0.999821 -1.219318 0.000000 0.000000 0.000000 1.000000
0.999880 0.000232 0.015486 -0.267431 -0.000229 1.000000 -0.000219 97.886345 -0.015486 0.000215 0.999880 -1.193148 0.000000 0.000000 0.000000 1.000000
0.999916 0.004025 0.012303 -0.210241 -0.004037 0.999991 0.000926 97.857674 -0.012299 -0.000976 0.999924 -1.169124 0.000000 0.000000 0.000000 1.000000
0.999929 0.007459 0.009246 -0.162659 -0.007476 0.999970 0.001841 97.830200 -0.009231 -0.001910 0.999956 -1.146517 0.000000 0.000000 0.000000 1.000000
0.999923 0.010713 0.006251 -0.119860 -0.010730 0.999939 0.002645 97.803307 -0.006223 -0.002712 0.999977 -1.124582 0.000000 0.000000 0.000000 1.000000
0.999897 0.013969 0.003261 -0.077070 -0.013980 0.999896 0.003457 97.776352 -0.003212 -0.003502 0.999989 -1.102567 0.000000 0.000000 0.000000 1.000000
0.999848 0.017408 0.000214 -0.029459 -0.017409 0.999839 0.004400 97.748634 -0.000138 -0.004403 0.999990 -1.079698 0.000000 0.000000 0.000000 1.000000</float_array>
        <technique_common>
          <accessor source="#mixamorig_Hips-Matrix-animation-output-transform-array" count="96" stride="16">
            <param type="float4x4"/>
          </accessor>
        </technique_common>
      </source>
      <source id="mixamorig_Hips-Interpolations">
        <Name_array id="mixamorig_Hips-Interpolations-array" count="96">
 LINEAR LINEAR LINEAR LINEAR LINEAR LINEAR LINEAR LINEAR LINEAR LINEAR LINEAR
LINEAR LINEAR LINEAR LINEAR LINEAR LINEAR LINEAR LINEAR LINEAR LINEAR LINEAR LINEAR
LINEAR LINEAR LINEAR LINEAR LINEAR LINEAR LINEAR LINEAR LINEAR LINEAR LINEAR LINEAR
LINEAR LINEAR LINEAR LINEAR LINEAR LINEAR LINEAR LINEAR LINEAR LINEAR LINEAR LINEAR
LINEAR LINEAR LINEAR LINEAR LINEAR LINEAR LINEAR LINEAR LINEAR LINEAR LINEAR LINEAR
LINEAR LINEAR LINEAR LINEAR LINEAR LINEAR LINEAR LINEAR LINEAR LINEAR LINEAR LINEAR
LINEAR LINEAR LINEAR LINEAR LINEAR LINEAR LINEAR LINEAR LINEAR LINEAR LINEAR LINEAR
LINEAR LINEAR LINEAR LINEAR LINEAR LINEAR LINEAR LINEAR LINEAR LINEAR LINEAR LINEAR
LINEAR</Name_array>
        <technique_common>
          <accessor source="#mixamorig_Hips-Interpolations-array" count="96">
            <param type="name"/>
          </accessor>
        </technique_common>
      </source>
      <sampler id="mixamorig_Hips-Matrix-animation-transform">
        <input semantic="INPUT" source="#mixamorig_Hips-Matrix-animation-input"/>
        <input semantic="OUTPUT" source="#mixamorig_Hips-Matrix-animation-output-transform"/>
        <input semantic="INTERPOLATION" source="#mixamorig_Hips-Interpolations"/>
      </sampler>
      <channel source="#mixamorig_Hips-Matrix-animation-transform" target="mixamorig_Hips/matrix"/>
    </animation>
    <animation id="mixamorig_Spine-anim" name="mixamorig_Spine">
      <source id="mixamorig_Spine-Matrix-animation-input">
        <float_array id="mixamorig_Spine-Matrix-animation-input-array" count="96">

0.000000 0.033333 0.066667 0.100000 0.133333 0.166667 0.200000 0.233333 0.266667 0.300000 0.333333 0.366667 0.400000 0.433333 0.466667 0.500000
0.533333 0.566667 0.600000 0.633333 0.666667 0.700000 0.733333 0.766667 0.800000 0.833333 0.866667 0.900000 0.933333 0.966667 1.000000 1.033333
1.066667 1.100000 1.133333 1.166667 1.200000 1.233333 1.266667 1.300000 1.333333 1.366667 1.400000 1.433333 1.466667 1.500000 1.533333 1.566667
1.600000 1.633333 1.666667 1.700000 1.733333 1.766667 1.800000 1.833333 1.866667 1.900000 1.933333 1.966667 2.000000 2.033333 2.066667 2.100000
2.133333 2.166667 2.200000 2.233333 2.266667 2.300000 2.333333 2.366667 2.400000 2.433333 2.466667 2.500000 2.533333 2.566667 2.600000 2.633333
2.666667 2.700000 2.733333 2.766667 2.800000 2.833333 2.866667 2.900000 2.933333 2.966667 3.000000 3.033333 3.066667 3.100000 3.133333 3.166667</float_array>
        <technique_common>
          <accessor source="#mixamorig_Spine-Matrix-animation-input-array" count="96">
            <param name="TIME" type="float"/>
          </accessor>
        </technique_common>
      </source>
      <source id="mixamorig_Spine-Matrix-animation-output-transform">
        <float_array id="mixamorig_Spine-Matrix-animation-output-transform-array" count="1536">

0.999979 -0.005120 0.003863 0.000000 0.006028 0.956045 -0.293159 11.006600 -0.002192 0.293176 0.956056 0.107900 0.000000 0.000000 0.000000 1.000000
0.999979 -0.005524 -0.003390 0.000000 0.004261 0.954436 -0.298385 11.006600 0.004883 0.298364 0.954440 0.107900 0.000000 0.000000 0.000000 1.000000
0.999926 -0.005928 -0.010636 0.000000 0.002420 0.952799 -0.303593 11.006600 0.011934 0.303545 0.952742 0.107900 0.000000 0.000000 0.000000 1.000000
0.999819 -0.007403 -0.017509 0.000000 0.001606 0.950651 -0.310258 11.006600 0.018942 0.310173 0.950491 0.107900 0.000000 0.000000 0.000000 1.000000
0.999717 -0.010957 -0.021094 0.000000 0.003608 0.947084 -0.320966 11.006600 0.023495 0.320799 0.946856 0.107900 0.000000 0.000000 0.000000 1.000000
0.999830 -0.012417 -0.013607 -0.000000 0.007167 0.942661 -0.333675 11.006600 0.016970 0.333521 0.942590 0.107900 0.000000 0.000000 0.000000 1.000000
0.999927 -0.009743 -0.007163 -0.000000 0.006696 0.939325 -0.342963 11.006600 0.010070 0.342890 0.939322 0.107900 0.000000 0.000000 0.000000 1.000000
0.999966 -0.005940 -0.005727 0.000000 0.003534 0.935502 -0.353305 11.006600 0.007457 0.353272 0.935491 0.107900 0.000000 0.000000 0.000000 1.000000
0.999991 -0.001967 -0.003658 -0.000000 0.000495 0.930934 -0.365187 11.006600 0.004123 0.365182 0.930927 0.107900 0.000000 0.000000 0.000000 1.000000
0.999995 0.002053 -0.002416 0.000000 -0.002816 0.925221 -0.379419 11.006600 0.001457 0.379423 0.925222 0.107900 0.000000 0.000000 0.000000 1.000000
0.999971 0.005839 -0.004888 -0.000000 -0.007295 0.918621 -0.395072 11.006600 0.002183 0.395096 0.918637 0.107900 0.000000 0.000000 0.000000 1.000000
0.999917 0.008806 -0.009425 0.000000 -0.011897 0.911981 -0.410059 11.006600 0.004985 0.410137 0.912010 0.107900 0.000000 0.000000 0.000000 1.000000
0.999877 0.008257 -0.013322 0.000000 -0.013132 0.905368 -0.424425 11.006600 0.008557 0.424548 0.905365 0.107900 0.000000 0.000000 0.000000 1.000000
0.999765 0.004905 -0.021124 0.000000 -0.013697 0.898031 -0.439720 11.006600 0.016813 0.439906 0.897887 0.107900 0.000000 0.000000 0.000000 1.000000
0.999506 0.000279 -0.031440 0.000000 -0.014545 0.890631 -0.454495 11.006600 0.027875 0.454728 0.890194 0.107900 0.000000 0.000000 0.000000 1.000000
0.999431 -0.003790 -0.033512 0.000000 -0.012214 0.885530 -0.464422 11.006600 0.031436 0.464567 0.884980 0.107900 0.000000 0.000000 0.000000 1.000000
0.999794 -0.009090 -0.018153 0.000000 -0.000553 0.881615 -0.471970 11.006600 0.020294 0.471882 0.881428 0.107900 0.000000 0.000000 0.000000 1.000000
0.999887 -0.014655 0.003331 0.000000 0.014426 0.873779 -0.486108 11.006600 0.004213 0.486101 0.873892 0.107900 0.000000 0.000000 0.000000 1.000000
0.999827 -0.015735 0.009907 0.000000 0.018582 0.864629 -0.502066 11.006600 -0.000666 0.502164 0.864772 0.107900 0.000000 0.000000 0.000000 1.000000
0.999924 -0.012275 0.000777 0.000000 0.011016 0.865697 -0.500447 11.006600 0.005470 0.500417 0.865767 0.107900 0.000000 0.000000 0.000000 1.000000
0.999937 -0.007601 -0.008237 0.000000 0.002668 0.875190 -0.483772 11.006600 0.010886 0.483720 0.875155 0.107900 0.000000 0.000000 0.000000 1.000000
0.999991 -0.000913 -0.004165 0.000000 -0.001200 0.877107 -0.480293 11.006600 0.004092 0.480293 0.877098 0.107900 0.000000 0.000000 0.000000 1.000000
0.999959 0.005930 0.006897 -0.000000 -0.001754 0.869771 -0.493452 11.006600 -0.008925 0.493419 0.869746 0.107900 0.000000 0.000000 0.000000 1.000000
0.999866 0.007144 0.014706 -0.000000 0.001087 0.868428 -0.495814 11.006600 -0.016313 0.495764 0.868304 0.107900 0.000000 0.000000 0.000000 1.000000
0.999900 0.000914 0.014083 0.000000 0.005952 0.877525 -0.479494 11.006600 -0.012796 0.479530 0.877432 0.107900 0.000000 0.000000 0.000000 1.000000
0.999915 -0.011719 0.005633 -0.000000 0.012996 0.886560 -0.462431 11.006600 0.000425 0.462465 0.886638 0.107900 0.000000 0.000000 0.000000 1.000000
0.999484 -0.031828 -0.004418 -0.000000 0.026444 0.892835 -0.449608 11.006600 0.018255 0.449259 0.893215 0.107900 0.000000 0.000000 0.000000 1.000000
0.998114 -0.059140 -0.016445 0.000000 0.046713 0.905596 -0.421560 11.006600 0.039823 0.419997 0.906651 0.107900 0.000000 0.000000 0.000000 1.000000
0.995834 -0.087136 -0.026874 0.000000 0.071435 0.928656 -0.363998 11.006600 0.056674 0.360562 0.931012 0.107900 0.000000 0.000000 0.000000 1.000000
0.994010 -0.106322 -0.025298 0.000000 0.094452 0.952178 -0.290580 11.006600 0.054983 0.286450 0.956516 0.107900 0.000000 0.000000 0.000000 1.000000
0.993668 -0.110423 -0.020749 0.000000 0.102451 0.966301 -0.236150 11.006600 0.046126 0.232529 0.971495 0.107900 0.000000 0.000000 0.000000 1.000000
0.994857 -0.097752 -0.026528 0.000000 0.089185 0.969555 -0.228057 11.006600 0.048014 0.224518 0.973286 0.107900 0.000000 0.000000 0.000000 1.000000
0.996637 -0.073751 -0.035718 0.000000 0.062191 0.964576 -0.256370 11.006600 0.053360 0.253286 0.965919 0.107900 0.000000 0.000000 0.000000 1.000000
0.998349 -0.050095 -0.028111 0.000000 0.040405 0.960243 -0.276226 11.006600 0.040831 0.274634 0.960681 0.107900 0.000000 0.000000 0.000000 1.000000
0.999453 -0.033042 -0.000994 0.000000 0.031704 0.966645 -0.254151 11.006600 0.009358 0.253980 0.967164 0.107900 0.000000 0.000000 0.000000 1.000000
0.999440 -0.013979 0.030413 0.000000 0.020397 0.974777 -0.222246 11.006600 -0.026539 0.222742 0.974516 0.107900 0.000000 0.000000 0.000000 1.000000
0.998709 0.001863 0.050769 -0.000000 0.007898 0.981485 -0.191376 11.006600 -0.050186 0.191530 0.980203 0.107900 0.000000 0.000000 0.000000 1.000000
0.998897 0.006416 0.046513 0.000000 0.001309 0.986431 -0.164172 11.006600 -0.046935 0.164052 0.985335 0.107900 0.000000 0.000000 0.000000 1.000000
0.999156 -0.017642 0.037105 -0.000000 0.022888 0.989004 -0.146110 11.006600 -0.034119 0.146836 0.988572 0.107900 0.000000 0.000000 0.000000 1.000000
0.995759 -0.085540 0.033880 -0.000000 0.089629 0.985028 -0.147264 11.006600 -0.020776 0.149676 0.988517 0.107900 0.000000 0.000000 0.000000 1.000000
0.995510 -0.090837 0.026634 -0.000000 0.094401 0.973527 -0.208169 11.006600 -0.007020 0.209749 0.977730 0.107900 0.000000 0.000000 0.000000 1.000000
0.998131 -0.049620 0.035668 0.000000 0.058583 0.943050 -0.327452 11.006600 -0.017389 0.328929 0.944195 0.107900 0.000000 0.000000 0.000000 1.000000
0.998908 -0.006383 0.046287 0.000000 0.025470 0.904891 -0.424881 11.006600 -0.039172 0.425596 0.904065 0.107900 0.000000 0.000000 0.000000 1.000000
0.998549 0.007672 0.053295 0.000000 0.017266 0.891900 -0.451903 11.006600 -0.051001 0.452167 0.890474 0.107900 0.000000 0.000000 0.000000 1.000000
0.998167 0.010547 0.059597 0.000000 0.019555 0.875682 -0.482492 11.006600 -0.057277 0.482773 0.873870 0.107900 0.000000 0.000000 0.000000 1.000000
0.997412 -0.013083 0.070693 0.000000 0.047766 0.855488 -0.515615 11.006600 -0.053732 0.517657 0.853899 0.107900 0.000000 0.000000 0.000000 1.000000
0.996271 -0.028753 0.081341 0.000000 0.067998 0.841975 -0.535214 11.006600 -0.053098 0.538750 0.840791 0.107900 0.000000 0.000000 0.000000 1.000000
0.995507 -0.032651 0.088877 0.000000 0.076262 0.832834 -0.548245 11.006600 -0.056119 0.552559 0.831582 0.107900 0.000000 0.000000 0.000000 1.000000
0.994876 -0.032266 0.095819 0.000000 0.080268 0.828312 -0.554488 11.006600 -0.061477 0.559338 0.826657 0.107900 0.000000 0.000000 0.000000 1.000000
0.993955 -0.030463 0.105481 0.000000 0.084025 0.829442 -0.552237 11.006600 -0.070667 0.557761 0.826988 0.107900 0.000000 0.000000 0.000000 1.000000
0.993306 -0.024478 0.112889 0.000000 0.084350 0.821396 -0.564087 11.006600 -0.078919 0.569833 0.817962 0.107900 0.000000 0.000000 0.000000 1.000000
0.992386 -0.019007 0.121695 0.000000 0.083541 0.829892 -0.551634 11.006600 -0.090509 0.557600 0.825161 0.107900 0.000000 0.000000 0.000000 1.000000
0.990586 -0.011755 0.136386 0.000000 0.081375 0.851726 -0.517630 11.006600 -0.110079 0.523855 0.844665 0.107900 0.000000 0.000000 0.000000 1.000000
0.988461 -0.005378 0.151383 0.000000 0.076550 0.880105 -0.468568 11.006600 -0.130713 0.474749 0.870361 0.107900 0.000000 0.000000 0.000000 1.000000
0.988995 -0.000767 0.147949 0.000000 0.064501 0.902190 -0.426489 11.006600 -0.133151 0.431338 0.892311 0.107900 0.000000 0.000000 0.000000 1.000000
0.994980 0.010576 0.099512 0.000000 0.032052 0.908337 -0.417010 11.006600 -0.094801 0.418106 0.903438 0.107900 0.000000 0.000000 0.000000 1.000000
0.998693 0.049831 0.011377 0.000000 -0.039187 0.889377 -0.455493 11.006600 -0.032816 0.454452 0.890167 0.107900 0.000000 0.000000 0.000000 1.000000
0.995069 0.089010 -0.043759 -0.000000 -0.098747 0.847610 -0.521350 11.006600 -0.009314 0.523100 0.852220 0.107900 0.000000 0.000000 0.000000 1.000000
0.992972 0.110559 -0.042228 0.000000 -0.115035 0.817792 -0.563900 11.006600 -0.027811 0.564795 0.824763 0.107900 0.000000 0.000000 0.000000 1.000000
0.991506 0.126664 -0.029540 0.000000 -0.119453 0.796981 -0.592075 11.006600 -0.051452 0.590574 0.805342 0.107900 0.000000 0.000000 0.000000 1.000000
0.989013 0.143263 -0.036448 0.000000 -0.134558 0.770351 -0.623260 11.006600 -0.061212 0.621317 0.781165 0.107900 0.000000 0.000000 0.000000 1.000000
0.988225 0.148212 -0.038018 -0.000000 -0.139153 0.767224 -0.626102 11.006600 -0.063628 0.624020 0.778814 0.107900 0.000000 0.000000 0.000000 1.000000
0.989827 0.139318 -0.028855 0.000000 -0.126905 0.772860 -0.621757 11.006600 -0.064321 0.619094 0.782678 0.107900 0.000000 0.000000 0.000000 1.000000
0.992894 0.116655 -0.023523 0.000000 -0.105250 0.768573 -0.631045 11.006600 -0.055535 0.629037 0.775389 0.107900 0.000000 0.000000 0.000000 1.000000
0.995840 0.088978 -0.019647 0.000000 -0.080265 0.754499 -0.651375 11.006600 -0.043134 0.650242 0.758502 0.107900 0.000000 0.000000 0.000000 1.000000
0.997660 0.067359 -0.011686 0.000000 -0.058085 0.745015 -0.664514 11.006600 -0.036054 0.663638 0.747185 0.107900 0.000000 0.000000 0.000000 1.000000
0.998473 0.054724 -0.007598 0.000000 -0.045908 0.745242 -0.665212 11.006600 -0.030741 0.664544 0.746616 0.107900 0.000000 0.000000 0.000000 1.000000
0.999250 0.037536 -0.009466 0.000000 -0.034348 0.746941 -0.664002 11.006600 -0.017854 0.663830 0.747671 0.107900 0.000000 0.000000 0.000000 1.000000
0.999913 0.006483 -0.011512 0.000000 -0.012493 0.747416 -0.664239 11.006600 0.004298 0.664325 0.747432 0.107900 0.000000 0.000000 0.000000 1.000000
0.999358 -0.034512 -0.009669 -0.000000 0.019631 0.752775 -0.657985 11.006600 0.029987 0.657373 0.752969 0.107900 0.000000 0.000000 0.000000 1.000000
0.997267 -0.073745 -0.004436 0.000000 0.053893 0.767252 -0.639077 11.006600 0.050533 0.637092 0.769130 0.107900 0.000000 0.000000 0.000000 1.000000
0.995218 -0.097664 -0.001551 0.000000 0.076303 0.787263 -0.611878 11.006600 0.060980 0.608834 0.790950 0.107900 0.000000 0.000000 0.000000 1.000000
0.994491 -0.104800 -0.002307 -0.000000 0.083592 0.806141 -0.585789 11.006600 0.063251 0.582368 0.810461 0.107900 0.000000 0.000000 0.000000 1.000000
0.994502 -0.104685 -0.002441 0.000000 0.085212 0.822615 -0.562178 11.006600 0.060860 0.558879 0.827013 0.107900 0.000000 0.000000 0.000000 1.000000
0.994773 -0.102085 0.002446 -0.000000 0.087447 0.839276 -0.536627 11.006600 0.052729 0.534036 0.843816 0.107900 0.000000 0.000000 0.000000 1.000000
0.995273 -0.096557 0.010439 0.000000 0.088318 0.855111 -0.510868 11.006600 0.040401 0.509375 0.859596 0.107900 0.000000 0.000000 0.000000 1.000000
0.995792 -0.089896 0.017788 0.000000 0.087051 0.867295 -0.490124 11.006600 0.028633 0.489610 0.871471 0.107900 0.000000 0.000000 0.000000 1.000000
0.996037 -0.086124 0.022203 0.000000 0.086306 0.875637 -0.475196 11.006600 0.021484 0.475229 0.879600 0.107900 0.000000 0.000000 0.000000 1.000000
0.996051 -0.084823 0.026204 0.000000 0.087314 0.882580 -0.461983 11.006600 0.016059 0.462447 0.886502 0.107900 0.000000 0.000000 0.000000 1.000000
0.996255 -0.080452 0.031691 0.000000 0.086137 0.891321 -0.445114 11.006600 0.007564 0.446177 0.894913 0.107900 0.000000 0.000000 0.000000 1.000000
0.996640 -0.073908 0.035300 -0.000000 0.081905 0.898947 -0.430332 11.006600 0.000072 0.431778 0.901980 0.107900 0.000000 0.000000 0.000000 1.000000
0.997152 -0.066026 0.036443 -0.000000 0.075197 0.907245 -0.413825 11.006600 -0.005739 0.415387 0.909627 0.107900 0.000000 0.000000 0.000000 1.000000
0.997749 -0.057368 0.034720 -0.000000 0.066436 0.915944 -0.395769 11.006600 -0.009097 0.397185 0.917693 0.107900 0.000000 0.000000 0.000000 1.000000
0.998341 -0.048261 0.031402 0.000000 0.056548 0.924515 -0.376927 11.006600 -0.010841 0.378077 0.925711 0.107900 0.000000 0.000000 0.000000 1.000000
0.998865 -0.039284 0.026927 0.000000 0.046337 0.932249 -0.358837 11.006600 -0.011007 0.359678 0.933012 0.107900 0.000000 0.000000 0.000000 1.000000
0.999257 -0.031168 0.022659 0.000000 0.037054 0.938620 -0.342956 11.006600 -0.010579 0.343541 0.939078 0.107900 0.000000 0.000000 0.000000 1.000000
0.999520 -0.024240 0.019301 0.000000 0.029254 0.943547 -0.329943 11.006600 -0.010213 0.330350 0.943803 0.107900 0.000000 0.000000 0.000000 1.000000
0.999680 -0.018623 0.017105 0.000000 0.023116 0.947239 -0.319694 11.006600 -0.010249 0.319987 0.947367 0.107900 0.000000 0.000000 0.000000 1.000000
0.999781 -0.014325 0.015282 -0.000000 0.018377 0.949971 -0.311796 11.006600 -0.010051 0.312008 0.950026 0.107900 0.000000 0.000000 0.000000 1.000000
0.999842 -0.011107 0.013866 -0.000000 0.014816 0.951983 -0.305794 11.006600 -0.009804 0.305951 0.951997 0.107900 0.000000 0.000000 0.000000 1.000000
0.999880 -0.009423 0.012308 0.000000 0.012706 0.953069 -0.302486 11.006600 -0.008880 0.302606 0.953074 0.107900 0.000000 0.000000 0.000000 1.000000
0.999909 -0.008235 0.010673 -0.000000 0.011058 0.953861 -0.300046 11.006600 -0.007710 0.300136 0.953865 0.107900 0.000000 0.000000 0.000000 1.000000
0.999932 -0.007375 0.008986 0.000000 0.009719 0.954459 -0.298184 11.006600 -0.006378 0.298251 0.954466 0.107900 0.000000 0.000000 0.000000 1.000000
0.999951 -0.006680 0.007274 0.000000 0.008537 0.954960 -0.296611 11.006600 -0.004965 0.296659 0.954971 0.107900 0.000000 0.000000 0.000000 1.000000
0.999967 -0.005985 0.005559 0.000000 0.007359 0.955458 -0.295034 11.006600 -0.003545 0.295065 0.955471 0.107900 0.000000 0.000000 0.000000 1.000000
0.999979 -0.005126 0.003865 0.000000 0.006034 0.956045 -0.293159 11.006600 -0.002193 0.293176 0.956056 0.107900 0.000000 0.000000 0.000000 1.000000</float_array>
        <technique_common>
          <accessor source="#mixamorig_Spine-Matrix-animation-output-transform-array" count="96" stride="16">
            <param type="float4x4"/>
          </accessor>
        </technique_common>
      </source>
      <source id="mixamorig_Spine-Interpolations">
        <Name_array id="mixamorig_Spine-Interpolations-array" count="96">
 LINEAR LINEAR LINEAR LINEAR LINEAR LINEAR LINEAR LINEAR LINEAR LINEAR LINEAR
LINEAR LINEAR LINEAR LINEAR LINEAR LINEAR LINEAR LINEAR LINEAR LINEAR LINEAR LINEAR
LINEAR LINEAR LINEAR LINEAR LINEAR LINEAR LINEAR LINEAR LINEAR LINEAR LINEAR LINEAR
LINEAR LINEAR LINEAR LINEAR LINEAR LINEAR LINEAR LINEAR LINEAR LINEAR LINEAR LINEAR
LINEAR LINEAR LINEAR LINEAR LINEAR LINEAR LINEAR LINEAR LINEAR LINEAR LINEAR LINEAR
LINEAR LINEAR LINEAR LINEAR LINEAR LINEAR LINEAR LINEAR LINEAR LINEAR LINEAR LINEAR
LINEAR LINEAR LINEAR LINEAR LINEAR LINEAR LINEAR LINEAR LINEAR LINEAR LINEAR LINEAR
LINEAR LINEAR LINEAR LINEAR LINEAR LINEAR LINEAR LINEAR LINEAR LINEAR LINEAR LINEAR
LINEAR</Name_array>
        <technique_common>
          <accessor source="#mixamorig_Spine-Interpolations-array" count="96">
            <param type="name"/>
          </accessor>
        </technique_common>
      </source>
      <sampler id="mixamorig_Spine-Matrix-animation-transform">
        <input semantic="INPUT" source="#mixamorig_Spine-Matrix-animation-input"/>
        <input semantic="OUTPUT" source="#mixamorig_Spine-Matrix-animation-output-transform"/>
        <input semantic="INTERPOLATION" source="#mixamorig_Spine-Interpolations"/>
      </sampler>
      <channel source="#mixamorig_Spine-Matrix-animation-transform" target="mixamorig_Spine/matrix"/>
    </animation>
    <animation id="mixamorig_Spine1-anim" name="mixamorig_Spine1">
      <source id="mixamorig_Spine1-Matrix-animation-input">
        <float_array id="mixamorig_Spine1-Matrix-animation-input-array" count="96">

0.000000 0.033333 0.066667 0.100000 0.133333 0.166667 0.200000 0.233333 0.266667 0.300000 0.333333 0.366667 0.400000 0.433333 0.466667 0.500000
0.533333 0.566667 0.600000 0.633333 0.666667 0.700000 0.733333 0.766667 0.800000 0.833333 0.866667 0.900000 0.933333 0.966667 1.000000 1.033333
1.066667 1.100000 1.133333 1.166667 1.200000 1.233333 1.266667 1.300000 1.333333 1.366667 1.400000 1.433333 1.466667 1.500000 1.533333 1.566667
1.600000 1.633333 1.666667 1.700000 1.733333 1.766667 1.800000 1.833333 1.866667 1.900000 1.933333 1.966667 2.000000 2.033333 2.066667 2.100000
2.133333 2.166667 2.200000 2.233333 2.266667 2.300000 2.333333 2.366667 2.400000 2.433333 2.466667 2.500000 2.533333 2.566667 2.600000 2.633333
2.666667 2.700000 2.733333 2.766667 2.800000 2.833333 2.866667 2.900000 2.933333 2.966667 3.000000 3.033333 3.066667 3.100000 3.133333 3.166667</float_array>
        <technique_common>
          <accessor source="#mixamorig_Spine1-Matrix-animation-input-array" count="96">
            <param name="TIME" type="float"/>
          </accessor>
        </technique_common>
      </source>
      <source id="mixamorig_Spine1-Matrix-animation-output-transform">
        <float_array id="mixamorig_Spine1-Matrix-animation-output-transform-array" count="1536">

0.999843 -0.015613 0.008400 0.000000 0.017562 0.937176 -0.348415 11.269900 -0.002433 0.348508 0.937303 -0.000000 0.000000 0.000000 0.000000 1.000000
0.999837 -0.016123 0.008186 -0.000000 0.017967 0.936790 -0.349430 11.269900 -0.002035 0.349520 0.936927 0.000000 0.000000 0.000000 0.000000 1.000000
0.999830 -0.016634 0.007971 -0.000000 0.018372 0.936404 -0.350444 11.269900 -0.001635 0.350531 0.936550 0.000000 0.000000 0.000000 0.000000 1.000000
0.999823 -0.016947 0.008139 0.000000 0.018727 0.935906 -0.351752 11.269900 -0.001656 0.351842 0.936058 0.000000 0.000000 0.000000 0.000000 1.000000
0.999819 -0.016787 0.008910 0.000000 0.018854 0.935117 -0.353836 11.269900 -0.002392 0.353940 0.935265 0.000000 0.000000 0.000000 0.000000 1.000000
0.999836 -0.016876 0.006621 0.000000 0.018128 0.934222 -0.356230 11.269900 -0.000173 0.356292 0.934375 0.000000 0.000000 0.000000 0.000000 1.000000
0.999843 -0.016657 0.006025 0.000000 0.017712 0.936088 -0.351321 11.269900 0.000212 0.351372 0.936236 0.000000 0.000000 0.000000 0.000000 1.000000
0.999842 -0.016735 0.005966 -0.000000 0.017766 0.937990 -0.346206 11.269900 0.000197 0.346257 0.938140 0.000000 0.000000 0.000000 0.000000 1.000000
0.999832 -0.017946 0.003622 0.000000 0.018105 0.939874 -0.341040 11.269900 0.002716 0.341049 0.940042 0.000000 0.000000 0.000000 0.000000 1.000000
0.999822 -0.018848 -0.000394 0.000000 0.017619 0.941667 -0.336085 11.269900 0.006706 0.336019 0.941831 0.000000 0.000000 0.000000 0.000000 1.000000
0.999820 -0.018563 -0.003975 0.000000 0.016199 0.943418 -0.331210 11.269900 0.009898 0.331086 0.943549 0.000000 0.000000 0.000000 0.000000 1.000000
0.999826 -0.017763 -0.005648 -0.000000 0.014953 0.945280 -0.325917 11.269900 0.011128 0.325776 0.945381 0.000000 0.000000 0.000000 0.000000 1.000000
0.999837 -0.017058 -0.005920 0.000000 0.014264 0.947209 -0.320300 11.269900 0.011071 0.320164 0.947298 0.000000 0.000000 0.000000 0.000000 1.000000
0.999863 -0.016048 -0.003999 0.000000 0.013973 0.949016 -0.314919 11.269900 0.008849 0.314820 0.949110 0.000000 0.000000 0.000000 0.000000 1.000000
0.999880 -0.015489 -0.000055 -0.000000 0.014710 0.950711 -0.309729 11.269900 0.004850 0.309691 0.950825 0.000000 0.000000 0.000000 0.000000 1.000000
0.999884 -0.014923 0.003195 0.000000 0.015189 0.952662 -0.303652 11.269900 0.001488 0.303666 0.952778 0.000000 0.000000 0.000000 0.000000 1.000000
0.999881 -0.015109 0.002996 0.000000 0.015317 0.954843 -0.296716 11.269900 0.001622 0.296727 0.954961 0.000000 0.000000 0.000000 0.000000 1.000000
0.999883 -0.015305 -0.000469 0.000000 0.014508 0.956685 -0.290762 11.269900 0.004899 0.290721 0.956795 0.000000 0.000000 0.000000 0.000000 1.000000
0.999904 -0.013139 -0.004499 0.000000 0.011306 0.958244 -0.285728 11.269900 0.008066 0.285649 0.958300 0.000000 0.000000 0.000000 0.000000 1.000000
0.999918 -0.011670 -0.005230 0.000000 0.009750 0.960319 -0.278732 11.269900 0.008275 0.278658 0.960355 0.000000 0.000000 0.000000 0.000000 1.000000
