<?xml version="1.0" encoding="utf-8"?>
<COLLADA xmlns="http://www.collada.org/2005/11/COLLADASchema" version="1.4.1">
  <asset>
    <contributor>
      <author>Mixamo</author>
      <authoring_tool>COLLADA Mixamo exporter</authoring_tool>
      <comments/>
    </contributor>
    <created>2024-11-02T02:02:55Z</created>
    <modified>2024-11-02T02:02:55Z</modified>
    <revision/>
    <title/>
    <unit meter="0.010000"/>
    <up_axis>Y_UP</up_axis>
  </asset>
  <library_animations>
    <animation id="mixamorig_Hips-anim" name="mixamorig_Hips">
      <source id="mixamorig_Hips-Matrix-animation-input">
        <float_array id="mixamorig_Hips-Matrix-animation-input-array" count="66">

0.000000 0.033333 0.066667 0.100000 0.133333 0.166667 0.200000 0.233333 0.266667 0.300000 0.333333 0.366667 0.400000 0.433333 0.466667 0.500000
0.533333 0.566667 0.600000 0.633333 0.666667 0.700000 0.733333 0.766667 0.800000 0.833333 0.866667 0.900000 0.933333 0.966667 1.000000 1.033333
1.066667 1.100000 1.133333 1.166667 1.200000 1.233333 1.266667 1.300000 1.333333 1.366667 1.400000 1.433333 1.466667 1.500000 1.533333 1.566667
1.600000 1.633333 1.666667 1.700000 1.733333 1.766667 1.800000 1.833333 1.866667 1.900000 1.933333 1.966667 2.000000 2.033333 2.066667 2.100000
2.133333 2.166667</float_array>
        <technique_common>
          <accessor source="#mixamorig_Hips-Matrix-animation-input-array" count="66">
            <param name="TIME" type="float"/>
          </accessor>
        </technique_common>
      </source>
      <source id="mixamorig_Hips-Matrix-animation-output-transform">
        <float_array id="mixamorig_Hips-Matrix-animation-output-transform-array" count="1056">

0.944747 0.020965 -0.327131 0.909091 -0.096859 0.971247 -0.217481 103.459511 0.313165 0.237150 0.919613 -1.157036 0.000000 0.000000 0.000000 1.000000
0.945804 0.022880 -0.323931 1.058364 -0.095156 0.973255 -0.209092 103.948494 0.310483 0.228584 0.922686 -1.167323 0.000000 0.000000 0.000000 1.000000
0.946598 0.024272 -0.321503 1.200194 -0.093702 0.974832 -0.202292 104.352844 0.308501 0.221615 0.925048 -1.157497 0.000000 0.000000 0.000000 1.000000
0.947051 0.025010 -0.320109 1.341553 -0.092510 0.975940 -0.197443 104.628250 0.307469 0.216602 0.926578 -1.156272 0.000000 0.000000 0.000000 1.000000
0.946983 0.024537 -0.320345 1.478687 -0.092049 0.976002 -0.197350 104.665207 0.307815 0.216374 0.926516 -1.164502 0.000000 0.000000 0.000000 1.000000
0.947193 0.024455 -0.319731 1.611877 -0.092173 0.975772 -0.198426 104.678406 0.307133 0.217418 0.926498 -1.213253 0.000000 0.000000 0.000000 1.000000
0.947241 0.024966 -0.319547 1.738365 -0.092906 0.975548 -0.199186 104.702438 0.306761 0.218365 0.926399 -1.292633 0.000000 0.000000 0.000000 1.000000
0.947009 0.026506 -0.320110 1.870988 -0.094711 0.975323 -0.199435 104.739601 0.306925 0.219185 0.926151 -1.393107 0.000000 0.000000 0.000000 1.000000
0.946927 0.029302 -0.320112 2.054263 -0.097933 0.974793 -0.200468 104.790863 0.306169 0.221177 0.925927 -1.539135 0.000000 0.000000 0.000000 1.000000
0.947063 0.033082 -0.319339 2.333566 -0.102314 0.973915 -0.202540 104.805908 0.304308 0.224491 0.925743 -1.820514 0.000000 0.000000 0.000000 1.000000
0.946495 0.036571 -0.320641 2.654423 -0.105921 0.973722 -0.201607 104.777451 0.304842 0.224783 0.925497 -2.405136 0.000000 0.000000 0.000000 1.000000
0.944048 0.040810 -0.327273 2.889991 -0.108846 0.975269 -0.192362 104.644806 0.311329 0.217221 0.925143 -3.351705 0.000000 0.000000 0.000000 1.000000
0.940186 0.049170 -0.337094 2.906633 -0.113803 0.978014 -0.174749 104.395554 0.321090 0.202659 0.925111 -4.549218 0.000000 0.000000 0.000000 1.000000
0.936981 0.065552 -0.343175 2.720675 -0.124543 0.980382 -0.152777 104.058853 0.326428 0.185889 0.926763 -5.821701 0.000000 0.000000 0.000000 1.000000
0.934818 0.089670 -0.343619 2.522334 -0.141478 0.981533 -0.128755 103.752113 0.325728 0.168977 0.930241 -7.056166 0.000000 0.000000 0.000000 1.000000
0.930080 0.115114 -0.348855 2.548438 -0.160250 0.981654 -0.103318 103.707687 0.330561 0.151998 0.931464 -8.258029 0.000000 0.000000 0.000000 1.000000
0.919185 0.133158 -0.370632 2.906984 -0.173996 0.981584 -0.078862 104.061874 0.353305 0.136977 0.925426 -9.527726 0.000000 0.000000 0.000000 1.000000
0.903736 0.139825 -0.404610 3.486036 -0.178112 0.982277 -0.058376 104.589111 0.389277 0.124822 0.912624 -10.950452 0.000000 0.000000 0.000000 1.000000
0.890620 0.136436 -0.433799 4.056154 -0.172371 0.984031 -0.044400 104.925034 0.420814 0.114318 0.899915 -12.555681 0.000000 0.000000 0.000000 1.000000
0.884730 0.128009 -0.448182 4.560860 -0.163330 0.985724 -0.040880 105.041489 0.436551 0.109369 0.893007 -14.309736 0.000000 0.000000 0.000000 1.000000
0.887423 0.113056 -0.446876 4.911975 -0.150972 0.987271 -0.050034 104.934761 0.435531 0.111867 0.893196 -16.179752 0.000000 0.000000 0.000000 1.000000
0.896916 0.092435 -0.432431 4.974821 -0.134059 0.988725 -0.066709 104.567383 0.421390 0.117804 0.899196 -18.192797 0.000000 0.000000 0.000000 1.000000
0.909722 0.074422 -0.408495 4.724434 -0.117245 0.989812 -0.080777 104.022568 0.398322 0.121378 0.909179 -20.418337 0.000000 0.000000 0.000000 1.000000
0.922620 0.061891 -0.380713 4.221387 -0.101601 0.991180 -0.085088 103.248619 0.372089 0.117184 0.920770 -22.902590 0.000000 0.000000 0.000000 1.000000
0.932572 0.049167 -0.357619 3.641806 -0.082023 0.993629 -0.077286 102.149834 0.351541 0.101407 0.930664 -25.618090 0.000000 0.000000 0.000000 1.000000
0.936876 0.030525 -0.348328 3.154617 -0.054682 0.996716 -0.059730 100.972382 0.345361 0.075007 0.935468 -28.562265 0.000000 0.000000 0.000000 1.000000
0.934288 0.006676 -0.356456 2.788042 -0.022344 0.998956 -0.039856 100.023399 0.355818 0.045202 0.933462 -31.705751 0.000000 0.000000 0.000000 1.000000
0.925212 -0.021347 -0.378851 2.373056 0.011934 0.999559 -0.027177 99.290848 0.379264 0.020624 0.925059 -35.193153 0.000000 0.000000 0.000000 1.000000
0.910496 -0.053780 -0.410006 1.743186 0.046721 0.998537 -0.027224 98.472603 0.410870 0.005631 0.911676 -39.364243 0.000000 0.000000 0.000000 1.000000
0.891713 -0.086052 -0.444345 1.075491 0.074762 0.996278 -0.042907 97.141136 0.446384 0.005040 0.894827 -44.186298 0.000000 0.000000 0.000000 1.000000
0.872153 -0.118855 -0.474575 0.647485 0.093811 0.992669 -0.076208 95.697403 0.480154 0.021945 0.876910 -49.387997 0.000000 0.000000 0.000000 1.000000
0.853894 -0.154646 -0.496940 0.628200 0.107252 0.986626 -0.122743 95.211205 0.509276 0.051512 0.859060 -54.673626 0.000000 0.000000 0.000000 1.000000
0.836293 -0.194158 -0.512753 1.073043 0.122299 0.977696 -0.170744 95.828598 0.534468 0.080083 0.841386 -59.630302 0.000000 0.000000 0.000000 1.000000
0.815117 -0.228955 -0.532132 2.063927 0.134268 0.968238 -0.210922 97.135597 0.563522 0.100478 0.819968 -63.602253 0.000000 0.000000 0.000000 1.000000
0.793126 -0.263647 -0.549037 3.277959 0.148927 0.958039 -0.244913 99.028992 0.590570 0.112481 0.799109 -66.690598 0.000000 0.000000 0.000000 1.000000
0.777995 -0.293319 -0.555597 4.463841 0.160205 0.947713 -0.275998 100.992996 0.607502 0.125716 0.784307 -69.005814 0.000000 0.000000 0.000000 1.000000
0.774016 -0.311946 -0.550990 5.453224 0.158323 0.937923 -0.308601 102.610222 0.613053 0.151628 0.775355 -70.887558 0.000000 0.000000 0.000000 1.000000
0.776321 -0.319370 -0.543442 6.230515 0.142276 0.928675 -0.342519 103.753159 0.614071 0.188586 0.766389 -72.599022 0.000000 0.000000 0.000000 1.000000
0.778965 -0.318866 -0.539942 6.834652 0.120746 0.921219 -0.369833 104.436661 0.615332 0.222891 0.756099 -74.288391 0.000000 0.000000 0.000000 1.000000
0.782082 -0.313715 -0.538452 7.309419 0.102934 0.917209 -0.384879 104.773285 0.614615 0.245582 0.749625 -75.950752 0.000000 0.000000 0.000000 1.000000
0.790048 -0.302229 -0.533368 7.755322 0.087788 0.916840 -0.389484 104.830292 0.606726 0.260888 0.750880 -77.503410 0.000000 0.000000 0.000000 1.000000
0.804390 -0.283901 -0.521878 8.270077 0.071757 0.918429 -0.389023 104.758026 0.589752 0.275478 0.759147 -78.826103 0.000000 0.000000 0.000000 1.000000
0.821312 -0.261300 -0.507118 8.933928 0.052818 0.919945 -0.388474 104.620171 0.568029 0.292273 0.769363 -79.844002 0.000000 0.000000 0.000000 1.000000
0.836648 -0.239010 -0.492843 9.746031 0.032648 0.919935 -0.390709 104.410477 0.546767 0.310795 0.777465 -80.593391 0.000000 0.000000 0.000000 1.000000
0.849668 -0.219782 -0.479333 10.631614 0.014875 0.918630 -0.394839 104.122116 0.527108 0.328352 0.783800 -81.158592 0.000000 0.000000 0.000000 1.000000
0.861162 -0.202753 -0.466145 11.508307 0.000930 0.917638 -0.397415 103.779526 0.508330 0.341806 0.790424 -81.585297 0.000000 0.000000 0.000000 1.000000
0.871074 -0.186022 -0.454562 12.307589 -0.010788 0.918031 -0.396362 103.429611 0.491034 0.350164 0.797666 -81.878265 0.000000 0.000000 0.000000 1.000000
0.879655 -0.167393 -0.445182 12.997317 -0.023949 0.919241 -0.392967 103.103668 0.475009 0.356337 0.804606 -82.053780 0.000000 0.000000 0.000000 1.000000
0.887989 -0.146452 -0.435921 13.591751 -0.039977 0.919761 -0.390437 102.848816 0.458124 0.364131 0.810883 -82.125397 0.000000 0.000000 0.000000 1.000000
0.896002 -0.125876 -0.425834 14.106937 -0.056790 0.918621 -0.391037 102.730766 0.440403 0.374553 0.815938 -82.097694 0.000000 0.000000 0.000000 1.000000
0.902123 -0.108820 -0.417532 14.546441 -0.071706 0.916408 -0.393769 102.754959 0.425480 0.385168 0.818909 -82.015419 0.000000 0.000000 0.000000 1.000000
0.905765 -0.095448 -0.412891 14.921620 -0.084136 0.914408 -0.395953 102.838272 0.415343 0.393380 0.820209 -81.956169 0.000000 0.000000 0.000000 1.000000
0.908287 -0.083363 -0.409958 15.229558 -0.094966 0.913278 -0.396113 102.884636 0.407426 0.398716 0.821601 -81.967300 0.000000 0.000000 0.000000 1.000000
0.911401 -0.070485 -0.405437 15.436167 -0.104441 0.913347 -0.393560 102.871864 0.398045 0.401036 0.825064 -82.036598 0.000000 0.000000 0.000000 1.000000
0.915897 -0.056977 -0.397350 15.505335 -0.111098 0.915227 -0.387320 102.864990 0.385734 0.398890 0.831923 -82.135155 0.000000 0.000000 0.000000 1.000000
0.921245 -0.044083 -0.386476 15.436997 -0.114194 0.919128 -0.377046 102.872139 0.371843 0.391485 0.841708 -82.250290 0.000000 0.000000 0.000000 1.000000
0.926107 -0.032813 -0.375832 15.256937 -0.114902 0.924348 -0.363838 102.831322 0.359338 0.380137 0.852275 -82.402084 0.000000 0.000000 0.000000 1.000000
0.929568 -0.023660 -0.367890 14.945319 -0.114551 0.930000 -0.349254 102.625931 0.350401 0.366797 0.861788 -82.644188 0.000000 0.000000 0.000000 1.000000
0.932244 -0.013252 -0.361588 14.331027 -0.114588 0.937080 -0.329773 102.404022 0.343208 0.348862 0.872069 -82.986076 0.000000 0.000000 0.000000 1.000000
0.934901 -0.003305 -0.354893 13.398822 -0.113014 0.945132 -0.306517 102.232872 0.336434 0.326671 0.883232 -83.424225 0.000000 0.000000 0.000000 1.000000
0.937359 0.003994 -0.348342 12.414127 -0.109799 0.952355 -0.284540 102.097359 0.330609 0.304964 0.893138 -83.895279 0.000000 0.000000 0.000000 1.000000
0.939311 0.009491 -0.342935 11.433608 -0.106553 0.958252 -0.265330 102.026459 0.326100 0.285768 0.901108 -84.343887 0.000000 0.000000 0.000000 1.000000
0.940862 0.013670 -0.338513 10.508131 -0.103862 0.962712 -0.249797 102.134438 0.322476 0.270183 0.907199 -84.735161 0.000000 0.000000 0.000000 1.000000
0.942190 0.016890 -0.334653 9.684476 -0.101644 0.966077 -0.237411 102.439270 0.319291 0.257701 0.911945 -85.056709 0.000000 0.000000 0.000000 1.000000
0.943437 0.019555 -0.330974 9.001472 -0.099690 0.968797 -0.226924 102.890053 0.316209 0.247083 0.915949 -85.307076 0.000000 0.000000 0.000000 1.000000
0.944624 0.021934 -0.327421 8.633763 -0.097922 0.971147 -0.217451 103.395905 0.313204 0.237471 0.919516 -85.485863 0.000000 0.000000 0.000000 1.000000</float_array>
        <technique_common>
          <accessor source="#mixamorig_Hips-Matrix-animation-output-transform-array" count="66" stride="16">
            <param type="float4x4"/>
          </accessor>
        </technique_common>
      </source>
      <source id="mixamorig_Hips-Interpolations">
        <Name_array id="mixamorig_Hips-Interpolations-array" count="66">
 LINEAR LINEAR LINEAR LINEAR LINEAR LINEAR LINEAR LINEAR LINEAR LINEAR LINEAR
LINEAR LINEAR LINEAR LINEAR LINEAR LINEAR LINEAR LINEAR LINEAR LINEAR LINEAR LINEAR
LINEAR LINEAR LINEAR LINEAR LINEAR LINEAR LINEAR LINEAR LINEAR LINEAR LINEAR LINEAR
LINEAR LINEAR LINEAR LINEAR LINEAR LINEAR LINEAR LINEAR LINEAR LINEAR LINEAR LINEAR
LINEAR LINEAR LINEAR LINEAR LINEAR LINEAR LINEAR LINEAR LINEAR LINEAR LINEAR LINEAR
LINEAR LINEAR LINEAR LINEAR LINEAR LINEAR LINEAR</Name_array>
        <technique_common>
          <accessor source="#mixamorig_Hips-Interpolations-array" count="66">
            <param type="name"/>
          </accessor>
        </technique_common>
      </source>
      <sampler id="mixamorig_Hips-Matrix-animation-transform">
        <input semantic="INPUT" source="#mixamorig_Hips-Matrix-animation-input"/>
        <input semantic="OUTPUT" source="#mixamorig_Hips-Matrix-animation-output-transform"/>
        <input semantic="INTERPOLATION" source="#mixamorig_Hips-Interpolations"/>
      </sampler>
      <channel source="#mixamorig_Hips-Matrix-animation-transform" target="mixamorig_Hips/matrix"/>
    </animation>
    <animation id="mixamorig_Spine-anim" name="mixamorig_Spine">
      <source id="mixamorig_Spine-Matrix-animation-input">
        <float_array id="mixamorig_Spine-Matrix-animation-input-array" count="66">

0.000000 0.033333 0.066667 0.100000 0.133333 0.166667 0.200000 0.233333 0.266667 0.300000 0.333333 0.366667 0.400000 0.433333 0.466667 0.500000
0.533333 0.566667 0.600000 0.633333 0.666667 0.700000 0.733333 0.766667 0.800000 0.833333 0.866667 0.900000 0.933333 0.966667 1.000000 1.033333
1.066667 1.100000 1.133333 1.166667 1.200000 1.233333 1.266667 1.300000 1.333333 1.366667 1.400000 1.433333 1.466667 1.500000 1.533333 1.566667
1.600000 1.633333 1.666667 1.700000 1.733333 1.766667 1.800000 1.833333 1.866667 1.900000 1.933333 1.966667 2.000000 2.033333 2.066667 2.100000
2.133333 2.166667</float_array>
        <technique_common>
          <accessor source="#mixamorig_Spine-Matrix-animation-input-array" count="66">
            <param name="TIME" type="float"/>
          </accessor>
        </technique_common>
      </source>
      <source id="mixamorig_Spine-Matrix-animation-output-transform">
        <float_array id="mixamorig_Spine-Matrix-animation-output-transform-array" count="1056">

0.999705 0.015498 0.018692 -0.000000 -0.010731 0.972551 -0.232443 11.006600 -0.021781 0.232174 0.972430 0.107900 0.000000 0.000000 0.000000 1.000000
0.999751 0.011046 0.019377 0.000000 -0.006175 0.971878 -0.235402 11.006600 -0.021432 0.235224 0.971705 0.107900 0.000000 0.000000 0.000000 1.000000
0.999775 0.007014 0.020042 -0.000000 -0.002042 0.971253 -0.238041 11.006600 -0.021135 0.237947 0.971048 0.107900 0.000000 0.000000 0.000000 1.000000
0.999778 0.003419 0.020790 0.000000 0.001675 0.970727 -0.240178 11.006600 -0.021002 0.240160 0.970506 0.107900 0.000000 0.000000 0.000000 1.000000
0.999764 0.000208 0.021710 0.000000 0.005047 0.970336 -0.241707 11.006600 -0.021116 0.241759 0.970106 0.107900 0.000000 0.000000 0.000000 1.000000
0.999737 -0.002497 0.022785 0.000000 0.007952 0.970094 -0.242597 11.006600 -0.021498 0.242715 0.969859 0.107900 0.000000 0.000000 0.000000 1.000000
0.999707 -0.003154 0.023997 0.000000 0.008847 0.970487 -0.240992 11.006600 -0.022529 0.241134 0.970230 0.107900 0.000000 0.000000 0.000000 1.000000
0.999706 -0.005318 0.023652 0.000000 0.010858 0.970528 -0.240743 11.006600 -0.021675 0.240929 0.970301 0.107900 0.000000 0.000000 0.000000 1.000000
0.999756 -0.008421 0.020405 0.000000 0.013136 0.969852 -0.243339 11.006600 -0.017741 0.243547 0.969727 0.107900 0.000000 0.000000 0.000000 1.000000
0.999843 -0.011543 0.013439 0.000000 0.014534 0.968211 -0.249712 11.006600 -0.010130 0.249868 0.968227 0.107900 0.000000 0.000000 0.000000 1.000000
0.999921 -0.012371 0.002211 -0.000000 0.012521 0.965641 -0.259578 11.006600 0.001076 0.259585 0.965720 0.107900 0.000000 0.000000 0.000000 1.000000
0.999880 -0.009376 -0.012328 0.000000 0.005684 0.962535 -0.271097 11.006600 0.014408 0.270995 0.962473 0.107900 0.000000 0.000000 0.000000 1.000000
0.999593 -0.001358 -0.028490 0.000000 -0.006712 0.959611 -0.281249 11.006600 0.027721 0.281326 0.959212 0.107900 0.000000 0.000000 0.000000 1.000000
0.998953 0.011818 -0.044204 0.000000 -0.024019 0.957707 -0.286742 11.006600 0.038946 0.287503 0.956988 0.107900 0.000000 0.000000 0.000000 1.000000
0.997923 0.028921 -0.057567 0.000000 -0.044198 0.957466 -0.285141 11.006600 0.046872 0.287093 0.956755 0.107900 0.000000 0.000000 0.000000 1.000000
0.996605 0.047479 -0.067265 0.000000 -0.064301 0.959086 -0.275716 11.006600 0.051422 0.279105 0.958883 0.107900 0.000000 0.000000 0.000000 1.000000
0.995283 0.064218 -0.072724 0.000000 -0.081065 0.962278 -0.259709 11.006600 0.053303 0.264380 0.962945 0.107900 0.000000 0.000000 0.000000 1.000000
0.994362 0.075910 -0.074045 0.000000 -0.091645 0.966458 -0.239918 11.006600 0.053350 0.245351 0.967965 0.107900 0.000000 0.000000 0.000000 1.000000
0.994158 0.080526 -0.071869 0.000000 -0.094532 0.970972 -0.219721 11.006600 0.052089 0.225231 0.972912 0.107900 0.000000 0.000000 0.000000 1.000000
0.994718 0.077861 -0.066892 0.000000 -0.089917 0.975269 -0.201906 11.006600 0.049517 0.206854 0.977118 0.107900 0.000000 0.000000 0.000000 1.000000
0.995881 0.068783 -0.059082 0.000000 -0.078764 0.979035 -0.187847 11.006600 0.044922 0.191726 0.980420 0.107900 0.000000 0.000000 0.000000 1.000000
0.997360 0.054776 -0.047674 -0.000000 -0.062416 0.982179 -0.177279 11.006600 0.037114 0.179786 0.983005 0.107900 0.000000 0.000000 0.000000 1.000000
0.998780 0.037818 -0.031744 0.000000 -0.042651 0.984725 -0.168810 11.006600 0.024875 0.169958 0.985137 0.107900 0.000000 0.000000 0.000000 1.000000
0.999746 0.019767 -0.010871 0.000000 -0.021258 0.986755 -0.160818 11.006600 0.007548 0.161008 0.986924 0.107900 0.000000 0.000000 0.000000 1.000000
0.999895 0.001913 0.014363 0.000000 0.000296 0.988344 -0.152237 11.006600 -0.014487 0.152226 0.988240 0.107900 0.000000 0.000000 0.000000 1.000000
0.999009 -0.014767 0.041985 0.000000 0.020639 0.989496 -0.143079 11.006600 -0.039432 0.143804 0.988820 0.107900 0.000000 0.000000 0.000000 1.000000
0.997193 -0.029380 0.068868 0.000000 0.038472 0.990145 -0.134658 11.006600 -0.064233 0.136930 0.988496 0.107900 0.000000 0.000000 0.000000 1.000000
0.994943 -0.041276 0.091570 0.000000 0.052976 0.990195 -0.129261 11.006600 -0.085337 0.133458 0.987374 0.107900 0.000000 0.000000 0.000000 1.000000
0.993010 -0.049784 0.107020 -0.000000 0.063559 0.989550 -0.129425 11.006600 -0.099458 0.135322 0.985797 0.107900 0.000000 0.000000 0.000000 1.000000
0.992009 -0.055373 0.113362 0.000000 0.070822 0.988017 -0.137135 11.006600 -0.104410 0.144068 0.984044 0.107900 0.000000 0.000000 0.000000 1.000000
0.992081 -0.059796 0.110448 0.000000 0.076407 0.985287 -0.152878 11.006600 -0.099681 0.160107 0.982054 0.107900 0.000000 0.000000 0.000000 1.000000
0.993208 -0.061990 0.098462 0.000000 0.078720 0.981180 -0.176323 11.006600 -0.085679 0.182877 0.979395 0.107900 0.000000 0.000000 0.000000 1.000000
0.994688 -0.064387 0.080310 0.000000 0.079631 0.975725 -0.204009 11.006600 -0.065224 0.209321 0.975669 0.107900 0.000000 0.000000 0.000000 1.000000
0.995896 -0.068398 0.059268 0.000000 0.080341 0.969633 -0.230993 11.006600 -0.041669 0.234806 0.971149 0.107900 0.000000 0.000000 0.000000 1.000000
0.996602 -0.073529 0.037121 0.000000 0.080560 0.964032 -0.253283 11.006600 -0.017162 0.255413 0.966680 0.107900 0.000000 0.000000 0.000000 1.000000
0.996715 -0.079529 0.015300 0.000000 0.080713 0.959911 -0.268432 11.006600 0.006661 0.268786 0.963177 0.107900 0.000000 0.000000 0.000000 1.000000
0.996372 -0.084879 -0.006132 -0.000000 0.079900 0.957854 -0.275920 11.006600 0.029294 0.274429 0.961161 0.107900 0.000000 0.000000 0.000000 1.000000
0.995692 -0.088910 -0.026314 -0.000000 0.078194 0.957676 -0.277024 11.006600 0.049830 0.273773 0.960503 0.107900 0.000000 0.000000 0.000000 1.000000
0.994847 -0.091252 -0.044184 0.000000 0.075768 0.958731 -0.274033 11.006600 0.067366 0.269273 0.960705 0.107900 0.000000 0.000000 0.000000 1.000000
0.994034 -0.091895 -0.058755 -0.000000 0.072850 0.960268 -0.269402 11.006600 0.081178 0.263515 0.961234 0.107900 0.000000 0.000000 0.000000 1.000000
0.993458 -0.090678 -0.069414 0.000000 0.069280 0.961791 -0.264876 11.006600 0.090780 0.258334 0.961781 0.107900 0.000000 0.000000 0.000000 1.000000
0.993274 -0.087356 -0.075999 0.000000 0.064714 0.963104 -0.261235 11.006600 0.096015 0.254560 0.962279 0.107900 0.000000 0.000000 0.000000 1.000000
0.993552 -0.081703 -0.078608 -0.000000 0.058841 0.964225 -0.258473 11.006600 0.096914 0.252181 0.962815 0.107900 0.000000 0.000000 0.000000 1.000000
0.994271 -0.073595 -0.077518 0.000000 0.051469 0.965243 -0.256237 11.006600 0.093681 0.250779 0.963501 0.107900 0.000000 0.000000 0.000000 1.000000
0.995321 -0.062886 -0.073359 0.000000 0.042319 0.966245 -0.254127 11.006600 0.086864 0.249833 0.964385 0.107900 0.000000 0.000000 0.000000 1.000000
0.996523 -0.049708 -0.066873 0.000000 0.031349 0.967263 -0.251834 11.006600 0.077202 0.248862 0.965457 0.107900 0.000000 0.000000 0.000000 1.000000
0.997662 -0.034322 -0.059091 0.000000 0.018555 0.968290 -0.249141 11.006600 0.065768 0.247462 0.966663 0.107900 0.000000 0.000000 0.000000 1.000000
0.998546 -0.017378 -0.051036 -0.000000 0.004299 0.969277 -0.245933 11.006600 0.053742 0.245356 0.967942 0.107900 0.000000 0.000000 0.000000 1.000000
0.999052 0.000168 -0.043532 0.000000 -0.010713 0.970187 -0.242122 11.006600 0.042194 0.242358 0.969269 0.107900 0.000000 0.000000 0.000000 1.000000
0.999171 0.017058 -0.036957 -0.000000 -0.025369 0.971003 -0.237716 11.006600 0.031830 0.238457 0.970631 0.107900 0.000000 0.000000 0.000000 1.000000
0.998985 0.032245 -0.031441 0.000000 -0.038694 0.971747 -0.232833 11.006600 0.023045 0.233813 0.972008 0.107900 0.000000 0.000000 0.000000 1.000000
0.998625 0.045004 -0.026867 -0.000000 -0.049952 0.972436 -0.227756 11.006600 0.015877 0.228785 0.973348 0.107900 0.000000 0.000000 0.000000 1.000000
0.998225 0.054960 -0.022953 0.000000 -0.058701 0.973070 -0.222912 11.006600 0.010083 0.223864 0.974568 0.107900 0.000000 0.000000 0.000000 1.000000
0.997888 0.062015 -0.019306 -0.000000 -0.064740 0.973631 -0.218749 11.006600 0.005231 0.219537 0.975590 0.107900 0.000000 0.000000 0.000000 1.000000
0.997682 0.066258 -0.015519 0.000000 -0.068046 0.974109 -0.215597 11.006600 0.000832 0.216153 0.976359 0.107900 0.000000 0.000000 0.000000 1.000000
0.997622 0.067986 -0.011325 0.000000 -0.068834 0.974497 -0.213582 11.006600 -0.003484 0.213853 0.976860 0.107900 0.000000 0.000000 0.000000 1.000000
0.997685 0.067666 -0.006706 0.000000 -0.067543 0.974801 -0.212605 11.006600 -0.007849 0.212566 0.977115 0.107900 0.000000 0.000000 0.000000 1.000000
0.997800 0.066257 -0.002202 0.000000 -0.065212 0.975010 -0.212374 11.006600 -0.011924 0.212050 0.977186 0.107900 0.000000 0.000000 0.000000 1.000000
0.998156 0.060609 0.003303 0.000000 -0.058507 0.975180 -0.213544 11.006600 -0.016164 0.212957 0.976928 0.107900 0.000000 0.000000 0.000000 1.000000
0.998612 0.051981 0.008502 0.000000 -0.048926 0.975224 -0.215742 11.006600 -0.019505 0.215027 0.976413 0.107900 0.000000 0.000000 0.000000 1.000000
0.998979 0.043472 0.012264 -0.000000 -0.039763 0.975185 -0.217789 11.006600 -0.021428 0.217079 0.975919 0.107900 0.000000 0.000000 0.000000 1.000000
0.999219 0.036787 0.014409 0.000000 -0.032715 0.974896 -0.220242 11.006600 -0.022150 0.219599 0.975339 0.107900 0.000000 0.000000 0.000000 1.000000
0.999401 0.030671 0.016052 -0.000000 -0.026323 0.974450 -0.223056 11.006600 -0.022483 0.222500 0.974673 0.107900 0.000000 0.000000 0.000000 1.000000
0.999539 0.024943 0.017333 -0.000000 -0.020381 0.973882 -0.226139 11.006600 -0.022521 0.225681 0.973941 0.107900 0.000000 0.000000 0.000000 1.000000
0.999640 0.019573 0.018368 0.000000 -0.014842 0.973240 -0.229309 11.006600 -0.022365 0.228954 0.973180 0.107900 0.000000 0.000000 0.000000 1.000000
0.999709 0.014571 0.019229 -0.000000 -0.009705 0.972566 -0.232423 11.006600 -0.022088 0.232169 0.972425 0.107900 0.000000 0.000000 0.000000 1.000000</float_array>
        <technique_common>
          <accessor source="#mixamorig_Spine-Matrix-animation-output-transform-array" count="66" stride="16">
            <param type="float4x4"/>
          </accessor>
        </technique_common>
      </source>
      <source id="mixamorig_Spine-Interpolations">
        <Name_array id="mixamorig_Spine-Interpolations-array" count="66">
 LINEAR LINEAR LINEAR LINEAR LINEAR LINEAR LINEAR LINEAR LINEAR LINEAR LINEAR
LINEAR LINEAR LINEAR LINEAR LINEAR LINEAR LINEAR LINEAR LINEAR LINEAR LINEAR LINEAR
LINEAR LINEAR LINEAR LINEAR LINEAR LINEAR LINEAR LINEAR LINEAR LINEAR LINEAR LINEAR
LINEAR LINEAR LINEAR LINEAR LINEAR LINEAR LINEAR LINEAR LINEAR LINEAR LINEAR LINEAR
LINEAR LINEAR LINEAR LINEAR LINEAR LINEAR LINEAR LINEAR LINEAR LINEAR LINEAR LINEAR
LINEAR LINEAR LINEAR LINEAR LINEAR LINEAR LINEAR</Name_array>
        <technique_common>
          <accessor source="#mixamorig_Spine-Interpolations-array" count="66">
            <param type="name"/>
          </accessor>
        </technique_common>
      </source>
      <sampler id="mixamorig_Spine-Matrix-animation-transform">
        <input semantic="INPUT" source="#mixamorig_Spine-Matrix-animation-input"/>
        <input semantic="OUTPUT" source="#mixamorig_Spine-Matrix-animation-output-transform"/>
        <input semantic="INTERPOLATION" source="#mixamorig_Spine-Interpolations"/>
      </sampler>
      <channel source="#mixamorig_Spine-Matrix-animation-transform" target="mixamorig_Spine/matrix"/>
    </animation>
    <animation id="mixamorig_Spine1-anim" name="mixamorig_Spine1">
      <source id="mixamorig_Spine1-Matrix-animation-input">
        <float_array id="mixamorig_Spine1-Matrix-animation-input-array" count="66">

0.000000 0.033333 0.066667 0.100000 0.133333 0.166667 0.200000 0.233333 0.266667 0.300000 0.333333 0.366667 0.400000 0.433333 0.466667 0.500000
0.533333 0.566667 0.600000 0.633333 0.666667 0.700000 0.733333 0.766667 0.800000 0.833333 0.866667 0.900000 0.933333 0.966667 1.000000 1.033333
1.066667 1.100000 1.133333 1.166667 1.200000 1.233333 1.266667 1.300000 1.333333 1.366667 1.400000 1.433333 1.466667 1.500000 1.533333 1.566667
1.600000 1.633333 1.666667 1.700000 1.733333 1.766667 1.800000 1.833333 1.866667 1.900000 1.933333 1.966667 2.000000 2.033333 2.066667 2.100000
2.133333 2.166667</float_array>
        <technique_common>
          <accessor source="#mixamorig_Spine1-Matrix-animation-input-array" count="66">
            <param name="TIME" type="float"/>
          </accessor>
        </technique_common>
      </source>
      <source id="mixamorig_Spine1-Matrix-animation-output-transform">
        <float_array id="mixamorig_Spine1-Matrix-animation-output-transform-array" count="1056">

0.999769 0.018047 0.011648 0.000000 -0.015876 0.986127 -0.165229 11.269900 -0.014469 0.165006 0.986186 -0.000000 0.000000 0.000000 0.000000 1.000000
0.999809 0.015571 0.011845 0.000000 -0.013386 0.985983 -0.166308 11.269900 -0.014268 0.166117 0.986003 -0.000000 0.000000 0.000000 0.000000 1.000000
0.999839 0.013265 0.012094 0.000000 -0.011056 0.985854 -0.167242 11.269900 -0.014142 0.167081 0.985842 0.000000 0.000000 0.000000 0.000000 1.000000
0.999860 0.011140 0.012458 0.000000 -0.008890 0.985757 -0.167939 11.269900 -0.014152 0.167805 0.985719 0.000000 0.000000 0.000000 0.000000 1.000000
0.999874 0.009185 0.012980 0.000000 -0.006869 0.985704 -0.168348 11.269900 -0.014341 0.168237 0.985642 0.000000 0.000000 0.000000 0.000000 1.000000
0.999879 0.007433 0.013674 -0.000000 -0.005023 0.985698 -0.168446 11.269900 -0.014731 0.168357 0.985616 0.000000 0.000000 0.000000 0.000000 1.000000
0.999871 0.006375 0.014757 0.000000 -0.003814 0.985874 -0.167445 11.269900 -0.015616 0.167367 0.985771 0.000000 0.000000 0.000000 0.000000 1.000000
0.999885 0.004134 0.014624 0.000000 -0.001621 0.985804 -0.167890 11.269900 -0.015111 0.167847 0.985697 0.000000 0.000000 0.000000 0.000000 1.000000
0.999924 0.001082 0.012321 0.000000 0.001041 0.985272 -0.170990 11.269900 -0.012325 0.170989 0.985196 0.000000 0.000000 0.000000 0.000000 1.000000
0.999972 -0.001903 0.007179 -0.000000 0.003147 0.984133 -0.177405 11.269900 -0.006727 0.177422 0.984112 0.000000 0.000000 0.000000 0.000000 1.000000
0.999993 -0.003587 -0.000872 0.000000 0.003361 0.982407 -0.186722 11.269900 0.001526 0.186718 0.982412 0.000000 0.000000 0.000000 0.000000 1.000000
0.999934 -0.002705 -0.011162 0.000000 0.000450 0.980346 -0.197285 11.269900 0.011476 0.197267 0.980283 0.000000 0.000000 0.000000 0.000000 1.000000
0.999748 0.001603 -0.022408 0.000000 -0.006198 0.978420 -0.206533 11.269900 0.021593 0.206619 0.978183 0.000000 0.000000 0.000000 0.000000 1.000000
0.999409 0.009387 -0.033071 0.000000 -0.016187 0.977181 -0.211790 11.269900 0.030328 0.212201 0.976755 0.000000 0.000000 0.000000 0.000000 1.000000
0.998931 0.019735 -0.041807 -0.000000 -0.028141 0.977040 -0.211189 11.269900 0.036680 0.212140 0.976551 -0.000000 0.000000 0.000000 0.000000 1.000000
0.998376 0.030946 -0.047820 0.000000 -0.040104 0.978083 -0.204314 11.269900 0.040449 0.205900 0.977737 -0.000000 0.000000 0.000000 0.000000 1.000000
0.997859 0.040995 -0.050961 -0.000000 -0.050086 0.980050 -0.192335 11.269900 0.042059 0.194475 0.980005 -0.000000 0.000000 0.000000 0.000000 1.000000
0.997513 0.048079 -0.051545 0.000000 -0.056531 0.982479 -0.177593 11.269900 0.042103 0.180065 0.982753 0.000000 0.000000 0.000000 0.000000 1.000000
0.997447 0.050986 -0.049990 0.000000 -0.058506 0.984919 -0.162824 11.269900 0.040934 0.165333 0.985388 -0.000000 0.000000 0.000000 0.000000 1.000000
0.997703 0.049318 -0.046449 0.000000 -0.055786 0.987078 -0.150218 11.269900 0.038440 0.152464 0.987561 -0.000000 0.000000 0.000000 0.000000 1.000000
0.998229 0.043463 -0.040624 0.000000 -0.048782 0.988845 -0.140737 11.269900 0.034054 0.142469 0.989213 0.000000 0.000000 0.000000 0.000000 1.000000
0.998900 0.034399 -0.031870 0.000000 -0.038375 0.990241 -0.133978 11.269900 0.026950 0.135054 0.990472 0.000000 0.000000 0.000000 0.000000 1.000000
0.999536 0.023344 -0.019552 0.000000 -0.025670 0.991357 -0.128656 11.269900 0.016380 0.129098 0.991497 0.000000 0.000000 0.000000 0.000000 1.000000
0.999929 0.011368 -0.003502 0.000000 -0.011713 0.992295 -0.123346 11.269900 0.002073 0.123378 0.992358 0.000000 0.000000 0.000000 0.000000 1.000000
0.999878 -0.000721 0.015611 -0.000000 0.002545 0.993115 -0.117116 11.269900 -0.015419 0.117142 0.992995 0.000000 0.000000 0.000000 0.000000 1.000000
0.999270 -0.012368 0.036158 0.000000 0.016279 0.993804 -0.109948 11.269900 -0.034574 0.110456 0.993279 0.000000 0.000000 0.000000 0.000000 1.000000
0.998175 -0.023143 0.055779 -0.000000 0.028803 0.994274 -0.102910 11.269900 -0.053078 0.104329 0.993125 0.000000 0.000000 0.000000 0.000000 1.000000
0.996876 -0.032676 0.071910 0.000000 0.039658 0.994405 -0.097904 11.269900 -0.068308 0.100450 0.992594 -0.000000 0.000000 0.000000 0.000000 1.000000
0.995760 -0.040824 0.082431 0.000000 0.048788 0.994085 -0.097031 11.269900 -0.077982 0.100641 0.991862 0.000000 0.000000 0.000000 0.000000 1.000000
0.995138 -0.047625 0.086212 -0.000000 0.056374 0.993178 -0.102072 11.269900 -0.080763 0.106436 0.991034 0.000000 0.000000 0.000000 0.000000 1.000000
0.995090 -0.053420 0.083317 0.000000 0.062746 0.991536 -0.113664 11.269900 -0.076540 0.118334 0.990020 0.000000 0.000000 0.000000 0.000000 1.000000
0.995511 -0.057908 0.074857 0.000000 0.067439 0.988978 -0.131812 11.269900 -0.066399 0.136268 0.988444 0.000000 0.000000 0.000000 0.000000 1.000000
0.996139 -0.061711 0.062439 0.000000 0.070694 0.985578 -0.153745 11.269900 -0.052051 0.157566 0.986136 0.000000 0.000000 0.000000 0.000000 1.000000
0.996716 -0.065467 0.047650 -0.000000 0.072874 0.981792 -0.175424 11.269900 -0.035297 0.178321 0.983339 0.000000 0.000000 0.000000 0.000000 1.000000
0.997086 -0.069374 0.031741 0.000000 0.074223 0.978316 -0.193361 11.269900 -0.017638 0.195153 0.980614 0.000000 0.000000 0.000000 0.000000 1.000000
0.997187 -0.073327 0.015561 -0.000000 0.074960 0.975802 -0.205408 11.269900 -0.000123 0.205996 0.978553 0.000000 0.000000 0.000000 0.000000 1.000000
0.997029 -0.077025 -0.000289 -0.000000 0.075230 0.974579 -0.211037 11.269900 0.016537 0.210389 0.977478 0.000000 0.000000 0.000000 0.000000 1.000000
0.996680 -0.079979 -0.015227 0.000000 0.074973 0.974531 -0.211349 11.269900 0.031743 0.209506 0.977292 0.000000 0.000000 0.000000 0.000000 1.000000
0.996243 -0.081750 -0.028587 0.000000 0.074049 0.975248 -0.208346 11.269900 0.044911 0.205446 0.977637 0.000000 0.000000 0.000000 0.000000 1.000000
0.995831 -0.082142 -0.039661 0.000000 0.072393 0.976247 -0.204210 11.269900 0.055493 0.200487 0.978123 0.000000 0.000000 0.000000 0.000000 1.000000
0.995566 -0.080967 -0.047885 -0.000000 0.069829 0.977197 -0.200522 11.269900 0.063028 0.196289 0.978518 0.000000 0.000000 0.000000 0.000000 1.000000
0.995540 -0.078071 -0.052968 0.000000 0.066158 0.977966 -0.198002 11.269900 0.067259 0.193615 0.978769 -0.000000 0.000000 0.000000 0.000000 1.000000
0.995798 -0.073265 -0.054946 0.000000 0.061150 0.978576 -0.196597 11.269900 0.068172 0.192411 0.978944 0.000000 0.000000 0.000000 0.000000 1.000000
0.996326 -0.066365 -0.054128 0.000000 0.054579 0.979114 -0.195851 11.269900 0.065995 0.192177 0.979139 0.000000 0.000000 0.000000 0.000000 1.000000
0.997053 -0.057302 -0.051002 0.000000 0.046316 0.979663 -0.195230 11.269900 0.061152 0.192293 0.979430 0.000000 0.000000 0.000000 0.000000 1.000000
0.997863 -0.046267 -0.046149 -0.000000 0.036466 0.980268 -0.194281 11.269900 0.054227 0.192183 0.979860 0.000000 0.000000 0.000000 0.000000 1.000000
0.998621 -0.033779 -0.040180 -0.000000 0.025427 0.980927 -0.192706 11.269900 0.045923 0.191419 0.980433 0.000000 0.000000 0.000000 0.000000 1.000000
0.999220 -0.020622 -0.033686 -0.000000 0.013841 0.981614 -0.190373 11.269900 0.036992 0.189758 0.981134 -0.000000 0.000000 0.000000 0.000000 1.000000
0.999601 -0.007664 -0.027193 0.000000 0.002438 0.982313 -0.187230 11.269900 0.028147 0.187089 0.981940 0.000000 0.000000 0.000000 0.000000 1.000000
0.999768 0.004274 -0.021120 0.000000 -0.008076 0.983015 -0.183348 11.269900 0.019977 0.183476 0.982821 0.000000 0.000000 0.000000 0.000000 1.000000
0.999769 0.014604 -0.015742 0.000000 -0.017187 0.983716 -0.178909 11.269900 0.012873 0.179138 0.983740 0.000000 0.000000 0.000000 0.000000 1.000000
0.999672 0.023044 -0.011191 -0.000000 -0.024643 0.984395 -0.174237 11.269900 0.007001 0.174456 0.984640 0.000000 0.000000 0.000000 0.000000 1.000000
0.999534 0.029597 -0.007461 -0.000000 -0.030435 0.985016 -0.169757 11.269900 0.002324 0.169905 0.985458 -0.000000 0.000000 0.000000 0.000000 1.000000
0.999397 0.034448 -0.004434 0.000000 -0.034706 0.985534 -0.165884 11.269900 -0.001344 0.165938 0.986135 0.000000 0.000000 0.000000 0.000000 1.000000
0.999281 0.037855 -0.001919 0.000000 -0.037661 0.985923 -0.162905 11.269900 -0.004275 0.162861 0.986640 0.000000 0.000000 0.000000 0.000000 1.000000
0.999197 0.040074 0.000303 0.000000 -0.039503 0.986178 -0.160913 11.269900 -0.006747 0.160772 0.986968 0.000000 0.000000 0.000000 0.000000 1.000000
0.999143 0.041315 0.002416 0.000000 -0.040399 0.986323 -0.159796 11.269900 -0.008985 0.159562 0.987147 0.000000 0.000000 0.000000 0.000000 1.000000
0.999120 0.041706 0.004506 0.000000 -0.040457 0.986404 -0.159281 11.269900 -0.011087 0.158959 0.987223 0.000000 0.000000 0.000000 0.000000 1.000000
0.999173 0.040101 0.006666 0.000000 -0.038527 0.986465 -0.159383 11.269900 -0.012967 0.158995 0.987194 0.000000 0.000000 0.000000 0.000000 1.000000
0.999292 0.036639 0.008554 0.000000 -0.034803 0.986528 -0.159846 11.269900 -0.014296 0.159435 0.987105 0.000000 0.000000 0.000000 0.000000 1.000000
0.999414 0.032802 0.009793 0.000000 -0.030811 0.986596 -0.160246 11.269900 -0.014918 0.159850 0.987029 0.000000 0.000000 0.000000 0.000000 1.000000
0.999510 0.029494 0.010454 0.000000 -0.027429 0.986581 -0.160950 11.269900 -0.015061 0.160585 0.986907 -0.000000 0.000000 0.000000 0.000000 1.000000
0.999592 0.026402 0.010919 0.000000 -0.024289 0.986513 -0.161871 11.269900 -0.015045 0.161540 0.986752 0.000000 0.000000 0.000000 0.000000 1.000000
0.999661 0.023481 0.011231 0.000000 -0.021339 0.986403 -0.162954 11.269900 -0.014904 0.162659 0.986570 0.000000 0.000000 0.000000 0.000000 1.000000
0.999720 0.020696 0.011457 0.000000 -0.018537 0.986270 -0.164098 11.269900 -0.014696 0.163839 0.986378 0.000000 0.000000 0.000000 0.000000 1.000000
0.999769 0.018047 0.011648 0.000000 -0.015876 0.986127 -0.165229 11.269900 -0.014469 0.165006 0.986186 -0.000000 0.000000 0.000000 0.000000 1.000000</float_array>
        <technique_common>
          <accessor source="#mixamorig_Spine1-Matrix-animation-output-transform-array" count="66" stride="16">
            <param type="float4x4"/>
          </accessor>
        </technique_common>
      </source>
      <source id="mixamorig_Spine1-Interpolations">
        <Name_array id="mixamorig_Spine1-Interpolations-array" count="66">
 LINEAR LINEAR LINEAR LINEAR LINEAR LINEAR LINEAR LINEAR LINEAR LINEAR LINEAR
LINEAR LINEAR LINEAR LINEAR LINEAR LINEAR LINEAR LINEAR LINEAR LINEAR LINEAR LINEAR
LINEAR LINEAR LINEAR LINEAR LINEAR LINEAR LINEAR LINEAR LINEAR LINEAR LINEAR LINEAR
LINEAR LINEAR LINEAR LINEAR LINEAR LINEAR LINEAR LINEAR LINEAR LINEAR LINEAR LINEAR
LINEAR LINEAR LINEAR LINEAR LINEAR LINEAR LINEAR LINEAR LINEAR LINEAR LINEAR LINEAR
LINEAR LINEAR LINEAR LINEAR LINEAR LINEAR LINEAR</Name_array>
        <technique_common>
          <accessor source="#mixamorig_Spine1-Interpolations-array" count="66">
            <param type="name"/>
          </accessor>
        </technique_common>
      </source>
      <sampler id="mixamorig_Spine1-Matrix-animation-transform">
        <input semantic="INPUT" source="#mixamorig_Spine1-Matrix-animation-input"/>
        <input semantic="OUTPUT" source="#mixamorig_Spine1-Matrix-animation-output-transform"/>
        <input semantic="INTERPOLATION" source="#mixamorig_Spine1-Interpolations"/>
      </sampler>
      <channel source="#mixamorig_Spine1-Matrix-animation-transform" target="mixamorig_Spine1/matrix"/>
    </animation>
    <animation id="mixamorig_Spine2-anim" name="mixamorig_Spine2">
      <source id="mixamorig_Spine2-Matrix-animation-input">
        <float_array id="mixamorig_Spine2-Matrix-animation-input-array" count="66">

0.000000 0.033333 0.066667 0.100000 0.133333 0.166667 0.200000 0.233333 0.266667 0.300000 0.333333 0.366667 0.400000 0.433333 0.466667 0.500000
0.533333 0.566667 0.600000 0.633333 0.666667 0.700000 0.733333 0.766667 0.800000 0.833333 0.866667 0.900000 0.933333 0.966667 1.000000 1.033333
1.066667 1.100000 1.133333 1.166667 1.200000 1.233333 1.266667 1.300000 1.333333 1.366667 1.400000 1.433333 1.466667 1.500000 1.533333 1.566667
1.600000 1.633333 1.666667 1.700000 1.733333 1.766667 1.800000 1.833333 1.866667 1.900000 1.933333 1.966667 2.000000 2.033333 2.066667 2.100000
2.133333 2.166667</float_array>
        <technique_common>
          <accessor source="#mixamorig_Spine2-Matrix-animation-input-array" count="66">
            <param name="TIME" type="float"/>
          </accessor>
        </technique_common>
      </source>
      <source id="mixamorig_Spine2-Matrix-animation-output-transform">
        <float_array id="mixamorig_Spine2-Matrix-animation-output-transform-array" count="1056">

0.999723 0.018872 0.014050 0.000000 -0.016592 0.988894 -0.147693 10.816000 -0.016681 0.147419 0.988933 0.000000 0.000000 0.000000 0.000000 1.000000
0.999763 0.016445 0.014232 0.000000 -0.014146 0.988770 -0.148776 10.816000 -0.016519 0.148539 0.988769 0.000000 0.000000 0.000000 0.000000 1.000000
0.999795 0.014185 0.014468 0.000000 -0.011860 0.988658 -0.149713 10.816000 -0.016428 0.149511 0.988624 0.000000 0.000000 0.000000 0.000000 1.000000
