<?xml version="1.0" encoding="utf-8"?>
<COLLADA xmlns="http://www.collada.org/2005/11/COLLADASchema" version="1.4.1">
  <asset>
    <contributor>
      <author>Mixamo</author>
      <authoring_tool>COLLADA Mixamo exporter</authoring_tool>
      <comments/>
    </contributor>
    <created>2024-11-02T01:57:37Z</created>
    <modified>2024-11-02T01:57:37Z</modified>
    <revision/>
    <title/>
    <unit meter="0.010000"/>
    <up_axis>Y_UP</up_axis>
  </asset>
  <library_animations>
    <animation id="mixamorig_Hips-anim" name="mixamorig_Hips">
      <source id="mixamorig_Hips-Matrix-animation-input">
        <float_array id="mixamorig_Hips-Matrix-animation-input-array" count="140">

0.000000 0.033333 0.066667 0.100000 0.133333 0.166667 0.200000 0.233333 0.266667 0.300000 0.333333 0.366667 0.400000 0.433333 0.466667 0.500000
0.533333 0.566667 0.600000 0.633333 0.666667 0.700000 0.733333 0.766667 0.800000 0.833333 0.866667 0.900000 0.933333 0.966667 1.000000 1.033333
1.066667 1.100000 1.133333 1.166667 1.200000 1.233333 1.266667 1.300000 1.333333 1.366667 1.400000 1.433333 1.466667 1.500000 1.533333 1.566667
1.600000 1.633333 1.666667 1.700000 1.733333 1.766667 1.800000 1.833333 1.866667 1.900000 1.933333 1.966667 2.000000 2.033333 2.066667 2.100000
2.133333 2.166667 2.200000 2.233333 2.266667 2.300000 2.333333 2.366667 2.400000 2.433333 2.466667 2.500000 2.533333 2.566667 2.600000 2.633333
2.666667 2.700000 2.733333 2.766667 2.800000 2.833333 2.866667 2.900000 2.933333 2.966667 3.000000 3.033333 3.066667 3.100000 3.133333 3.166667
3.200000 3.233333 3.266667 3.300000 3.333333 3.366667 3.400000 3.433333 3.466667 3.500000 3.533333 3.566667 3.600000 3.633333 3.666667 3.700000
3.733333 3.766667 3.800000 3.833333 3.866667 3.900000 3.933333 3.966667 4.000000 4.033333 4.066667 4.100000 4.133333 4.166667 4.200000 4.233333
4.266667 4.300000 4.333333 4.366667 4.400000 4.433333 4.466667 4.500000 4.533333 4.566667 4.600000 4.633333</float_array>
        <technique_common>
          <accessor source="#mixamorig_Hips-Matrix-animation-input-array" count="140">
            <param name="TIME" type="float"/>
          </accessor>
        </technique_common>
      </source>
      <source id="mixamorig_Hips-Matrix-animation-output-transform">
        <float_array id="mixamorig_Hips-Matrix-animation-output-transform-array" count="2240">

0.952506 -0.037184 -0.302242 -0.001839 -0.020195 0.982619 -0.184534 101.215973 0.303850 0.181873 0.935199 -0.841646 0.000000 0.000000 0.000000 1.000000
0.953406 -0.037776 -0.299315 -0.077929 -0.019799 0.982156 -0.187024 101.295700 0.301039 0.184236 0.935646 -0.903392 0.000000 0.000000 0.000000 1.000000
0.953843 -0.043928 -0.297077 -0.244122 -0.016350 0.980180 -0.197434 101.387711 0.299862 0.193178 0.934219 -1.165903 0.000000 0.000000 0.000000 1.000000
0.954170 -0.055419 -0.294089 -0.501993 -0.011423 0.975243 -0.220841 101.394989 0.299047 0.214080 0.929914 -1.716415 0.000000 0.000000 0.000000 1.000000
0.955020 -0.069448 -0.288294 -0.838290 -0.007340 0.966356 -0.257102 101.246582 0.296450 0.247654 0.922380 -2.527401 0.000000 0.000000 0.000000 1.000000
0.957712 -0.081528 -0.275937 -1.254257 -0.006697 0.952440 -0.304652 100.833015 0.287652 0.293617 0.911617 -3.567903 0.000000 0.000000 0.000000 1.000000
0.962146 -0.088509 -0.257763 -1.708966 -0.009121 0.934809 -0.355033 100.097420 0.272382 0.343944 0.898616 -4.761813 0.000000 0.000000 0.000000 1.000000
0.966962 -0.092384 -0.237590 -2.171564 -0.012415 0.913848 -0.405866 98.994392 0.254617 0.395407 0.882510 -6.076827 0.000000 0.000000 0.000000 1.000000
0.971360 -0.094800 -0.217883 -2.646840 -0.015524 0.889688 -0.456305 97.537148 0.237105 0.446619 0.862736 -7.457933 0.000000 0.000000 0.000000 1.000000
0.974916 -0.096338 -0.200642 -3.141205 -0.017380 0.865765 -0.500149 95.858009 0.221892 0.491091 0.842374 -8.842732 0.000000 0.000000 0.000000 1.000000
0.977353 -0.098165 -0.187470 -3.687155 -0.016843 0.847001 -0.531324 94.134064 0.210945 0.522448 0.826166 -10.152251 0.000000 0.000000 0.000000 1.000000
0.978877 -0.101284 -0.177600 -4.332255 -0.013253 0.835406 -0.549474 92.525803 0.204021 0.540221 0.816417 -11.309470 0.000000 0.000000 0.000000 1.000000
0.980100 -0.104416 -0.168825 -5.071864 -0.007261 0.831052 -0.556148 91.221176 0.198372 0.546306 0.813755 -12.305153 0.000000 0.000000 0.000000 1.000000
0.981397 -0.104580 -0.161005 -5.877522 -0.001868 0.833377 -0.552702 90.451790 0.191979 0.542720 0.817679 -13.186274 0.000000 0.000000 0.000000 1.000000
0.982700 -0.099926 -0.155932 -6.749262 -0.000288 0.841127 -0.540838 90.406456 0.185203 0.531526 0.826547 -13.989672 0.000000 0.000000 0.000000 1.000000
0.983678 -0.090900 -0.155292 -7.696479 -0.003135 0.854231 -0.519884 91.088417 0.179913 0.511885 0.840003 -14.693535 0.000000 0.000000 0.000000 1.000000
0.983984 -0.078553 -0.160014 -8.696062 -0.009000 0.874627 -0.484714 92.292694 0.178028 0.478391 0.859912 -15.189556 0.000000 0.000000 0.000000 1.000000
0.983471 -0.063455 -0.169585 -9.668727 -0.015938 0.902610 -0.430164 93.762344 0.180365 0.425757 0.886679 -15.288740 0.000000 0.000000 0.000000 1.000000
0.982266 -0.047910 -0.181267 -10.516631 -0.020464 0.933630 -0.357654 95.353439 0.186372 0.355021 0.916093 -14.799858 0.000000 0.000000 0.000000 1.000000
0.980789 -0.035517 -0.191811 -11.189645 -0.018931 0.961314 -0.274803 96.993546 0.194151 0.273155 0.942174 -13.614487 0.000000 0.000000 0.000000 1.000000
0.979762 -0.025628 -0.198516 -11.725112 -0.012549 0.981954 -0.188703 98.654999 0.199770 0.187375 0.961760 -11.749963 0.000000 0.000000 0.000000 1.000000
0.979914 -0.014274 -0.198909 -12.228165 -0.006745 0.994492 -0.104596 100.283394 0.199306 0.103837 0.974420 -9.280817 0.000000 0.000000 0.000000 1.000000
0.980895 -0.001754 -0.194532 -12.810765 -0.004583 0.999473 -0.032121 101.784981 0.194486 0.032399 0.980370 -6.331169 0.000000 0.000000 0.000000 1.000000
0.981099 0.008555 -0.193320 -13.452143 -0.005673 0.999865 0.015452 103.031616 0.193426 -0.014063 0.981014 -3.107151 0.000000 0.000000 0.000000 1.000000
0.979455 0.015471 -0.201066 -13.945387 -0.009118 0.999431 0.032488 103.769623 0.201454 -0.029987 0.979039 0.191914 0.000000 0.000000 0.000000 1.000000
0.976284 0.017967 -0.215746 -14.274647 -0.012306 0.999545 0.027555 104.254822 0.216143 -0.024246 0.976061 3.352751 0.000000 0.000000 0.000000 1.000000
0.972220 0.014511 -0.233621 -14.402693 -0.011152 0.999815 0.015693 104.551720 0.233805 -0.012651 0.972201 6.284868 0.000000 0.000000 0.000000 1.000000
0.967474 0.006072 -0.252898 -14.281343 -0.004686 0.999971 0.006082 104.668808 0.252927 -0.004699 0.967474 8.914433 0.000000 0.000000 0.000000 1.000000
0.962449 -0.004337 -0.271427 -13.937658 0.003928 0.999990 -0.002051 104.684113 0.271433 0.000908 0.962457 11.205736 0.000000 0.000000 0.000000 1.000000
0.958348 -0.013901 -0.285263 -13.413565 0.010813 0.999865 -0.012398 104.669380 0.285397 0.008797 0.958369 13.252763 0.000000 0.000000 0.000000 1.000000
0.956753 -0.019911 -0.290219 -12.864531 0.013616 0.999627 -0.023695 104.466629 0.290583 0.018718 0.956667 15.058702 0.000000 0.000000 0.000000 1.000000
0.958792 -0.020507 -0.283367 -12.355124 0.011760 0.999401 -0.032535 104.211349 0.283865 0.027861 0.958459 16.576841 0.000000 0.000000 0.000000 1.000000
0.964784 -0.016057 -0.262552 -11.917717 0.006010 0.999220 -0.039027 104.076492 0.262974 0.036075 0.964128 17.634920 0.000000 0.000000 0.000000 1.000000
0.973471 -0.008761 -0.228641 -11.532323 -0.002021 0.998899 -0.046877 104.028221 0.228800 0.046095 0.972381 18.043768 0.000000 0.000000 0.000000 1.000000
0.981863 -0.001961 -0.189583 -11.112471 -0.009856 0.998067 -0.061365 104.082726 0.189337 0.062120 0.979945 17.730555 0.000000 0.000000 0.000000 1.000000
0.987551 0.001938 -0.157284 -10.503108 -0.015833 0.996071 -0.087137 104.365486 0.156498 0.088543 0.983702 16.679001 0.000000 0.000000 0.000000 1.000000
0.990274 0.002413 -0.139107 -9.407402 -0.019975 0.991957 -0.124991 104.845840 0.137686 0.126554 0.982358 14.913944 0.000000 0.000000 0.000000 1.000000
0.990627 -0.001049 -0.136589 -8.199993 -0.022528 0.985022 -0.170950 104.455742 0.134722 0.172425 0.975766 12.020657 0.000000 0.000000 0.000000 1.000000
0.988685 -0.008814 -0.149746 -6.792021 -0.024392 0.975540 -0.218463 103.475159 0.148009 0.219644 0.964287 8.333636 0.000000 0.000000 0.000000 1.000000
0.984247 -0.019822 -0.175684 -5.205871 -0.026889 0.965353 -0.259560 102.102966 0.174742 0.260195 0.949612 4.280794 0.000000 0.000000 0.000000 1.000000
0.978093 -0.029982 -0.205999 -3.630318 -0.031121 0.957393 -0.287108 100.521912 0.205830 0.287229 0.935486 0.286401 0.000000 0.000000 0.000000 1.000000
0.971639 -0.036180 -0.233685 -2.302735 -0.037192 0.952546 -0.302115 98.979889 0.233526 0.302238 0.924185 -3.199818 0.000000 0.000000 0.000000 1.000000
0.965227 -0.041206 -0.258147 -1.439474 -0.045157 0.946372 -0.319907 97.729622 0.257485 0.320440 0.911603 -5.768871 0.000000 0.000000 0.000000 1.000000
0.958849 -0.045961 -0.280172 -0.934709 -0.061464 0.929805 -0.362884 96.778008 0.277184 0.365171 0.888718 -7.146093 0.000000 0.000000 0.000000 1.000000
0.954352 -0.050616 -0.294365 -0.658814 -0.088687 0.893069 -0.441092 95.888397 0.285215 0.447063 0.847813 -7.470493 0.000000 0.000000 0.000000 1.000000
0.952548 -0.060002 -0.298415 -0.556621 -0.117429 0.832047 -0.542133 94.943710 0.280824 0.551450 0.785519 -7.242711 0.000000 0.000000 0.000000 1.000000
0.951481 -0.081874 -0.296616 -0.689210 -0.134532 0.756255 -0.640297 93.774994 0.276741 0.649134 0.708547 -7.069312 0.000000 0.000000 0.000000 1.000000
0.950290 -0.115448 -0.289171 -0.994227 -0.133518 0.687905 -0.713414 92.361519 0.281284 0.716560 0.638295 -7.336249 0.000000 0.000000 0.000000 1.000000
0.949968 -0.146706 -0.275752 -1.294064 -0.118597 0.647304 -0.752949 90.831314 0.288957 0.747980 0.597519 -8.005888 0.000000 0.000000 0.000000 1.000000
0.951215 -0.162587 -0.262211 -1.494965 -0.101528 0.637589 -0.763657 89.464485 0.291344 0.753024 0.589977 -8.745433 0.000000 0.000000 0.000000 1.000000
0.953026 -0.164677 -0.254210 -1.675207 -0.091593 0.643305 -0.760111 88.542610 0.288708 0.747690 0.598003 -9.261102 0.000000 0.000000 0.000000 1.000000
0.953517 -0.166771 -0.250985 -1.962517 -0.087496 0.643791 -0.760182 88.146484 0.288358 0.746807 0.599274 -9.501501 0.000000 0.000000 0.000000 1.000000
0.951775 -0.178861 -0.249266 -2.384523 -0.082186 0.634138 -0.768839 88.113464 0.295584 0.752248 0.588857 -9.620065 0.000000 0.000000 0.000000 1.000000
0.947895 -0.196205 -0.250997 -2.865165 -0.074470 0.629565 -0.773371 88.211678 0.309758 0.751766 0.582150 -9.793846 0.000000 0.000000 0.000000 1.000000
0.942668 -0.207294 -0.261546 -3.352191 -0.068891 0.645952 -0.760263 88.308746 0.326544 0.734694 0.594637 -10.085036 0.000000 0.000000 0.000000 1.000000
0.937672 -0.206939 -0.279190 -3.881523 -0.066632 0.681414 -0.728858 88.391457 0.341073 0.702033 0.625155 -10.450536 0.000000 0.000000 0.000000 1.000000
0.934272 -0.199031 -0.295844 -4.514409 -0.064720 0.721270 -0.689624 88.512764 0.350639 0.663443 0.660981 -10.825708 0.000000 0.000000 0.000000 1.000000
0.932713 -0.189426 -0.306863 -5.268132 -0.061249 0.755355 -0.652447 88.725258 0.355381 0.627340 0.692927 -11.163654 0.000000 0.000000 0.000000 1.000000
0.932351 -0.180005 -0.313561 -6.103325 -0.056800 0.783563 -0.618711 89.045563 0.357065 0.594666 0.720331 -11.441218 0.000000 0.000000 0.000000 1.000000
0.932371 -0.170113 -0.318976 -6.971209 -0.052417 0.809419 -0.584888 89.450294 0.357683 0.562052 0.745762 -11.667068 0.000000 0.000000 0.000000 1.000000
0.932341 -0.159779 -0.324363 -7.856060 -0.048243 0.834079 -0.549532 89.924049 0.358348 0.527999 0.769937 -11.873135 0.000000 0.000000 0.000000 1.000000
0.932405 -0.149581 -0.329010 -8.734480 -0.043951 0.856650 -0.514022 90.433990 0.358734 0.493737 0.792170 -12.056784 0.000000 0.000000 0.000000 1.000000
0.932833 -0.139440 -0.332234 -9.587174 -0.039510 0.876933 -0.478986 90.943703 0.358136 0.459940 0.812523 -12.217963 0.000000 0.000000 0.000000 1.000000
0.933449 -0.130008 -0.334323 -10.378596 -0.034350 0.895332 -0.444073 91.483154 0.357063 0.426004 0.831280 -12.381207 0.000000 0.000000 0.000000 1.000000
0.933401 -0.122797 -0.337169 -11.085770 -0.028182 0.911635 -0.410034 92.046707 0.357726 0.392229 0.847460 -12.563456 0.000000 0.000000 0.000000 1.000000
0.932012 -0.118126 -0.342638 -11.691764 -0.022016 0.925196 -0.378851 92.567093 0.361759 0.360637 0.859693 -12.746227 0.000000 0.000000 0.000000 1.000000
0.929668 -0.114285 -0.350223 -12.175370 -0.017584 0.935815 -0.352053 92.991028 0.367978 0.333451 0.867988 -12.890562 0.000000 0.000000 0.000000 1.000000
0.927035 -0.109393 -0.358662 -12.513774 -0.015981 0.944103 -0.329262 93.328979 0.374633 0.310969 0.873469 -12.969118 0.000000 0.000000 0.000000 1.000000
0.923836 -0.103264 -0.368598 -12.694366 -0.016966 0.950933 -0.308931 93.620071 0.382413 0.291656 0.876754 -12.988241 0.000000 0.000000 0.000000 1.000000
0.919442 -0.096661 -0.381161 -12.720336 -0.019463 0.956942 -0.289625 93.889755 0.392744 0.273712 0.877971 -12.971125 0.000000 0.000000 0.000000 1.000000
0.914250 -0.089701 -0.395095 -12.600579 -0.022408 0.962494 -0.270375 94.145241 0.404530 0.256043 0.877951 -12.921906 0.000000 0.000000 0.000000 1.000000
0.909301 -0.082345 -0.407911 -12.349398 -0.025494 0.967362 -0.252114 94.393936 0.415358 0.239647 0.877523 -12.820423 0.000000 0.000000 0.000000 1.000000
0.904839 -0.075468 -0.419011 -11.994078 -0.028973 0.970969 -0.237446 94.654823 0.424766 0.226990 0.876384 -12.661675 0.000000 0.000000 0.000000 1.000000
0.900422 -0.069847 -0.429373 -11.561707 -0.032768 0.973331 -0.227052 94.944473 0.433781 0.218512 0.874120 -12.475854 0.000000 0.000000 0.000000 1.000000
0.896059 -0.065128 -0.439132 -11.059194 -0.036500 0.975023 -0.219086 95.261719 0.442433 0.212342 0.871300 -12.288452 0.000000 0.000000 0.000000 1.000000
0.892141 -0.060657 -0.447667 -10.471555 -0.040217 0.976347 -0.212438 95.592010 0.449964 0.207529 0.868599 -12.083117 0.000000 0.000000 0.000000 1.000000
0.888447 -0.056460 -0.455493 -9.782541 -0.044348 0.977202 -0.207629 95.922615 0.456832 0.204667 0.865688 -11.825553 0.000000 0.000000 0.000000 1.000000
0.884378 -0.052978 -0.463756 -8.992147 -0.048734 0.977628 -0.204616 96.254791 0.464221 0.203559 0.862011 -11.501859 0.000000 0.000000 0.000000 1.000000
0.880207 -0.050217 -0.471925 -8.112671 -0.052311 0.978062 -0.201641 96.598618 0.471698 0.202173 0.858270 -11.123537 0.000000 0.000000 0.000000 1.000000
0.876952 -0.047657 -0.478209 -7.160601 -0.054291 0.978877 -0.197111 96.951370 0.477502 0.198819 0.855841 -10.704393 0.000000 0.000000 0.000000 1.000000
0.875212 -0.045264 -0.481617 -6.150799 -0.055026 0.979835 -0.192083 97.287277 0.480600 0.194614 0.855073 -10.233669 0.000000 0.000000 0.000000 1.000000
0.874828 -0.043741 -0.482454 -5.093015 -0.055459 0.980324 -0.189443 97.572464 0.481248 0.192486 0.855190 -9.687341 0.000000 0.000000 0.000000 1.000000
0.875034 -0.043459 -0.482107 -4.001876 -0.056347 0.980046 -0.190616 97.783363 0.480771 0.193961 0.855125 -9.074492 0.000000 0.000000 0.000000 1.000000
0.875175 -0.044074 -0.481794 -2.904780 -0.057624 0.979257 -0.194256 97.913330 0.480362 0.197771 0.854482 -8.443199 0.000000 0.000000 0.000000 1.000000
0.875541 -0.044804 -0.481061 -1.829770 -0.058649 0.978471 -0.197873 97.967972 0.479570 0.201460 0.854064 -7.839448 0.000000 0.000000 0.000000 1.000000
0.877414 -0.044446 -0.477671 -0.799503 -0.059217 0.978050 -0.199779 97.956909 0.476065 0.203575 0.855523 -7.284035 0.000000 0.000000 0.000000 1.000000
0.882628 -0.042404 -0.468155 0.164877 -0.059132 0.977996 -0.200067 97.902885 0.466337 0.204268 0.860700 -6.777211 0.000000 0.000000 0.000000 1.000000
0.892153 -0.040118 -0.449948 1.037030 -0.057488 0.977867 -0.201174 97.821732 0.448060 0.205344 0.870101 -6.306212 0.000000 0.000000 0.000000 1.000000
0.904293 -0.039687 -0.425063 1.772540 -0.053899 0.977089 -0.205895 97.719482 0.423495 0.209100 0.881436 -5.870374 0.000000 0.000000 0.000000 1.000000
0.915517 -0.040268 -0.400260 2.323384 -0.049964 0.975891 -0.212462 97.620438 0.399165 0.214511 0.891433 -5.512928 0.000000 0.000000 0.000000 1.000000
0.923828 -0.039242 -0.380791 2.674607 -0.047631 0.975218 -0.216057 97.550751 0.379833 0.217737 0.899065 -5.279510 0.000000 0.000000 0.000000 1.000000
0.929987 -0.036050 -0.365821 2.848107 -0.046990 0.975356 -0.215574 97.504425 0.364577 0.217671 0.905375 -5.154004 0.000000 0.000000 0.000000 1.000000
0.935481 -0.032105 -0.351915 2.870375 -0.047043 0.975687 -0.214062 97.464485 0.350231 0.216806 0.911226 -5.092346 0.000000 0.000000 0.000000 1.000000
0.940854 -0.028723 -0.337593 2.751757 -0.047105 0.975634 -0.214287 97.433563 0.335522 0.217515 0.916576 -5.077672 0.000000 0.000000 0.000000 1.000000
0.945833 -0.026272 -0.323589 2.489329 -0.046904 0.975205 -0.216275 97.428612 0.321248 0.219738 0.921149 -5.109540 0.000000 0.000000 0.000000 1.000000
0.950055 -0.024579 -0.311114 2.076874 -0.046294 0.974766 -0.218377 97.457504 0.308631 0.221873 0.924943 -5.178431 0.000000 0.000000 0.000000 1.000000
0.953478 -0.023355 -0.300556 1.516325 -0.045270 0.974596 -0.219346 97.508430 0.298043 0.222748 0.928199 -5.273843 0.000000 0.000000 0.000000 1.000000
0.956500 -0.022191 -0.290886 0.831180 -0.044019 0.974708 -0.219103 97.559181 0.288391 0.222377 0.931332 -5.401250 0.000000 0.000000 0.000000 1.000000
0.959634 -0.020786 -0.280483 0.060000 -0.042616 0.975005 -0.218059 97.604385 0.278005 0.221209 0.934762 -5.572814 0.000000 0.000000 0.000000 1.000000
0.962945 -0.019286 -0.269008 -0.772493 -0.040871 0.975485 -0.216238 97.657410 0.266584 0.219220 0.938550 -5.788865 0.000000 0.000000 0.000000 1.000000
0.966123 -0.018164 -0.257443 -1.663138 -0.038509 0.976208 -0.213389 97.728699 0.255194 0.216074 0.942437 -6.040843 0.000000 0.000000 0.000000 1.000000
0.968928 -0.017889 -0.246694 -2.606909 -0.035351 0.977126 -0.209703 97.813400 0.244802 0.211909 0.946133 -6.319079 0.000000 0.000000 0.000000 1.000000
0.971345 -0.018746 -0.236935 -3.583447 -0.031405 0.978021 -0.206127 97.893402 0.235591 0.207661 0.949407 -6.607099 0.000000 0.000000 0.000000 1.000000
0.973402 -0.020780 -0.228159 -4.559699 -0.026841 0.978677 -0.203645 97.963898 0.227526 0.204352 0.952088 -6.883206 0.000000 0.000000 0.000000 1.000000
0.975031 -0.023644 -0.220805 -5.505546 -0.022056 0.979089 -0.202235 98.041260 0.220969 0.202055 0.954121 -7.133370 0.000000 0.000000 0.000000 1.000000
0.976107 -0.026691 -0.215647 -6.407611 -0.017525 0.979524 -0.200561 98.139069 0.216584 0.199548 0.955652 -7.355621 0.000000 0.000000 0.000000 1.000000
0.976535 -0.029461 -0.213336 -7.261004 -0.013522 0.980256 -0.197269 98.256714 0.214936 0.195525 0.956856 -7.550455 0.000000 0.000000 0.000000 1.000000
0.976348 -0.032026 -0.213818 -8.053552 -0.010003 0.981218 -0.192644 98.391037 0.215971 0.190226 0.957690 -7.711638 0.000000 0.000000 0.000000 1.000000
0.975860 -0.035049 -0.215566 -8.762939 -0.006291 0.982118 -0.188161 98.537819 0.218306 0.184975 0.958189 -7.828489 0.000000 0.000000 0.000000 1.000000
0.975507 -0.039417 -0.216409 -9.369618 -0.001270 0.982788 -0.184731 98.690140 0.219966 0.180481 0.958667 -7.898639 0.000000 0.000000 0.000000 1.000000
0.975193 -0.044778 -0.216781 -9.876831 0.004733 0.983320 -0.181821 98.842323 0.221307 0.176285 0.959139 -7.936085 0.000000 0.000000 0.000000 1.000000
0.974245 -0.049078 -0.220087 -10.310403 0.009368 0.983994 -0.177955 98.992882 0.225298 0.171310 0.959111 -7.962976 0.000000 0.000000 0.000000 1.000000
0.972310 -0.050995 -0.228062 -10.683931 0.011110 0.984885 -0.172854 99.152878 0.233429 0.165534 0.958180 -7.984198 0.000000 0.000000 0.000000 1.000000
0.969681 -0.051900 -0.238799 -10.975295 0.011170 0.985579 -0.168848 99.330276 0.244119 0.161061 0.956277 -7.977190 0.000000 0.000000 0.000000 1.000000
0.966706 -0.054179 -0.250089 -11.152111 0.011603 0.985604 -0.168670 99.523323 0.255627 0.160153 0.953418 -7.921322 0.000000 0.000000 0.000000 1.000000
0.963420 -0.058614 -0.261508 -11.199772 0.013202 0.984985 -0.172133 99.724442 0.267671 0.162384 0.949728 -7.810890 0.000000 0.000000 0.000000 1.000000
0.959958 -0.064010 -0.272733 -11.122909 0.015624 0.984264 -0.176012 99.921387 0.279708 0.164703 0.945852 -7.645306 0.000000 0.000000 0.000000 1.000000
0.956826 -0.068673 -0.282432 -10.931280 0.018396 0.984048 -0.176947 100.100014 0.290078 0.164112 0.942826 -7.430888 0.000000 0.000000 0.000000 1.000000
0.954201 -0.071787 -0.290427 -10.633080 0.021088 0.984509 -0.174063 100.256393 0.298424 0.159966 0.940933 -7.180251 0.000000 0.000000 0.000000 1.000000
0.951383 -0.073532 -0.299105 -10.241887 0.022855 0.985262 -0.169521 100.393654 0.307162 0.154443 0.939041 -6.901660 0.000000 0.000000 0.000000 1.000000
0.947583 -0.074505 -0.310701 -9.774372 0.022848 0.985744 -0.166694 100.506943 0.318691 0.150857 0.935777 -6.592966 0.000000 0.000000 0.000000 1.000000
0.942803 -0.075208 -0.324755 -9.239364 0.021162 0.985755 -0.166850 100.589516 0.332677 0.150434 0.930965 -6.250052 0.000000 0.000000 0.000000 1.000000
0.937621 -0.075619 -0.339335 -8.635321 0.018722 0.985625 -0.167910 100.644592 0.347154 0.151083 0.925558 -5.872309 0.000000 0.000000 0.000000 1.000000
0.932471 -0.075321 -0.353306 -7.961412 0.016161 0.985741 -0.167495 100.678322 0.360884 0.150474 0.920392 -5.458058 0.000000 0.000000 0.000000 1.000000
0.927461 -0.074113 -0.366501 -7.232753 0.013349 0.986098 -0.165625 100.697739 0.373681 0.148718 0.915557 -5.008409 0.000000 0.000000 0.000000 1.000000
0.922753 -0.072215 -0.378564 -6.474615 0.010009 0.986447 -0.163777 100.707863 0.385261 0.147336 0.910970 -4.533422 0.000000 0.000000 0.000000 1.000000
0.918753 -0.070070 -0.388566 -5.706262 0.006379 0.986633 -0.162835 100.720078 0.394782 0.147126 0.906919 -4.049735 0.000000 0.000000 0.000000 1.000000
0.915894 -0.067961 -0.395625 -4.937666 0.002868 0.986647 -0.162848 100.754089 0.401410 0.148017 0.903859 -3.574716 0.000000 0.000000 0.000000 1.000000
0.914364 -0.065778 -0.399515 -4.187259 -0.000528 0.986521 -0.163633 100.812561 0.404894 0.149831 0.902004 -3.127284 0.000000 0.000000 0.000000 1.000000
0.914088 -0.063353 -0.400536 -3.483219 -0.003981 0.986272 -0.165083 100.883408 0.405495 0.152495 0.901287 -2.724602 0.000000 0.000000 0.000000 1.000000
0.915085 -0.061043 -0.398615 -2.843449 -0.007345 0.985789 -0.167825 100.946320 0.403195 0.156502 0.901632 -2.367043 0.000000 0.000000 0.000000 1.000000
0.917995 -0.059547 -0.392097 -2.259516 -0.009788 0.984961 -0.172500 100.999794 0.396472 0.162192 0.903606 -2.037022 0.000000 0.000000 0.000000 1.000000
0.923619 -0.058497 -0.378823 -1.707559 -0.010505 0.984053 -0.177566 101.052582 0.383168 0.167983 0.908275 -1.719930 0.000000 0.000000 0.000000 1.000000
0.931178 -0.056501 -0.360159 -1.190573 -0.010047 0.983565 -0.180277 101.101913 0.364425 0.171489 0.915306 -1.430389 0.000000 0.000000 0.000000 1.000000
0.938260 -0.053081 -0.341835 -0.753856 -0.010186 0.983490 -0.180678 101.137268 0.345782 0.173005 0.922228 -1.205009 0.000000 0.000000 0.000000 1.000000
0.943210 -0.049250 -0.328527 -0.443410 -0.011792 0.983362 -0.181273 101.156845 0.331988 0.174853 0.926936 -1.059859 0.000000 0.000000 0.000000 1.000000
0.946833 -0.045946 -0.318428 -0.221297 -0.013675 0.983108 -0.182513 101.172729 0.321434 0.177164 0.930211 -0.960949 0.000000 0.000000 0.000000 1.000000
0.949374 -0.042872 -0.311209 -0.078872 -0.015863 0.982838 -0.183788 101.180984 0.313747 0.179420 0.932401 -0.900202 0.000000 0.000000 0.000000 1.000000
0.951166 -0.039698 -0.306116 -0.005952 -0.018329 0.982683 -0.184386 101.186203 0.308135 0.180993 0.933967 -0.860904 0.000000 0.000000 0.000000 1.000000
0.952506 -0.037184 -0.302242 -0.001837 -0.020195 0.982619 -0.184534 101.215973 0.303850 0.181873 0.935199 -0.841646 0.000000 0.000000 0.000000 1.000000</float_array>
        <technique_common>
          <accessor source="#mixamorig_Hips-Matrix-animation-output-transform-array" count="140" stride="16">
            <param type="float4x4"/>
          </accessor>
        </technique_common>
      </source>
      <source id="mixamorig_Hips-Interpolations">
        <Name_array id="mixamorig_Hips-Interpolations-array" count="140">
 LINEAR LINEAR LINEAR LINEAR LINEAR LINEAR LINEAR LINEAR LINEAR LINEAR LINEAR
LINEAR LINEAR LINEAR LINEAR LINEAR LINEAR LINEAR LINEAR LINEAR LINEAR LINEAR LINEAR
LINEAR LINEAR LINEAR LINEAR LINEAR LINEAR LINEAR LINEAR LINEAR LINEAR LINEAR LINEAR
LINEAR LINEAR LINEAR LINEAR LINEAR LINEAR LINEAR LINEAR LINEAR LINEAR LINEAR LINEAR
LINEAR LINEAR LINEAR LINEAR LINEAR LINEAR LINEAR LINEAR LINEAR LINEAR LINEAR LINEAR
LINEAR LINEAR LINEAR LINEAR LINEAR LINEAR LINEAR LINEAR LINEAR LINEAR LINEAR LINEAR
LINEAR LINEAR LINEAR LINEAR LINEAR LINEAR LINEAR LINEAR LINEAR LINEAR LINEAR LINEAR
LINEAR LINEAR LINEAR LINEAR LINEAR LINEAR LINEAR LINEAR LINEAR LINEAR LINEAR LINEAR
LINEAR LINEAR LINEAR LINEAR LINEAR LINEAR LINEAR LINEAR LINEAR LINEAR LINEAR LINEAR
LINEAR LINEAR LINEAR LINEAR LINEAR LINEAR LINEAR LINEAR LINEAR LINEAR LINEAR LINEAR
LINEAR LINEAR LINEAR LINEAR LINEAR LINEAR LINEAR LINEAR LINEAR LINEAR LINEAR LINEAR
LINEAR LINEAR LINEAR LINEAR LINEAR LINEAR LINEAR LINEAR LINEAR</Name_array>
        <technique_common>
          <accessor source="#mixamorig_Hips-Interpolations-array" count="140">
            <param type="name"/>
          </accessor>
        </technique_common>
      </source>
      <sampler id="mixamorig_Hips-Matrix-animation-transform">
        <input semantic="INPUT" source="#mixamorig_Hips-Matrix-animation-input"/>
        <input semantic="OUTPUT" source="#mixamorig_Hips-Matrix-animation-output-transform"/>
        <input semantic="INTERPOLATION" source="#mixamorig_Hips-Interpolations"/>
      </sampler>
      <channel source="#mixamorig_Hips-Matrix-animation-transform" target="mixamorig_Hips/matrix"/>
    </animation>
    <animation id="mixamorig_Spine-anim" name="mixamorig_Spine">
      <source id="mixamorig_Spine-Matrix-animation-input">
        <float_array id="mixamorig_Spine-Matrix-animation-input-array" count="140">

0.000000 0.033333 0.066667 0.100000 0.133333 0.166667 0.200000 0.233333 0.266667 0.300000 0.333333 0.366667 0.400000 0.433333 0.466667 0.500000
0.533333 0.566667 0.600000 0.633333 0.666667 0.700000 0.733333 0.766667 0.800000 0.833333 0.866667 0.900000 0.933333 0.966667 1.000000 1.033333
1.066667 1.100000 1.133333 1.166667 1.200000 1.233333 1.266667 1.300000 1.333333 1.366667 1.400000 1.433333 1.466667 1.500000 1.533333 1.566667
1.600000 1.633333 1.666667 1.700000 1.733333 1.766667 1.800000 1.833333 1.866667 1.900000 1.933333 1.966667 2.000000 2.033333 2.066667 2.100000
2.133333 2.166667 2.200000 2.233333 2.266667 2.300000 2.333333 2.366667 2.400000 2.433333 2.466667 2.500000 2.533333 2.566667 2.600000 2.633333
2.666667 2.700000 2.733333 2.766667 2.800000 2.833333 2.866667 2.900000 2.933333 2.966667 3.000000 3.033333 3.066667 3.100000 3.133333 3.166667
3.200000 3.233333 3.266667 3.300000 3.333333 3.366667 3.400000 3.433333 3.466667 3.500000 3.533333 3.566667 3.600000 3.633333 3.666667 3.700000
3.733333 3.766667 3.800000 3.833333 3.866667 3.900000 3.933333 3.966667 4.000000 4.033333 4.066667 4.100000 4.133333 4.166667 4.200000 4.233333
4.266667 4.300000 4.333333 4.366667 4.400000 4.433333 4.466667 4.500000 4.533333 4.566667 4.600000 4.633333</float_array>
        <technique_common>
          <accessor source="#mixamorig_Spine-Matrix-animation-input-array" count="140">
            <param name="TIME" type="float"/>
          </accessor>
        </technique_common>
      </source>
      <source id="mixamorig_Spine-Matrix-animation-output-transform">
        <float_array id="mixamorig_Spine-Matrix-animation-output-transform-array" count="2240">

0.999552 0.005573 -0.029423 0.000000 -0.009303 0.991703 -0.128214 11.006600 0.028464 0.128430 0.991310 0.107900 0.000000 0.000000 0.000000 1.000000
0.999624 0.007255 -0.026427 0.000000 -0.010579 0.991734 -0.127875 11.006600 0.025280 0.128107 0.991438 0.107900 0.000000 0.000000 0.000000 1.000000
0.999678 0.009978 -0.023339 0.000000 -0.012827 0.992037 -0.125290 11.006600 0.021903 0.125549 0.991846 0.107900 0.000000 0.000000 0.000000 1.000000
0.999697 0.013544 -0.020541 0.000000 -0.015919 0.992611 -0.120291 11.006600 0.018760 0.120581 0.992526 0.107900 0.000000 0.000000 0.000000 1.000000
0.999687 0.016836 -0.018521 0.000000 -0.018824 0.993415 -0.113013 11.006600 0.016497 0.113326 0.993421 0.107900 0.000000 0.000000 0.000000 1.000000
0.999671 0.018682 -0.017571 0.000000 -0.020447 0.994123 -0.106312 11.006600 0.015482 0.106637 0.994178 0.107900 0.000000 0.000000 0.000000 1.000000
0.999657 0.018714 -0.018344 0.000000 -0.020517 0.994406 -0.103613 11.006600 0.016303 0.103954 0.994448 0.107900 0.000000 0.000000 0.000000 1.000000
0.999667 0.015018 -0.020972 0.000000 -0.017187 0.994065 -0.107422 11.006600 0.019234 0.107747 0.993992 0.107900 0.000000 0.000000 0.000000 1.000000
0.999676 0.007540 -0.024324 0.000000 -0.010372 0.992903 -0.118476 11.006600 0.023258 0.118690 0.992659 0.107900 0.000000 0.000000 0.000000 1.000000
0.999626 0.000354 -0.027361 -0.000000 -0.004073 0.990701 -0.135995 11.006600 0.027058 0.136056 0.990332 0.107900 0.000000 0.000000 0.000000 1.000000
0.999516 -0.003142 -0.030947 0.000000 -0.001776 0.987500 -0.157611 11.006600 0.031055 0.157590 0.987016 0.107900 0.000000 0.000000 0.000000 1.000000
0.999335 -0.002902 -0.036357 0.000000 -0.003656 0.983839 -0.179017 11.006600 0.036289 0.179031 0.983174 0.107900 0.000000 0.000000 0.000000 1.000000
0.999094 -0.000442 -0.042549 0.000000 -0.007886 0.980701 -0.195353 11.006600 0.041814 0.195512 0.979810 0.107900 0.000000 0.000000 0.000000 1.000000
0.998897 0.002910 -0.046855 0.000000 -0.012439 0.978810 -0.204392 11.006600 0.045267 0.204750 0.977767 0.107900 0.000000 0.000000 0.000000 1.000000
0.998836 0.006268 -0.047820 0.000000 -0.016100 0.977977 -0.208091 11.006600 0.045463 0.208619 0.976940 0.107900 0.000000 0.000000 0.000000 1.000000
0.998930 0.008683 -0.045431 0.000000 -0.018039 0.977580 -0.209792 11.006600 0.042591 0.210387 0.976690 0.107900 0.000000 0.000000 0.000000 1.000000
0.999167 0.009463 -0.039706 -0.000000 -0.017574 0.977707 -0.209239 11.006600 0.036841 0.209762 0.977058 0.107900 0.000000 0.000000 0.000000 1.000000
0.999473 0.009030 -0.031168 0.000000 -0.015125 0.979421 -0.201262 11.006600 0.028709 0.201628 0.979041 0.107900 0.000000 0.000000 0.000000 1.000000
0.999728 0.008204 -0.021831 -0.000000 -0.012022 0.983415 -0.180972 11.006600 0.019984 0.181185 0.983246 0.107900 0.000000 0.000000 0.000000 1.000000
0.999882 0.006882 -0.013756 0.000000 -0.008870 0.988632 -0.150096 11.006600 0.012567 0.150201 0.988576 0.107900 0.000000 0.000000 0.000000 1.000000
0.999960 0.004801 -0.007553 0.000000 -0.005650 0.993153 -0.116683 11.006600 0.006941 0.116721 0.993141 0.107900 0.000000 0.000000 0.000000 1.000000
0.999992 0.001906 -0.003389 0.000000 -0.002198 0.996087 -0.088351 11.006600 0.003208 0.088358 0.996084 0.107900 0.000000 0.000000 0.000000 1.000000
0.999998 -0.001386 -0.001489 0.000000 0.001283 0.997761 -0.066862 11.006600 0.001579 0.066860 0.997761 0.107900 0.000000 0.000000 0.000000 1.000000
0.999993 -0.003724 -0.000754 -0.000000 0.003683 0.998798 -0.048867 11.006600 0.000935 0.048864 0.998805 0.107900 0.000000 0.000000 0.000000 1.000000
0.999981 -0.006124 -0.000282 0.000000 0.006113 0.999516 -0.030501 11.006600 0.000469 0.030499 0.999535 0.107900 0.000000 0.000000 0.000000 1.000000
0.999970 -0.007629 -0.001062 0.000000 0.007617 0.999912 -0.010854 11.006600 0.001145 0.010846 0.999941 0.107900 0.000000 0.000000 0.000000 1.000000
0.999960 -0.007920 -0.004199 0.000000 0.007955 0.999934 0.008271 11.006600 0.004133 -0.008304 0.999957 0.107900 0.000000 0.000000 0.000000 1.000000
0.999945 -0.006255 -0.008443 -0.000000 0.006462 0.999674 0.024713 11.006600 0.008286 -0.024767 0.999659 0.107900 0.000000 0.000000 0.000000 1.000000
0.999937 -0.001851 -0.011058 -0.000000 0.002264 0.999296 0.037439 11.006600 0.010981 -0.037462 0.999238 0.107900 0.000000 0.000000 0.000000 1.000000
0.999941 0.003109 -0.010380 0.000000 -0.002621 0.998910 0.046610 11.006600 0.010514 -0.046580 0.998859 0.107900 0.000000 0.000000 0.000000 1.000000
0.999950 0.007115 -0.007014 -0.000000 -0.006731 0.998558 0.053258 11.006600 0.007383 -0.053208 0.998556 0.107900 0.000000 0.000000 0.000000 1.000000
0.999946 0.010069 -0.002438 0.000000 -0.009909 0.998233 0.058588 11.006600 0.003024 -0.058561 0.998279 0.107900 0.000000 0.000000 0.000000 1.000000
0.999910 0.013252 0.002016 0.000000 -0.013353 0.997940 0.062753 11.006600 -0.001180 -0.062774 0.998027 0.107900 0.000000 0.000000 0.000000 1.000000
0.999850 0.016398 0.005502 0.000000 -0.016719 0.997770 0.064622 11.006600 -0.004430 -0.064704 0.997895 0.107900 0.000000 0.000000 0.000000 1.000000
0.999799 0.018328 0.008175 0.000000 -0.018808 0.997830 0.063107 11.006600 -0.007001 -0.063248 0.997973 0.107900 0.000000 0.000000 0.000000 1.000000
0.999765 0.018771 0.010879 -0.000000 -0.019369 0.998147 0.057683 11.006600 -0.009776 -0.057880 0.998276 0.107900 0.000000 0.000000 0.000000 1.000000
0.999741 0.017886 0.014101 -0.000000 -0.018530 0.998725 0.046951 11.006600 -0.013243 -0.047200 0.998798 0.107900 0.000000 0.000000 0.000000 1.000000
0.999637 0.021005 0.016876 -0.000000 -0.021475 0.999372 0.028192 11.006600 -0.016273 -0.028544 0.999460 0.107900 0.000000 0.000000 0.000000 1.000000
0.999455 0.026943 0.019060 0.000000 -0.026944 0.999637 -0.000196 11.006600 -0.019059 -0.000318 0.999818 0.107900 0.000000 0.000000 0.000000 1.000000
0.999260 0.032386 0.020736 -0.000000 -0.031620 0.998842 -0.036268 11.006600 -0.021887 0.035585 0.999127 0.107900 0.000000 0.000000 0.000000 1.000000
0.999143 0.035632 0.021047 0.000000 -0.033975 0.996645 -0.074465 11.006600 -0.023630 0.073686 0.997001 0.107900 0.000000 0.000000 0.000000 1.000000
0.999124 0.037100 0.019343 -0.000000 -0.034795 0.993510 -0.108294 11.006600 -0.023235 0.107526 0.993931 0.107900 0.000000 0.000000 0.000000 1.000000
0.999080 0.040163 0.015016 0.000000 -0.037782 0.990183 -0.134574 11.006600 -0.020273 0.133883 0.990790 0.107900 0.000000 0.000000 0.000000 1.000000
0.999006 0.043704 0.008809 0.000000 -0.041812 0.987014 -0.155099 11.006600 -0.015473 0.154577 0.987860 0.107900 0.000000 0.000000 0.000000 1.000000
0.999026 0.044122 0.000739 0.000000 -0.043324 0.983865 -0.173587 11.006600 -0.008386 0.173386 0.984818 0.107900 0.000000 0.000000 0.000000 1.000000
0.999137 0.040687 -0.008349 -0.000000 -0.041533 0.980608 -0.191529 11.006600 0.000394 0.191711 0.981451 0.107900 0.000000 0.000000 0.000000 1.000000
0.999170 0.037765 -0.015292 0.000000 -0.040125 0.977224 -0.208382 11.006600 0.007074 0.208822 0.977928 0.107900 0.000000 0.000000 0.000000 1.000000
0.999083 0.038363 -0.019023 -0.000000 -0.041659 0.973570 -0.224558 11.006600 0.009905 0.225144 0.974275 0.107900 0.000000 0.000000 0.000000 1.000000
0.998982 0.040273 -0.020345 0.000000 -0.043998 0.969419 -0.241436 11.006600 0.010000 0.242085 0.970204 0.107900 0.000000 0.000000 0.000000 1.000000
0.999012 0.039182 -0.020991 -0.000000 -0.043279 0.965082 -0.258347 11.006600 0.010135 0.259000 0.965824 0.107900 0.000000 0.000000 0.000000 1.000000
0.999146 0.034764 -0.022347 0.000000 -0.039535 0.961535 -0.271824 11.006600 0.012037 0.272475 0.962088 0.107900 0.000000 0.000000 0.000000 1.000000
0.999248 0.030455 -0.023988 -0.000000 -0.035941 0.959695 -0.278735 11.006600 0.014532 0.279387 0.960068 0.107900 0.000000 0.000000 0.000000 1.000000
0.999291 0.028297 -0.024829 0.000000 -0.034114 0.959564 -0.279415 11.006600 0.015919 0.280064 0.959849 0.107900 0.000000 0.000000 0.000000 1.000000
0.999305 0.028356 -0.024216 0.000000 -0.033966 0.960173 -0.277334 11.006600 0.015388 0.277963 0.960468 0.107900 0.000000 0.000000 0.000000 1.000000
0.999316 0.029479 -0.022307 0.000000 -0.034495 0.960549 -0.275965 11.006600 0.013292 0.276546 0.960909 0.107900 0.000000 0.000000 0.000000 1.000000
0.999353 0.029855 -0.020063 0.000000 -0.034238 0.960498 -0.276172 11.006600 0.011025 0.276680 0.960899 0.107900 0.000000 0.000000 0.000000 1.000000
0.999418 0.028734 -0.018405 0.000000 -0.032706 0.960453 -0.276514 11.006600 0.009732 0.276955 0.960834 0.107900 0.000000 0.000000 0.000000 1.000000
0.999482 0.026966 -0.017578 0.000000 -0.030768 0.960809 -0.275499 11.006600 0.009460 0.275897 0.961141 0.107900 0.000000 0.000000 0.000000 1.000000
0.999515 0.025867 -0.017316 0.000000 -0.029615 0.961547 -0.273040 11.006600 0.009587 0.273421 0.961847 0.107900 0.000000 0.000000 0.000000 1.000000
0.999504 0.026189 -0.017489 0.000000 -0.029942 0.962382 -0.270043 11.006600 0.009759 0.270433 0.962689 0.107900 0.000000 0.000000 0.000000 1.000000
0.999445 0.027986 -0.018087 0.000000 -0.031806 0.963080 -0.267332 11.006600 0.009937 0.267758 0.963435 0.107900 0.000000 0.000000 0.000000 1.000000
0.999349 0.030458 -0.019318 0.000000 -0.034494 0.963573 -0.265213 11.006600 0.010536 0.265706 0.963996 0.107900 0.000000 0.000000 0.000000 1.000000
0.999233 0.033112 -0.020915 0.000000 -0.037459 0.963885 -0.263670 11.006600 0.011429 0.264251 0.964386 0.107900 0.000000 0.000000 0.000000 1.000000
0.999094 0.035935 -0.022783 0.000000 -0.040660 0.964107 -0.262380 11.006600 0.012536 0.263069 0.964696 0.107900 0.000000 0.000000 0.000000 1.000000
0.998915 0.039323 -0.024958 0.000000 -0.044476 0.964433 -0.260557 11.006600 0.013825 0.261384 0.965136 0.107900 0.000000 0.000000 0.000000 1.000000
0.998688 0.043118 -0.027630 0.000000 -0.048786 0.965102 -0.257292 11.006600 0.015572 0.258302 0.965939 0.107900 0.000000 0.000000 0.000000 1.000000
0.998442 0.046497 -0.030839 0.000000 -0.052789 0.966195 -0.252352 11.006600 0.018063 0.253586 0.967144 0.107900 0.000000 0.000000 0.000000 1.000000
0.998215 0.049186 -0.033862 -0.000000 -0.056035 0.967528 -0.246475 11.006600 0.020639 0.247933 0.968557 0.107900 0.000000 0.000000 0.000000 1.000000
0.998034 0.051538 -0.035654 0.000000 -0.058633 0.968782 -0.240881 11.006600 0.022127 0.242498 0.969900 0.107900 0.000000 0.000000 0.000000 1.000000
0.997917 0.053508 -0.036045 0.000000 -0.060537 0.969777 -0.236366 11.006600 0.022308 0.238055 0.970995 0.107900 0.000000 0.000000 0.000000 1.000000
0.997853 0.054717 -0.035990 0.000000 -0.061617 0.970578 -0.232771 11.006600 0.022194 0.234489 0.971865 0.107900 0.000000 0.000000 0.000000 1.000000
0.997801 0.055217 -0.036673 0.000000 -0.062181 0.971374 -0.229272 11.006600 0.022963 0.231048 0.972671 0.107900 0.000000 0.000000 0.000000 1.000000
0.997709 0.055589 -0.038547 0.000000 -0.062875 0.972264 -0.225275 11.006600 0.024955 0.227183 0.973532 0.107900 0.000000 0.000000 0.000000 1.000000
0.997577 0.056065 -0.041183 0.000000 -0.063820 0.973167 -0.221074 11.006600 0.027684 0.223166 0.974387 0.107900 0.000000 0.000000 0.000000 1.000000
0.997465 0.056028 -0.043865 -0.000000 -0.064270 0.973956 -0.217439 11.006600 0.030540 0.219707 0.975088 0.107900 0.000000 0.000000 0.000000 1.000000
0.997416 0.055013 -0.046208 0.000000 -0.063695 0.974640 -0.214520 11.006600 0.033235 0.216909 0.975626 0.107900 0.000000 0.000000 0.000000 1.000000
0.997401 0.053588 -0.048163 0.000000 -0.062619 0.975358 -0.211556 11.006600 0.035640 0.214022 0.976178 0.107900 0.000000 0.000000 0.000000 1.000000
0.997371 0.052638 -0.049795 0.000000 -0.061901 0.976185 -0.207921 11.006600 0.037664 0.210457 0.976877 0.107900 0.000000 0.000000 0.000000 1.000000
0.997318 0.052266 -0.051243 0.000000 -0.061687 0.977010 -0.204073 11.006600 0.039399 0.206687 0.977614 0.107900 0.000000 0.000000 0.000000 1.000000
0.997278 0.051806 -0.052467 0.000000 -0.061366 0.977647 -0.201099 11.006600 0.040876 0.203771 0.978165 0.107900 0.000000 0.000000 0.000000 1.000000
0.997309 0.050630 -0.053030 0.000000 -0.060262 0.978032 -0.199553 11.006600 0.041762 0.202212 0.978451 0.107900 0.000000 0.000000 0.000000 1.000000
0.997446 0.048630 -0.052305 -0.000000 -0.058134 0.978255 -0.199091 11.006600 0.041485 0.201623 0.978584 0.107900 0.000000 0.000000 0.000000 1.000000
0.997679 0.046273 -0.049960 0.000000 -0.055348 0.978424 -0.199057 11.006600 0.039671 0.201360 0.978714 0.107900 0.000000 0.000000 0.000000 1.000000
0.997953 0.044106 -0.046319 0.000000 -0.052493 0.978558 -0.199168 11.006600 0.036541 0.201192 0.978870 0.107900 0.000000 0.000000 0.000000 1.000000
