<?xml version="1.0" encoding="utf-8"?>
<COLLADA xmlns="http://www.collada.org/2005/11/COLLADASchema" version="1.4.1">
  <asset>
    <contributor>
      <author>Mixamo</author>
      <authoring_tool>COLLADA Mixamo exporter</authoring_tool>
      <comments/>
    </contributor>
    <created>2024-10-30T20:17:22Z</created>
    <modified>2024-10-30T20:17:22Z</modified>
    <revision/>
    <title/>
    <unit meter="0.010000"/>
    <up_axis>Y_UP</up_axis>
  </asset>
  <library_animations>
    <animation id="mixamorig_Hips-anim" name="mixamorig_Hips">
      <source id="mixamorig_Hips-Matrix-animation-input">
        <float_array id="mixamorig_Hips-Matrix-animation-input-array" count="25">

0.000000 0.033333 0.066667 0.100000 0.133333 0.166667 0.200000 0.233333 0.266667 0.300000 0.333333 0.366667 0.400000 0.433333 0.466667 0.500000
0.533333 0.566667 0.600000 0.633333 0.666667 0.700000 0.733333 0.766667 0.800000</float_array>
        <technique_common>
          <accessor source="#mixamorig_Hips-Matrix-animation-input-array" count="25">
            <param name="TIME" type="float"/>
          </accessor>
        </technique_common>
      </source>
      <source id="mixamorig_Hips-Matrix-animation-output-transform">
        <float_array id="mixamorig_Hips-Matrix-animation-output-transform-array" count="400">

0.888156 -0.172349 -0.425998 -0.346991 0.118097 0.981475 -0.150864 86.271378 0.444107 0.083682 0.892057 1.228631 0.000000 0.000000 0.000000 1.000000
0.908078 -0.142563 -0.393788 -0.663867 0.097776 0.986462 -0.131656 87.629311 0.407226 0.081050 0.909724 -3.234343 0.000000 0.000000 0.000000 1.000000
0.925763 -0.129472 -0.355245 -0.836026 0.091711 0.988379 -0.121224 89.611389 0.366812 0.079645 0.926880 -8.641058 0.000000 0.000000 0.000000 1.000000
0.936112 -0.133012 -0.325579 -0.555743 0.092230 0.986170 -0.137707 91.714172 0.339393 0.098881 0.935433 -14.371979 0.000000 0.000000 0.000000 1.000000
0.940572 -0.127041 -0.314936 0.092128 0.076515 0.982823 -0.167941 93.550285 0.330862 0.133864 0.934136 -20.138321 0.000000 0.000000 0.000000 1.000000
0.938398 -0.108206 -0.328177 1.007380 0.040334 0.977515 -0.206972 94.642738 0.343194 0.180985 0.921663 -26.092653 0.000000 0.000000 0.000000 1.000000
0.928300 -0.086988 -0.361513 1.883919 -0.000607 0.971894 -0.235418 94.983536 0.371831 0.218758 0.902157 -32.262566 0.000000 0.000000 0.000000 1.000000
0.911122 -0.067818 -0.406518 2.718911 -0.036174 0.969402 -0.242799 94.405807 0.410545 0.235926 0.880790 -38.451317 0.000000 0.000000 0.000000 1.000000
0.887036 -0.051564 -0.458812 3.512711 -0.068782 0.967896 -0.241756 93.027390 0.456548 0.246004 0.855012 -44.592327 0.000000 0.000000 0.000000 1.000000
0.861778 -0.044416 -0.505338 4.014318 -0.083557 0.970125 -0.227761 91.355873 0.500358 0.238504 0.832321 -50.685951 0.000000 0.000000 0.000000 1.000000
0.838282 -0.049053 -0.543026 4.251990 -0.086736 0.971265 -0.221634 89.882248 0.538294 0.232892 0.809939 -56.659595 0.000000 0.000000 0.000000 1.000000
0.809567 -0.056287 -0.584323 4.057981 -0.083816 0.974111 -0.209959 88.922119 0.581013 0.218952 0.783890 -62.205536 0.000000 0.000000 0.000000 1.000000
0.767151 -0.061181 -0.638542 3.614324 -0.085261 0.976884 -0.196032 88.750114 0.635775 0.204829 0.744201 -67.171486 0.000000 0.000000 0.000000 1.000000
0.707472 -0.063381 -0.703894 3.037521 -0.080798 0.982187 -0.169648 89.476105 0.702108 0.176894 0.689749 -72.058372 0.000000 0.000000 0.000000 1.000000
0.650092 -0.056866 -0.757725 2.506876 -0.076326 0.987265 -0.139576 91.112419 0.756012 0.148571 0.637473 -77.524582 0.000000 0.000000 0.000000 1.000000
0.615171 -0.051300 -0.786723 2.141285 -0.082403 0.988231 -0.128874 93.059532 0.784076 0.144108 0.603704 -83.472511 0.000000 0.000000 0.000000 1.000000
0.618658 -0.060155 -0.783354 1.888774 -0.080507 0.986962 -0.139371 94.776421 0.781525 0.149288 0.605749 -90.016006 0.000000 0.000000 0.000000 1.000000
0.661616 -0.084670 -0.745047 1.698758 -0.060057 0.984429 -0.165207 95.736397 0.747434 0.154049 0.646229 -97.207932 0.000000 0.000000 0.000000 1.000000
0.717022 -0.116850 -0.687187 1.592187 -0.020373 0.981915 -0.188223 95.769745 0.696753 0.148961 0.701674 -104.730553 0.000000 0.000000 0.000000 1.000000
0.764756 -0.143445 -0.628149 1.560371 0.021658 0.980075 -0.197444 94.924080 0.643956 0.137392 0.752625 -112.454338 0.000000 0.000000 0.000000 1.000000
0.795262 -0.148857 -0.587707 1.519318 0.045292 0.981267 -0.187252 93.297935 0.604572 0.122296 0.787107 -119.998398 0.000000 0.000000 0.000000 1.000000
0.814113 -0.141950 -0.563090 1.402030 0.049199 0.983037 -0.176684 91.152641 0.578619 0.116138 0.807287 -127.145531 0.000000 0.000000 0.000000 1.000000
0.831690 -0.141695 -0.536856 1.164476 0.052934 0.982720 -0.177369 88.893036 0.552712 0.119098 0.824818 -133.950455 0.000000 0.000000 0.000000 1.000000
0.856221 -0.163667 -0.489998 0.594247 0.077208 0.978377 -0.191879 86.870598 0.510807 0.126459 0.850343 -140.281693 0.000000 0.000000 0.000000 1.000000
0.888156 -0.172349 -0.425998 -0.346989 0.118097 0.981475 -0.150864 86.271370 0.444107 0.083682 0.892057 -145.549118 0.000000 0.000000 0.000000 1.000000</float_array>
        <technique_common>
          <accessor source="#mixamorig_Hips-Matrix-animation-output-transform-array" count="25" stride="16">
            <param type="float4x4"/>
          </accessor>
        </technique_common>
      </source>
      <source id="mixamorig_Hips-Interpolations">
        <Name_array id="mixamorig_Hips-Interpolations-array" count="25">
 LINEAR LINEAR LINEAR LINEAR LINEAR LINEAR LINEAR LINEAR LINEAR LINEAR LINEAR
LINEAR LINEAR LINEAR LINEAR LINEAR LINEAR LINEAR LINEAR LINEAR LINEAR LINEAR LINEAR
LINEAR LINEAR</Name_array>
        <technique_common>
          <accessor source="#mixamorig_Hips-Interpolations-array" count="25">
            <param type="name"/>
          </accessor>
        </technique_common>
      </source>
      <sampler id="mixamorig_Hips-Matrix-animation-transform">
        <input semantic="INPUT" source="#mixamorig_Hips-Matrix-animation-input"/>
        <input semantic="OUTPUT" source="#mixamorig_Hips-Matrix-animation-output-transform"/>
        <input semantic="INTERPOLATION" source="#mixamorig_Hips-Interpolations"/>
      </sampler>
      <channel source="#mixamorig_Hips-Matrix-animation-transform" target="mixamorig_Hips/matrix"/>
    </animation>
    <animation id="mixamorig_Spine-anim" name="mixamorig_Spine">
      <source id="mixamorig_Spine-Matrix-animation-input">
        <float_array id="mixamorig_Spine-Matrix-animation-input-array" count="25">

0.000000 0.033333 0.066667 0.100000 0.133333 0.166667 0.200000 0.233333 0.266667 0.300000 0.333333 0.366667 0.400000 0.433333 0.466667 0.500000
0.533333 0.566667 0.600000 0.633333 0.666667 0.700000 0.733333 0.766667 0.800000</float_array>
        <technique_common>
          <accessor source="#mixamorig_Spine-Matrix-animation-input-array" count="25">
            <param name="TIME" type="float"/>
          </accessor>
        </technique_common>
      </source>
      <source id="mixamorig_Spine-Matrix-animation-output-transform">
        <float_array id="mixamorig_Spine-Matrix-animation-output-transform-array" count="400">

0.999243 0.030276 -0.024442 0.000000 -0.031446 0.998303 -0.049004 10.198500 0.022917 0.049735 0.998499 -1.858500 0.000000 0.000000 0.000000 1.000000
0.999165 0.027065 -0.030616 -0.000000 -0.028525 0.998425 -0.048314 10.198500 0.029260 0.049147 0.998363 -1.858500 0.000000 0.000000 0.000000 1.000000
0.998743 0.027719 -0.041762 0.000000 -0.029621 0.998518 -0.045651 10.198500 0.040434 0.046831 0.998084 -1.858500 0.000000 0.000000 0.000000 1.000000
0.998131 0.030320 -0.053059 0.000000 -0.032415 0.998710 -0.039081 10.198500 0.051806 0.040728 0.997826 -1.858500 0.000000 0.000000 0.000000 1.000000
0.997892 0.028790 -0.058164 -0.000000 -0.030771 0.998967 -0.033443 10.198500 0.057141 0.035163 0.997747 -1.858500 0.000000 0.000000 0.000000 1.000000
0.998080 0.023699 -0.057231 0.000000 -0.025453 0.999222 -0.030110 10.198500 0.056473 0.031509 0.997907 -1.858500 0.000000 0.000000 0.000000 1.000000
0.998401 0.020298 -0.052764 0.000000 -0.021951 0.999281 -0.030925 10.198500 0.052099 0.032034 0.998128 -1.858500 0.000000 0.000000 0.000000 1.000000
0.998722 0.020393 -0.046240 -0.000000 -0.022012 0.999153 -0.034777 10.198500 0.045492 0.035751 0.998325 -1.858500 0.000000 0.000000 0.000000 1.000000
0.999053 0.022293 -0.037361 0.000000 -0.023729 0.998979 -0.038436 10.198500 0.036466 0.039286 0.998562 -1.858500 0.000000 0.000000 0.000000 1.000000
0.999258 0.027338 -0.027114 0.000000 -0.028518 0.998618 -0.044143 10.198500 0.025870 0.044884 0.998657 -1.858500 0.000000 0.000000 0.000000 1.000000
0.999284 0.034070 -0.016464 0.000000 -0.034829 0.998227 -0.048271 10.198500 0.014790 0.048810 0.998699 -1.858500 0.000000 0.000000 0.000000 1.000000
0.999155 0.040694 -0.005717 -0.000000 -0.040924 0.997986 -0.048462 10.198500 0.003733 0.048656 0.998809 -1.858500 0.000000 0.000000 0.000000 1.000000
0.999025 0.043921 0.004357 -0.000000 -0.043696 0.998134 -0.042656 10.198500 -0.006223 0.042424 0.999080 -1.858500 0.000000 0.000000 0.000000 1.000000
0.998802 0.045961 0.016777 0.000000 -0.045331 0.998316 -0.036196 10.198500 -0.018412 0.035393 0.999204 -1.858500 0.000000 0.000000 0.000000 1.000000
0.998480 0.044453 0.032588 0.000000 -0.043351 0.998489 -0.033756 10.198500 -0.034039 0.032292 0.998899 -1.858500 0.000000 0.000000 0.000000 1.000000
0.998113 0.038645 0.047709 0.000000 -0.037166 0.998812 -0.031513 10.198500 -0.048870 0.029680 0.998364 -1.858500 0.000000 0.000000 0.000000 1.000000
0.997953 0.033934 0.054209 0.000000 -0.032390 0.999052 -0.029099 10.198500 -0.055145 0.027284 0.998106 -1.858500 0.000000 0.000000 0.000000 1.000000
0.998232 0.031881 0.050157 0.000000 -0.030448 0.999113 -0.029074 10.198500 -0.051039 0.027495 0.998318 -1.858500 0.000000 0.000000 0.000000 1.000000
0.998607 0.033877 0.040451 0.000000 -0.032563 0.998934 -0.032708 10.198500 -0.041516 0.031345 0.998646 -1.858500 0.000000 0.000000 0.000000 1.000000
0.998888 0.036673 0.029638 0.000000 -0.035526 0.998633 -0.038349 10.198500 -0.031004 0.037254 0.998825 -1.858500 0.000000 0.000000 0.000000 1.000000
0.999101 0.037221 0.020292 0.000000 -0.036276 0.998325 -0.045066 10.198500 -0.021935 0.044289 0.998778 -1.858500 0.000000 0.000000 0.000000 1.000000
0.999346 0.033941 0.012463 0.000000 -0.033269 0.998163 -0.050636 10.198500 -0.014159 0.050188 0.998639 -1.858500 0.000000 0.000000 0.000000 1.000000
0.999519 0.030836 0.003453 0.000000 -0.030605 0.998078 -0.053892 10.198500 -0.005108 0.053761 0.998541 -1.858500 0.000000 0.000000 0.000000 1.000000
0.999493 0.030119 -0.010349 -0.000000 -0.030610 0.998223 -0.051127 10.198500 0.008790 0.051418 0.998639 -1.858500 0.000000 0.000000 0.000000 1.000000
0.999243 0.030277 -0.024443 0.000000 -0.031447 0.998303 -0.049003 10.198500 0.022918 0.049735 0.998499 -1.858500 0.000000 0.000000 0.000000 1.000000</float_array>
        <technique_common>
          <accessor source="#mixamorig_Spine-Matrix-animation-output-transform-array" count="25" stride="16">
            <param type="float4x4"/>
          </accessor>
        </technique_common>
      </source>
      <source id="mixamorig_Spine-Interpolations">
        <Name_array id="mixamorig_Spine-Interpolations-array" count="25">
 LINEAR LINEAR LINEAR LINEAR LINEAR LINEAR LINEAR LINEAR LINEAR LINEAR LINEAR
LINEAR LINEAR LINEAR LINEAR LINEAR LINEAR LINEAR LINEAR LINEAR LINEAR LINEAR LINEAR
LINEAR LINEAR</Name_array>
        <technique_common>
          <accessor source="#mixamorig_Spine-Interpolations-array" count="25">
            <param type="name"/>
          </accessor>
        </technique_common>
      </source>
      <sampler id="mixamorig_Spine-Matrix-animation-transform">
        <input semantic="INPUT" source="#mixamorig_Spine-Matrix-animation-input"/>
        <input semantic="OUTPUT" source="#mixamorig_Spine-Matrix-animation-output-transform"/>
        <input semantic="INTERPOLATION" source="#mixamorig_Spine-Interpolations"/>
      </sampler>
      <channel source="#mixamorig_Spine-Matrix-animation-transform" target="mixamorig_Spine/matrix"/>
    </animation>
    <animation id="mixamorig_Spine1-anim" name="mixamorig_Spine1">
      <source id="mixamorig_Spine1-Matrix-animation-input">
        <float_array id="mixamorig_Spine1-Matrix-animation-input-array" count="25">

0.000000 0.033333 0.066667 0.100000 0.133333 0.166667 0.200000 0.233333 0.266667 0.300000 0.333333 0.366667 0.400000 0.433333 0.466667 0.500000
0.533333 0.566667 0.600000 0.633333 0.666667 0.700000 0.733333 0.766667 0.800000</float_array>
        <technique_common>
          <accessor source="#mixamorig_Spine1-Matrix-animation-input-array" count="25">
            <param name="TIME" type="float"/>
          </accessor>
        </technique_common>
      </source>
      <source id="mixamorig_Spine1-Matrix-animation-output-transform">
        <float_array id="mixamorig_Spine1-Matrix-animation-output-transform-array" count="400">

0.997003 0.057866 -0.051345 -0.000000 -0.066158 0.981772 -0.178178 12.094200 0.040099 0.181041 0.982658 0.000000 0.000000 0.000000 0.000000 1.000000
0.996686 0.050188 -0.064018 0.000000 -0.060818 0.982382 -0.176710 12.094200 0.054022 0.180017 0.982179 0.000000 0.000000 0.000000 0.000000 1.000000
0.995019 0.049387 -0.086588 0.000000 -0.063689 0.983194 -0.171092 12.094200 0.076683 0.175755 0.981443 0.000000 0.000000 0.000000 0.000000 1.000000
0.992664 0.052626 -0.108854 0.000000 -0.069511 0.985043 -0.157669 12.094200 0.098928 0.164079 0.981474 0.000000 0.000000 0.000000 0.000000 1.000000
0.991543 0.050618 -0.119497 0.000000 -0.068011 0.986902 -0.146287 12.094200 0.110527 0.153177 0.981998 0.000000 0.000000 0.000000 0.000000 1.000000
0.992112 0.042456 -0.117949 0.000000 -0.058926 0.988415 -0.139868 12.094200 0.110644 0.145715 0.983120 0.000000 0.000000 0.000000 0.000000 1.000000
0.993331 0.037375 -0.109067 0.000000 -0.052753 0.988502 -0.141710 12.094200 0.102517 0.146518 0.983881 0.000000 0.000000 0.000000 0.000000 1.000000
0.994566 0.039049 -0.096511 0.000000 -0.053267 0.987334 -0.149449 12.094200 0.089453 0.153777 0.984048 0.000000 0.000000 0.000000 0.000000 1.000000
0.995839 0.044642 -0.079441 0.000000 -0.056712 0.985995 -0.156839 12.094200 0.071327 0.160692 0.984424 0.000000 0.000000 0.000000 0.000000 1.000000
0.996695 0.055410 -0.059410 0.000000 -0.064717 0.983602 -0.168341 12.094200 0.049108 0.171629 0.983937 0.000000 0.000000 0.000000 0.000000 1.000000
0.996791 0.070125 -0.038605 0.000000 -0.075883 0.981323 -0.176769 12.094200 0.025488 0.179131 0.983495 0.000000 0.000000 0.000000 0.000000 1.000000
0.996244 0.084848 -0.017300 0.000000 -0.086573 0.980293 -0.177569 12.094200 0.001893 0.178400 0.983956 0.000000 0.000000 0.000000 0.000000 1.000000
0.995598 0.093680 0.002866 0.000000 -0.091896 0.981731 -0.166612 12.094200 -0.018422 0.165615 0.986018 0.000000 0.000000 0.000000 0.000000 1.000000
0.994624 0.099638 0.028196 0.000000 -0.094142 0.983494 -0.154520 12.094200 -0.043126 0.151035 0.987587 0.000000 0.000000 0.000000 0.000000 1.000000
0.993336 0.098232 0.060290 0.000000 -0.088246 0.984676 -0.150422 12.094200 -0.074142 0.144099 0.986782 0.000000 0.000000 0.000000 0.000000 1.000000
0.991916 0.089069 0.090386 0.000000 -0.075230 0.986360 -0.146404 12.094200 -0.102193 0.138421 0.985087 0.000000 0.000000 0.000000 0.000000 1.000000
0.991414 0.079365 0.103920 0.000000 -0.064244 0.987846 -0.141538 12.094200 -0.113890 0.133646 0.984463 -0.000000 0.000000 0.000000 0.000000 1.000000
0.992558 0.076557 0.094700 0.000000 -0.062717 0.987971 -0.141351 12.094200 -0.104382 0.134360 0.985420 0.000000 0.000000 0.000000 0.000000 1.000000
0.994002 0.079994 0.074568 0.000000 -0.068271 0.986581 -0.148313 12.094200 -0.085431 0.142333 0.986125 0.000000 0.000000 0.000000 0.000000 1.000000
0.995180 0.081965 0.053841 0.000000 -0.072488 0.984603 -0.159070 12.094200 -0.066050 0.154400 0.985798 0.000000 0.000000 0.000000 0.000000 1.000000
0.996214 0.078720 0.036877 0.000000 -0.071274 0.982525 -0.171947 12.094200 -0.049768 0.168667 0.984416 0.000000 0.000000 0.000000 0.000000 1.000000
0.997264 0.070618 0.021831 0.000000 -0.065469 0.981002 -0.182616 12.094200 -0.034313 0.180688 0.982942 0.000000 0.000000 0.000000 0.000000 1.000000
0.997979 0.063406 0.004114 -0.000000 -0.061492 0.980105 -0.188714 12.094200 -0.015998 0.188080 0.982023 0.000000 0.000000 0.000000 0.000000 1.000000
0.997906 0.060350 -0.023290 0.000000 -0.063600 0.981087 -0.182818 12.094200 0.011816 0.183916 0.982871 0.000000 0.000000 0.000000 0.000000 1.000000
0.997003 0.057866 -0.051345 0.000000 -0.066158 0.981772 -0.178178 12.094200 0.040099 0.181041 0.982658 -0.000000 0.000000 0.000000 0.000000 1.000000</float_array>
        <technique_common>
          <accessor source="#mixamorig_Spine1-Matrix-animation-output-transform-array" count="25" stride="16">
            <param type="float4x4"/>
          </accessor>
        </technique_common>
      </source>
      <source id="mixamorig_Spine1-Interpolations">
        <Name_array id="mixamorig_Spine1-Interpolations-array" count="25">
 LINEAR LINEAR LINEAR LINEAR LINEAR LINEAR LINEAR LINEAR LINEAR LINEAR LINEAR
LINEAR LINEAR LINEAR LINEAR LINEAR LINEAR LINEAR LINEAR LINEAR LINEAR LINEAR LINEAR
LINEAR LINEAR</Name_array>
        <technique_common>
          <accessor source="#mixamorig_Spine1-Interpolations-array" count="25">
            <param type="name"/>
          </accessor>
        </technique_common>
      </source>
      <sampler id="mixamorig_Spine1-Matrix-animation-transform">
        <input semantic="INPUT" source="#mixamorig_Spine1-Matrix-animation-input"/>
        <input semantic="OUTPUT" source="#mixamorig_Spine1-Matrix-animation-output-transform"/>
        <input semantic="INTERPOLATION" source="#mixamorig_Spine1-Interpolations"/>
      </sampler>
      <channel source="#mixamorig_Spine1-Matrix-animation-transform" target="mixamorig_Spine1/matrix"/>
    </animation>
    <animation id="mixamorig_Spine2-anim" name="mixamorig_Spine2">
      <source id="mixamorig_Spine2-Matrix-animation-input">
        <float_array id="mixamorig_Spine2-Matrix-animation-input-array" count="25">

0.000000 0.033333 0.066667 0.100000 0.133333 0.166667 0.200000 0.233333 0.266667 0.300000 0.333333 0.366667 0.400000 0.433333 0.466667 0.500000
0.533333 0.566667 0.600000 0.633333 0.666667 0.700000 0.733333 0.766667 0.800000</float_array>
        <technique_common>
          <accessor source="#mixamorig_Spine2-Matrix-animation-input-array" count="25">
            <param name="TIME" type="float"/>
          </accessor>
        </technique_common>
      </source>
      <source id="mixamorig_Spine2-Matrix-animation-output-transform">
        <float_array id="mixamorig_Spine2-Matrix-animation-output-transform-array" count="400">

0.997003 0.067190 -0.038345 0.000000 -0.066174 0.997438 0.027185 13.821900 0.040073 -0.024566 0.998895 -0.000000 0.000000 0.000000 0.000000 1.000000
0.997130 0.057447 -0.049315 0.000000 -0.056155 0.998052 0.027197 13.821900 0.050781 -0.024350 0.998413 0.000000 0.000000 0.000000 0.000000 1.000000
0.994780 0.064014 -0.079468 0.000000 -0.061416 0.997508 0.034713 13.821900 0.081492 -0.029652 0.996233 0.000000 0.000000 0.000000 0.000000 1.000000
0.991584 0.080178 -0.101648 0.000000 -0.075735 0.996027 0.046841 13.821900 0.104999 -0.038749 0.993717 0.000000 0.000000 0.000000 0.000000 1.000000
0.990984 0.077509 -0.109286 0.000000 -0.070636 0.995355 0.065418 13.821900 0.113849 -0.057109 0.991855 -0.000000 0.000000 0.000000 0.000000 1.000000
0.992070 0.061731 -0.109482 0.000000 -0.054541 0.996228 0.067494 13.821900 0.113236 -0.060987 0.991695 -0.000000 0.000000 0.000000 0.000000 1.000000
0.993590 0.055916 -0.098246 -0.000000 -0.049737 0.996693 0.064258 13.821900 0.101514 -0.058960 0.993085 -0.000000 0.000000 0.000000 0.000000 1.000000
0.994604 0.059236 -0.085168 0.000000 -0.054423 0.996845 0.057771 13.821900 0.088321 -0.052824 0.994690 0.000000 0.000000 0.000000 0.000000 1.000000
0.995773 0.060419 -0.069177 0.000000 -0.057461 0.997378 0.043985 13.821900 0.071653 -0.039824 0.996634 0.000000 0.000000 0.000000 0.000000 1.000000
0.997124 0.062073 -0.043493 0.000000 -0.060204 0.997258 0.043030 13.821900 0.046044 -0.040287 0.998127 0.000000 0.000000 0.000000 0.000000 1.000000
0.996447 0.081928 -0.019503 0.000000 -0.081550 0.996480 0.019430 13.821900 0.021026 -0.017771 0.999621 0.000000 0.000000 0.000000 0.000000 1.000000
0.996101 0.088214 0.001445 0.000000 -0.088224 0.995852 0.022256 13.821900 0.000524 -0.022297 0.999751 0.000000 0.000000 0.000000 0.000000 1.000000
0.995513 0.090801 0.026625 -0.000000 -0.091968 0.994676 0.046485 13.821900 -0.022263 -0.048725 0.998564 0.000000 0.000000 0.000000 0.000000 1.000000
0.994421 0.094714 0.046427 0.000000 -0.097029 0.994001 0.050461 13.821900 -0.041369 -0.054684 0.997646 -0.000000 0.000000 0.000000 0.000000 1.000000
0.992795 0.086296 0.083135 0.000000 -0.091072 0.994298 0.055476 13.821900 -0.077873 -0.062647 0.994993 0.000000 0.000000 0.000000 0.000000 1.000000
0.991000 0.064111 0.117509 0.000000 -0.071601 0.995587 0.060661 13.821900 -0.113102 -0.068529 0.991217 0.000000 0.000000 0.000000 0.000000 1.000000
0.991135 0.050778 0.122772 -0.000000 -0.059065 0.996147 0.064833 13.821900 -0.119007 -0.071510 0.990315 -0.000000 0.000000 0.000000 0.000000 1.000000
0.992525 0.054466 0.109213 0.000000 -0.062074 0.995785 0.067515 13.821900 -0.105075 -0.073789 0.991723 0.000000 0.000000 0.000000 0.000000 1.000000
0.994258 0.064160 0.085636 0.000000 -0.069330 0.995858 0.058816 13.821900 -0.081508 -0.064416 0.994589 0.000000 0.000000 0.000000 0.000000 1.000000
0.995192 0.072077 0.066319 0.000000 -0.075011 0.996261 0.042869 13.821900 -0.062981 -0.047637 0.996877 0.000000 0.000000 0.000000 0.000000 1.000000
0.996205 0.070704 0.050760 -0.000000 -0.072430 0.996827 0.033001 13.821900 -0.048265 -0.036553 0.998165 -0.000000 0.000000 0.000000 0.000000 1.000000
0.997407 0.063319 0.034201 0.000000 -0.064044 0.997736 0.020514 13.821900 -0.032824 -0.022651 0.999204 0.000000 0.000000 0.000000 0.000000 1.000000
0.998170 0.058097 0.016779 0.000000 -0.058295 0.998233 0.011540 13.821900 -0.016079 -0.012497 0.999793 0.000000 0.000000 0.000000 0.000000 1.000000
0.997855 0.064492 -0.011191 0.000000 -0.064208 0.997646 0.024071 13.821900 0.012717 -0.023301 0.999648 0.000000 0.000000 0.000000 0.000000 1.000000
0.997003 0.067190 -0.038344 0.000000 -0.066174 0.997438 0.027185 13.821900 0.040073 -0.024566 0.998895 0.000000 0.000000 0.000000 0.000000 1.000000</float_array>
        <technique_common>
          <accessor source="#mixamorig_Spine2-Matrix-animation-output-transform-array" count="25" stride="16">
            <param type="float4x4"/>
          </accessor>
        </technique_common>
      </source>
      <source id="mixamorig_Spine2-Interpolations">
        <Name_array id="mixamorig_Spine2-Interpolations-array" count="25">
 LINEAR LINEAR LINEAR LINEAR LINEAR LINEAR LINEAR LINEAR LINEAR LINEAR LINEAR
LINEAR LINEAR LINEAR LINEAR LINEAR LINEAR LINEAR LINEAR LINEAR LINEAR LINEAR LINEAR
LINEAR LINEAR</Name_array>
        <technique_common>
          <accessor source="#mixamorig_Spine2-Interpolations-array" count="25">
            <param type="name"/>
          </accessor>
        </technique_common>
      </source>
      <sampler id="mixamorig_Spine2-Matrix-animation-transform">
        <input semantic="INPUT" source="#mixamorig_Spine2-Matrix-animation-input"/>
        <input semantic="OUTPUT" source="#mixamorig_Spine2-Matrix-animation-output-transform"/>
        <input semantic="INTERPOLATION" source="#mixamorig_Spine2-Interpolations"/>
      </sampler>
      <channel source="#mixamorig_Spine2-Matrix-animation-transform" target="mixamorig_Spine2/matrix"/>
    </animation>
    <animation id="mixamorig_Neck-anim" name="mixamorig_Neck">
      <source id="mixamorig_Neck-Matrix-animation-input">
        <float_array id="mixamorig_Neck-Matrix-animation-input-array" count="25">

0.000000 0.033333 0.066667 0.100000 0.133333 0.166667 0.200000 0.233333 0.266667 0.300000 0.333333 0.366667 0.400000 0.433333 0.466667 0.500000
0.533333 0.566667 0.600000 0.633333 0.666667 0.700000 0.733333 0.766667 0.800000</float_array>
        <technique_common>
          <accessor source="#mixamorig_Neck-Matrix-animation-input-array" count="25">
            <param name="TIME" type="float"/>
          </accessor>
        </technique_common>
      </source>
      <source id="mixamorig_Neck-Matrix-animation-output-transform">
        <float_array id="mixamorig_Neck-Matrix-animation-output-transform-array" count="400">

0.973522 -0.061005 0.220302 -0.000000 0.090190 0.988056 -0.124946 15.549600 -0.210048 0.141507 0.967396 -0.000000 0.000000 0.000000 0.000000 1.000000
0.973670 -0.055658 0.221063 -0.000000 0.087907 0.986407 -0.138833 15.549600 -0.210331 0.154610 0.965327 -0.000000 0.000000 0.000000 0.000000 1.000000
0.972200 -0.039385 0.230816 -0.000000 0.080580 0.981818 -0.171873 15.549600 -0.219850 0.185694 0.957697 0.000000 0.000000 0.000000 0.000000 1.000000
0.970176 -0.021429 0.241453 0.000000 0.077965 0.970741 -0.227118 15.549600 -0.229521 0.239169 0.943461 0.000000 0.000000 0.000000 0.000000 1.000000
0.969107 -0.010547 0.246414 -0.000000 0.079602 0.958995 -0.272014 15.549600 -0.233441 0.283226 0.930209 0.000000 0.000000 0.000000 0.000000 1.000000
0.968588 -0.018701 0.247969 0.000000 0.091285 0.954290 -0.284600 15.549600 -0.231312 0.298296 0.926021 0.000000 0.000000 0.000000 0.000000 1.000000
0.967545 -0.043203 0.248979 0.000000 0.110384 0.958562 -0.262630 15.549600 -0.227316 0.281589 0.932220 -0.000000 0.000000 0.000000 0.000000 1.000000
0.965625 -0.064616 0.251778 0.000000 0.126565 0.962913 -0.238284 15.549600 -0.227044 0.261959 0.937992 0.000000 0.000000 0.000000 0.000000 1.000000
0.963937 -0.081115 0.253466 0.000000 0.136678 0.968107 -0.209972 15.549600 -0.228350 0.237043 0.944281 -0.000000 0.000000 0.000000 0.000000 1.000000
0.962960 -0.098020 0.251198 0.000000 0.139506 0.978324 -0.153039 15.549600 -0.230752 0.182415 0.955761 0.000000 0.000000 0.000000 0.000000 1.000000
0.961437 -0.137953 0.237925 -0.000000 0.157478 0.985380 -0.065016 15.549600 -0.225477 0.099976 0.969105 0.000000 0.000000 0.000000 0.000000 1.000000
0.959609 -0.171061 0.223356 0.000000 0.176534 0.984284 -0.004615 15.549600 -0.219056 0.043858 0.974726 0.000000 0.000000 0.000000 0.000000 1.000000
0.956272 -0.184982 0.226551 0.000000 0.189253 0.981924 0.002916 15.549600 -0.222995 0.040087 0.973995 0.000000 0.000000 0.000000 0.000000 1.000000
0.953511 -0.177232 0.243734 0.000000 0.190063 0.981314 -0.029977 15.549600 -0.233867 0.074908 0.969379 0.000000 0.000000 0.000000 0.000000 1.000000
0.953332 -0.159572 0.256309 0.000000 0.185853 0.979178 -0.081663 15.549600 -0.237941 0.125488 0.963139 0.000000 0.000000 0.000000 0.000000 1.000000
0.957185 -0.143087 0.251641 0.000000 0.184469 0.971431 -0.149309 15.549600 -0.223088 0.189337 0.956234 0.000000 0.000000 0.000000 0.000000 1.000000
0.964325 -0.118933 0.236501 0.000000 0.171273 0.961517 -0.214827 15.549600 -0.201849 0.247670 0.947585 0.000000 0.000000 0.000000 0.000000 1.000000
0.969980 -0.109692 0.217041 0.000000 0.160051 0.959902 -0.230154 15.549600 -0.183092 0.257982 0.948642 0.000000 0.000000 0.000000 0.000000 1.000000
0.974464 -0.104499 0.198745 0.000000 0.146722 0.966348 -0.211290 15.549600 -0.169977 0.235055 0.957004 0.000000 0.000000 0.000000 0.000000 1.000000
0.977628 -0.096444 0.186930 0.000000 0.130617 0.974936 -0.180110 15.549600 -0.164874 0.200497 0.965721 -0.000000 0.000000 0.000000 0.000000 1.000000
0.978920 -0.093749 0.181455 0.000000 0.122605 0.980282 -0.154970 15.549600 -0.163349 0.173951 0.971112 0.000000 0.000000 0.000000 0.000000 1.000000
0.978044 -0.094517 0.185733 0.000000 0.118186 0.985618 -0.120783 15.549600 -0.171646 0.140083 0.975149 0.000000 0.000000 0.000000 0.000000 1.000000
0.975670 -0.099600 0.195313 0.000000 0.117526 0.989643 -0.082426 15.549600 -0.185080 0.103375 0.977271 0.000000 0.000000 0.000000 0.000000 1.000000
0.972873 -0.095244 0.210823 -0.000000 0.110060 0.992132 -0.059666 15.549600 -0.203482 0.081251 0.975701 0.000000 0.000000 0.000000 0.000000 1.000000
0.973522 -0.060998 0.220303 -0.000000 0.090186 0.988054 -0.124961 15.549600 -0.210049 0.141521 0.967394 -0.000000 0.000000 0.000000 0.000000 1.000000</float_array>
        <technique_common>
          <accessor source="#mixamorig_Neck-Matrix-animation-output-transform-array" count="25" stride="16">
            <param type="float4x4"/>
          </accessor>
        </technique_common>
      </source>
      <source id="mixamorig_Neck-Interpolations">
        <Name_array id="mixamorig_Neck-Interpolations-array" count="25">
 LINEAR LINEAR LINEAR LINEAR LINEAR LINEAR LINEAR LINEAR LINEAR LINEAR LINEAR
LINEAR LINEAR LINEAR LINEAR LINEAR LINEAR LINEAR LINEAR LINEAR LINEAR LINEAR LINEAR
LINEAR LINEAR</Name_array>
        <technique_common>
          <accessor source="#mixamorig_Neck-Interpolations-array" count="25">
            <param type="name"/>
          </accessor>
        </technique_common>
      </source>
      <sampler id="mixamorig_Neck-Matrix-animation-transform">
        <input semantic="INPUT" source="#mixamorig_Neck-Matrix-animation-input"/>
        <input semantic="OUTPUT" source="#mixamorig_Neck-Matrix-animation-output-transform"/>
        <input semantic="INTERPOLATION" source="#mixamorig_Neck-Interpolations"/>
      </sampler>
      <channel source="#mixamorig_Neck-Matrix-animation-transform" target="mixamorig_Neck/matrix"/>
    </animation>
    <animation id="mixamorig_Head-anim" name="mixamorig_Head">
      <source id="mixamorig_Head-Matrix-animation-input">
        <float_array id="mixamorig_Head-Matrix-animation-input-array" count="25">

0.000000 0.033333 0.066667 0.100000 0.133333 0.166667 0.200000 0.233333 0.266667 0.300000 0.333333 0.366667 0.400000 0.433333 0.466667 0.500000
0.533333 0.566667 0.600000 0.633333 0.666667 0.700000 0.733333 0.766667 0.800000</float_array>
        <technique_common>
          <accessor source="#mixamorig_Head-Matrix-animation-input-array" count="25">
            <param name="TIME" type="float"/>
          </accessor>
        </technique_common>
      </source>
      <source id="mixamorig_Head-Matrix-animation-output-transform">
        <float_array id="mixamorig_Head-Matrix-animation-output-transform-array" count="400">

0.941994 0.175211 0.286267 0.000000 -0.230014 0.958144 0.170450 8.837800 -0.244420 -0.226408 0.942867 4.542200 0.000000 0.000000 0.000000 1.000000
0.946160 0.160312 0.281215 0.000000 -0.214670 0.960983 0.174439 8.837800 -0.242278 -0.225416 0.943657 4.542200 0.000000 0.000000 0.000000 1.000000
0.951980 0.129647 0.277354 0.000000 -0.187325 0.963206 0.192724 8.837800 -0.242163 -0.235425 0.941240 4.542200 0.000000 0.000000 0.000000 1.000000
0.955584 0.099444 0.277434 0.000000 -0.165365 0.960123 0.225429 8.837800 -0.243953 -0.261294 0.933923 4.542200 0.000000 0.000000 0.000000 1.000000
0.956805 0.081831 0.278977 0.000000 -0.156600 0.953532 0.257395 8.837800 -0.244951 -0.289965 0.925159 4.542200 0.000000 0.000000 0.000000 1.000000
0.954060 0.083777 0.287666 0.000000 -0.166129 0.946924 0.275203 8.837800 -0.249342 -0.310350 0.917339 4.542200 0.000000 0.000000 0.000000 1.000000
0.949603 0.091405 0.299831 0.000000 -0.177805 0.944833 0.275094 8.837800 -0.258145 -0.314542 0.913468 4.542200 0.000000 0.000000 0.000000 1.000000
0.944909 0.098778 0.312075 0.000000 -0.188209 0.943979 0.271074 8.837800 -0.267816 -0.314876 0.910565 4.542200 0.000000 0.000000 0.000000 1.000000
0.941600 0.104465 0.320120 0.000000 -0.195200 0.943970 0.266115 8.837800 -0.274384 -0.313062 0.909234 4.542200 0.000000 0.000000 0.000000 1.000000
0.941610 0.103980 0.320249 0.000000 -0.192460 0.946640 0.258520 8.837800 -0.276279 -0.305060 0.911377 4.542200 0.000000 0.000000 0.000000 1.000000
0.940943 0.108033 0.320865 -0.000000 -0.189374 0.953543 0.234292 8.837800 -0.280648 -0.281219 0.917689 4.542200 0.000000 0.000000 0.000000 1.000000
0.938943 0.117486 0.323393 0.000000 -0.191588 0.959230 0.207780 8.837800 -0.285797 -0.257052 0.923171 4.542200 0.000000 0.000000 0.000000 1.000000
0.932653 0.131517 0.335950 0.000000 -0.202200 0.961743 0.184840 8.837800 -0.298788 -0.240320 0.923565 4.542200 0.000000 0.000000 0.000000 1.000000
0.925623 0.142391 0.350637 0.000000 -0.212857 0.961957 0.171262 8.837800 -0.312912 -0.233159 0.920719 4.542200 0.000000 0.000000 0.000000 1.000000
0.920620 0.155473 0.358172 0.000000 -0.223250 0.962169 0.156176 8.837800 -0.320340 -0.223741 0.920501 4.542200 0.000000 0.000000 0.000000 1.000000
0.918855 0.173068 0.354616 0.000000 -0.237267 0.960400 0.146071 8.837800 -0.315293 -0.218357 0.923532 4.542200 0.000000 0.000000 0.000000 1.000000
0.924219 0.178053 0.337812 -0.000000 -0.244115 0.955759 0.164113 8.837800 -0.293646 -0.234141 0.926796 4.542200 0.000000 0.000000 0.000000 1.000000
0.931089 0.178533 0.318120 0.000000 -0.244102 0.952967 0.179632 8.837800 -0.271087 -0.244907 0.930877 4.542200 0.000000 0.000000 0.000000 1.000000
0.937447 0.179498 0.298284 0.000000 -0.243269 0.950673 0.192462 8.837800 -0.249024 -0.252986 0.934872 4.542200 0.000000 0.000000 0.000000 1.000000
0.942995 0.179060 0.280532 0.000000 -0.237081 0.952997 0.188651 8.837800 -0.233566 -0.244406 0.941123 4.542200 0.000000 0.000000 0.000000 1.000000
0.942304 0.189896 0.275687 -0.000000 -0.245391 0.951993 0.183011 8.837800 -0.227699 -0.240103 0.943665 4.542200 0.000000 0.000000 0.000000 1.000000
0.937135 0.205974 0.281697 0.000000 -0.260388 0.950149 0.171506 8.837800 -0.232329 -0.234075 0.944051 4.542200 0.000000 0.000000 0.000000 1.000000
0.930649 0.220488 0.292022 0.000000 -0.273976 0.948886 0.156693 8.837800 -0.242547 -0.225833 0.943488 4.542200 0.000000 0.000000 0.000000 1.000000
0.931798 0.209170 0.296648 -0.000000 -0.260206 0.954735 0.144135 8.837800 -0.253072 -0.211495 0.944047 4.542200 0.000000 0.000000 0.000000 1.000000
0.941994 0.175209 0.286267 0.000000 -0.230015 0.958142 0.170461 8.837800 -0.244418 -0.226419 0.942865 4.542200 0.000000 0.000000 0.000000 1.000000</float_array>
        <technique_common>
          <accessor source="#mixamorig_Head-Matrix-animation-output-transform-array" count="25" stride="16">
            <param type="float4x4"/>
          </accessor>
        </technique_common>
      </source>
      <source id="mixamorig_Head-Interpolations">
        <Name_array id="mixamorig_Head-Interpolations-array" count="25">
 LINEAR LINEAR LINEAR LINEAR LINEAR LINEAR LINEAR LINEAR LINEAR LINEAR LINEAR
LINEAR LINEAR LINEAR LINEAR LINEAR LINEAR LINEAR LINEAR LINEAR LINEAR LINEAR LINEAR
LINEAR LINEAR</Name_array>
        <technique_common>
          <accessor source="#mixamorig_Head-Interpolations-array" count="25">
            <param type="name"/>
          </accessor>
        </technique_common>
      </source>
      <sampler id="mixamorig_Head-Matrix-animation-transform">
        <input semantic="INPUT" source="#mixamorig_Head-Matrix-animation-input"/>
        <input semantic="OUTPUT" source="#mixamorig_Head-Matrix-animation-output-transform"/>
        <input semantic="INTERPOLATION" source="#mixamorig_Head-Interpolations"/>
      </sampler>
      <channel source="#mixamorig_Head-Matrix-animation-transform" target="mixamorig_Head/matrix"/>
    </animation>
    <animation id="mixamorig_LeftShoulder-anim" name="mixamorig_LeftShoulder">
      <source id="mixamorig_LeftShoulder-Matrix-animation-input">
        <float_array id="mixamorig_LeftShoulder-Matrix-animation-input-array" count="25">

0.000000 0.033333 0.066667 0.100000 0.133333 0.166667 0.200000 0.233333 0.266667 0.300000 0.333333 0.366667 0.400000 0.433333 0.466667 0.500000
0.533333 0.566667 0.600000 0.633333 0.666667 0.700000 0.733333 0.766667 0.800000</float_array>
        <technique_common>
          <accessor source="#mixamorig_LeftShoulder-Matrix-animation-input-array" count="25">
            <param name="TIME" type="float"/>
          </accessor>
        </technique_common>
      </source>
      <source id="mixamorig_LeftShoulder-Matrix-animation-output-transform">
        <float_array id="mixamorig_LeftShoulder-Matrix-animation-output-transform-array" count="400">

0.196004 0.890956 -0.409610 7.025300 0.017422 -0.420810 -0.906982 13.487100 -0.980448 0.170636 -0.098002 -0.376600 0.000000 0.000000 0.000000 1.000000
0.243583 0.879173 -0.409539 7.025300 0.016446 -0.425941 -0.904601 13.487100 -0.969741 0.213610 -0.118211 -0.376600 0.000000 0.000000 0.000000 1.000000
0.284463 0.868503 -0.405936 7.025300 0.015571 -0.427559 -0.903853 13.487100 -0.958561 0.250792 -0.135148 -0.376600 0.000000 0.000000 0.000000 1.000000
0.311686 0.858425 -0.407380 7.025300 0.014467 -0.432975 -0.901290 13.487100 -0.950075 0.275026 -0.147371 -0.376600 0.000000 0.000000 0.000000 1.000000
0.315573 0.852263 -0.417206 7.025300 0.013305 -0.443603 -0.896124 13.487100 -0.948808 0.277242 -0.151329 -0.376600 0.000000 0.000000 0.000000 1.000000
0.308234 0.855379 -0.416315 7.025300 0.013600 -0.441540 -0.897138 13.487100 -0.951213 0.270867 -0.147731 -0.376600 0.000000 0.000000 0.000000 1.000000
0.298119 0.869686 -0.393410 7.025300 0.016005 -0.416647 -0.908927 13.487100 -0.954394 0.264672 -0.138130 -0.376600 0.000000 0.000000 0.000000 1.000000
0.282753 0.884089 -0.372071 7.025300 0.017955 -0.392710 -0.919487 13.487100 -0.959025 0.253307 -0.126913 -0.376600 0.000000 0.000000 0.000000 1.000000
0.266119 0.895055 -0.357850 7.025300 0.018899 -0.376010 -0.926423 13.487100 -0.963755 0.239776 -0.116979 -0.376600 0.000000 0.000000 0.000000 1.000000
0.250380 0.897155 -0.363899 7.025300 0.018588 -0.380256 -0.924694 13.487100 -0.967969 0.224761 -0.111884 -0.376600 0.000000 0.000000 0.000000 1.000000
0.239430 0.905001 -0.351634 7.025300 0.019382 -0.366551 -0.930196 13.487100 -0.970720 0.215902 -0.105304 -0.376600 0.000000 0.000000 0.000000 1.000000
0.220090 0.909739 -0.352045 7.025300 0.019218 -0.364868 -0.930861 13.487100 -0.975290 0.198107 -0.097787 -0.376600 0.000000 0.000000 0.000000 1.000000
0.156899 0.922771 -0.351961 7.025300 0.018752 -0.359094 -0.933113 13.487100 -0.987437 0.139805 -0.073646 -0.376600 0.000000 0.000000 0.000000 1.000000
0.062103 0.930958 -0.359807 7.025300 0.018077 -0.361493 -0.932200 13.487100 -0.997906 0.051388 -0.039278 -0.376600 0.000000 0.000000 0.000000 1.000000
-0.033112 0.933145 -0.357972 7.025300 0.017216 -0.357582 -0.933723 13.487100 -0.999303 -0.037081 -0.004225 -0.376600 0.000000 0.000000 0.000000 1.000000
-0.104531 0.932212 -0.346488 7.025300 0.015724 -0.346804 -0.937806 13.487100 -0.994397 -0.103478 0.021594 -0.376600 0.000000 0.000000 0.000000 1.000000
-0.129177 0.926292 -0.353973 7.025300 0.016827 -0.354865 -0.934766 13.487100 -0.991479 -0.126707 0.030254 -0.376600 0.000000 0.000000 0.000000 1.000000
-0.116583 0.925222 -0.361072 7.025300 0.018472 -0.361468 -0.932202 13.487100 -0.993009 -0.115348 0.025050 -0.376600 0.000000 0.000000 0.000000 1.000000
-0.075515 0.922063 -0.379602 7.025300 0.020925 -0.379140 -0.925103 13.487100 -0.996925 -0.077803 0.009336 -0.376600 0.000000 0.000000 0.000000 1.000000
-0.037123 0.916358 -0.398634 7.025300 0.021610 -0.398080 -0.917096 13.487100 -0.999077 -0.042660 -0.005024 -0.376600 0.000000 0.000000 0.000000 1.000000
-0.001764 0.909825 -0.414989 7.025300 0.023358 -0.414839 -0.909595 13.487100 -0.999726 -0.011298 -0.020519 -0.376600 0.000000 0.000000 0.000000 1.000000
0.029768 0.899985 -0.434903 7.025300 0.023501 -0.435605 -0.899831 13.487100 -0.999281 0.016566 -0.034117 -0.376600 0.000000 0.000000 0.000000 1.000000
0.064617 0.904469 -0.421616 7.025300 0.022748 -0.423724 -0.905505 13.487100 -0.997651 0.048921 -0.047955 -0.376600 0.000000 0.000000 0.000000 1.000000
0.117300 0.909170 -0.399563 7.025300 0.019921 -0.404414 -0.914359 13.487100 -0.992897 0.099295 -0.065550 -0.376600 0.000000 0.000000 0.000000 1.000000
0.196003 0.890956 -0.409610 7.025300 0.017422 -0.420810 -0.906981 13.487100 -0.980449 0.170635 -0.098002 -0.376600 0.000000 0.000000 0.000000 1.000000</float_array>
        <technique_common>
