<?xml version="1.0" encoding="utf-8"?>
<COLLADA xmlns="http://www.collada.org/2005/11/COLLADASchema" version="1.4.1">
  <asset>
    <contributor>
      <author>Mixamo</author>
      <authoring_tool>COLLADA Mixamo exporter</authoring_tool>
      <comments/>
    </contributor>
    <created>2024-10-30T20:21:41Z</created>
    <modified>2024-10-30T20:21:41Z</modified>
    <revision/>
    <title/>
    <unit meter="0.010000"/>
    <up_axis>Y_UP</up_axis>
  </asset>
  <library_animations>
    <animation id="mixamorig_Hips-anim" name="mixamorig_Hips">
      <source id="mixamorig_Hips-Matrix-animation-input">
        <float_array id="mixamorig_Hips-Matrix-animation-input-array" count="67">

0.000000 0.033333 0.066667 0.100000 0.133333 0.166667 0.200000 0.233333 0.266667 0.300000 0.333333 0.366667 0.400000 0.433333 0.466667 0.500000
0.533333 0.566667 0.600000 0.633333 0.666667 0.700000 0.733333 0.766667 0.800000 0.833333 0.866667 0.900000 0.933333 0.966667 1.000000 1.033333
1.066667 1.100000 1.133333 1.166667 1.200000 1.233333 1.266667 1.300000 1.333333 1.366667 1.400000 1.433333 1.466667 1.500000 1.533333 1.566667
1.600000 1.633333 1.666667 1.700000 1.733333 1.766667 1.800000 1.833333 1.866667 1.900000 1.933333 1.966667 2.000000 2.033333 2.066667 2.100000
2.133333 2.166667 2.200000</float_array>
        <technique_common>
          <accessor source="#mixamorig_Hips-Matrix-animation-input-array" count="67">
            <param name="TIME" type="float"/>
          </accessor>
        </technique_common>
      </source>
      <source id="mixamorig_Hips-Matrix-animation-output-transform">
        <float_array id="mixamorig_Hips-Matrix-animation-output-transform-array" count="1072">

0.583251 -0.119301 -0.803484 -0.525464 -0.017464 0.987086 -0.159239 82.746124 0.812104 0.106908 0.573635 0.463604 0.000000 0.000000 0.000000 1.000000
0.533204 -0.106288 -0.839284 0.002532 -0.020481 0.990164 -0.138407 82.757988 0.845739 0.090989 0.525782 0.149643 0.000000 0.000000 0.000000 1.000000
0.528974 -0.105893 -0.842005 0.601132 -0.002755 0.991965 -0.126484 82.699097 0.848633 0.069226 0.524432 0.067563 0.000000 0.000000 0.000000 1.000000
0.528055 -0.103353 -0.842897 1.049032 0.018756 0.993744 -0.110100 82.570030 0.849003 0.042330 0.526690 0.406289 0.000000 0.000000 0.000000 1.000000
0.543088 -0.089608 -0.834880 1.239016 0.042211 0.995946 -0.079437 82.368050 0.838614 0.007900 0.544669 1.084986 0.000000 0.000000 0.000000 1.000000
0.586158 -0.056639 -0.808214 1.017080 0.064752 0.997637 -0.022952 82.085281 0.807605 -0.038880 0.588441 1.980585 0.000000 0.000000 0.000000 1.000000
0.662750 -0.005085 -0.748823 -0.064287 0.079564 0.994795 0.063663 81.692276 0.744602 -0.101772 0.659705 2.776148 0.000000 0.000000 0.000000 1.000000
0.758752 0.054583 -0.649089 -1.651011 0.080106 0.981100 0.176141 81.130829 0.646436 -0.185643 0.740039 3.180649 0.000000 0.000000 0.000000 1.000000
0.849079 0.095403 -0.519580 -2.275156 0.068437 0.955403 0.287264 80.339256 0.523814 -0.279469 0.804684 2.883345 0.000000 0.000000 0.000000 1.000000
0.923922 0.105479 -0.367753 -2.563863 0.048732 0.920967 0.386582 79.286751 0.379465 -0.375093 0.845761 2.261004 0.000000 0.000000 0.000000 1.000000
0.979953 0.071957 -0.185779 -2.776550 0.021686 0.888430 0.458500 78.010826 0.198044 -0.453338 0.869059 1.058864 0.000000 0.000000 0.000000 1.000000
0.998998 0.038401 -0.022969 -2.860827 -0.021976 0.868205 0.495719 76.516136 0.038978 -0.494717 0.868179 -1.079775 0.000000 0.000000 0.000000 1.000000
0.988706 0.006330 0.149737 -3.125914 -0.085348 0.845053 0.527827 73.933060 -0.123195 -0.534646 0.836048 -4.156205 0.000000 0.000000 0.000000 1.000000
0.952461 -0.028042 0.303368 -4.169199 -0.152532 0.818076 0.554513 69.707802 -0.263728 -0.574425 0.774908 -8.062708 0.000000 0.000000 0.000000 1.000000
0.907701 -0.067189 0.414204 -6.001615 -0.200866 0.797084 0.569482 64.267357 -0.368418 -0.600119 0.710018 -12.734614 0.000000 0.000000 0.000000 1.000000
0.858592 -0.096509 0.503493 -8.208887 -0.249759 0.778942 0.575213 58.333294 -0.447705 -0.619625 0.644690 -17.632282 0.000000 0.000000 0.000000 1.000000
0.819094 -0.110819 0.562853 -10.429767 -0.294262 0.761080 0.578073 51.321041 -0.492437 -0.639122 0.590786 -22.097195 0.000000 0.000000 0.000000 1.000000
0.798636 -0.121189 0.589486 -12.326124 -0.324795 0.737820 0.591718 43.329678 -0.506644 -0.664029 0.549888 -26.230957 0.000000 0.000000 0.000000 1.000000
0.783286 -0.134719 0.606889 -13.833215 -0.352076 0.708448 0.611673 35.038261 -0.512353 -0.692786 0.507486 -29.986275 0.000000 0.000000 0.000000 1.000000
0.770231 -0.147738 0.620418 -15.000980 -0.390772 0.659479 0.642172 26.613531 -0.504026 -0.737062 0.450219 -32.682503 0.000000 0.000000 0.000000 1.000000
0.722359 -0.171022 0.670036 -16.030914 -0.485268 0.564933 0.667357 20.574999 -0.492659 -0.807219 0.325093 -35.203651 0.000000 0.000000 0.000000 1.000000
0.726540 -0.255216 0.637969 -16.822958 -0.520936 0.400855 0.753619 19.710938 -0.448069 -0.879875 0.158285 -37.884071 0.000000 0.000000 0.000000 1.000000
0.768984 -0.298934 0.565069 -16.846849 -0.509771 0.246627 0.824202 18.752201 -0.385743 -0.921853 0.037264 -40.285988 0.000000 0.000000 0.000000 1.000000
0.739003 -0.265278 0.619276 -16.283873 -0.601873 0.153038 0.783791 18.280031 -0.302696 -0.951949 -0.046568 -42.690769 0.000000 0.000000 0.000000 1.000000
0.727086 -0.293783 0.620514 -16.427011 -0.626542 0.085592 0.774674 18.413963 -0.280696 -0.952033 -0.121834 -44.331821 0.000000 0.000000 0.000000 1.000000
0.727223 -0.379435 0.571993 -17.006977 -0.636314 -0.060180 0.769079 18.643677 -0.257393 -0.923259 -0.285204 -45.532516 0.000000 0.000000 0.000000 1.000000
0.735751 -0.411372 0.538000 -16.967731 -0.655314 -0.231875 0.718887 19.053822 -0.170981 -0.881480 -0.440180 -47.281197 0.000000 0.000000 0.000000 1.000000
0.738765 -0.441271 0.509418 -16.662199 -0.658257 -0.310202 0.685910 19.863579 -0.144650 -0.842054 -0.519636 -49.504326 0.000000 0.000000 0.000000 1.000000
0.754640 -0.462644 0.465273 -16.087606 -0.637253 -0.347872 0.687673 22.327829 -0.156292 -0.815442 -0.557339 -51.668919 0.000000 0.000000 0.000000 1.000000
0.776154 -0.461516 0.429636 -15.236919 -0.614867 -0.402978 0.677899 25.099434 -0.139727 -0.790323 -0.596544 -53.763630 0.000000 0.000000 0.000000 1.000000
0.790648 -0.455177 0.409498 -14.585098 -0.601927 -0.455443 0.655938 27.163593 -0.112065 -0.765104 -0.634079 -55.832203 0.000000 0.000000 0.000000 1.000000
0.788410 -0.452030 0.417227 -14.122694 -0.609208 -0.479706 0.631465 28.386253 -0.085295 -0.752031 -0.653585 -57.465218 0.000000 0.000000 0.000000 1.000000
0.786680 -0.454421 0.417894 -13.844811 -0.613818 -0.503314 0.608196 29.000172 -0.066045 -0.734966 -0.674879 -58.930473 0.000000 0.000000 0.000000 1.000000
0.797645 -0.449986 0.401591 -13.775333 -0.599787 -0.521832 0.606586 29.493931 -0.063392 -0.724709 -0.686133 -60.296234 0.000000 0.000000 0.000000 1.000000
0.813407 -0.444730 0.374946 -13.776963 -0.576617 -0.531465 0.620530 30.171139 -0.076697 -0.720944 -0.688736 -61.544128 0.000000 0.000000 0.000000 1.000000
0.823076 -0.440907 0.357977 -13.831416 -0.559042 -0.517897 0.647499 30.297554 -0.100092 -0.733064 -0.672754 -62.608654 0.000000 0.000000 0.000000 1.000000
0.830449 -0.440831 0.340620 -13.730247 -0.540264 -0.488132 0.685450 29.882008 -0.135900 -0.753256 -0.643534 -63.574970 0.000000 0.000000 0.000000 1.000000
0.838095 -0.439029 0.323807 -13.671392 -0.517138 -0.450404 0.727808 28.905350 -0.173685 -0.777425 -0.604520 -64.295685 0.000000 0.000000 0.000000 1.000000
0.851276 -0.429584 0.301310 -13.577703 -0.482037 -0.413393 0.772493 27.411026 -0.207292 -0.802847 -0.558987 -64.624779 0.000000 0.000000 0.000000 1.000000
0.859599 -0.421641 0.288633 -13.422680 -0.453972 -0.370938 0.810133 25.222101 -0.234520 -0.827420 -0.510271 -64.385818 0.000000 0.000000 0.000000 1.000000
0.862981 -0.415545 0.287378 -13.170301 -0.426737 -0.294996 0.854911 22.427618 -0.270479 -0.860407 -0.431904 -64.048111 0.000000 0.000000 0.000000 1.000000
0.861207 -0.413405 0.295667 -12.890019 -0.400126 -0.192754 0.895960 19.092075 -0.313404 -0.889911 -0.331415 -63.337841 0.000000 0.000000 0.000000 1.000000
0.863225 -0.406932 0.298745 -12.738216 -0.358498 -0.077507 0.930307 15.811057 -0.355417 -0.910164 -0.212790 -62.458607 0.000000 0.000000 0.000000 1.000000
0.896114 -0.381991 0.225971 -13.320189 -0.254575 -0.025335 0.966721 15.294968 -0.363553 -0.923819 -0.119948 -61.413437 0.000000 0.000000 0.000000 1.000000
0.911082 -0.346205 0.223769 -14.019986 -0.237131 0.003867 0.971470 15.402889 -0.337193 -0.938151 -0.078573 -60.343719 0.000000 0.000000 0.000000 1.000000
0.906301 -0.368744 0.206512 -14.396596 -0.218180 0.010276 0.975854 15.400351 -0.361962 -0.929474 -0.071140 -59.191765 0.000000 0.000000 0.000000 1.000000
0.906440 -0.397448 0.142835 -15.148519 -0.150548 0.011911 0.988531 15.347448 -0.394591 -0.917547 -0.049038 -58.082829 0.000000 0.000000 0.000000 1.000000
0.911583 -0.404789 0.071846 -15.876261 -0.071035 0.017045 0.997328 15.403145 -0.404932 -0.914251 -0.013216 -56.960728 0.000000 0.000000 0.000000 1.000000
0.903894 -0.421788 0.071207 -16.442562 -0.052793 0.055193 0.997079 15.819687 -0.424486 -0.905013 0.027621 -55.870899 0.000000 0.000000 0.000000 1.000000
0.900999 -0.427557 0.073450 -16.829533 -0.055360 0.054610 0.996972 16.116528 -0.430274 -0.902337 0.025534 -55.645134 0.000000 0.000000 0.000000 1.000000
0.899768 -0.430351 0.072218 -17.003407 -0.058108 0.045861 0.997256 16.107151 -0.432482 -0.901496 0.016257 -55.938580 0.000000 0.000000 0.000000 1.000000
0.899319 -0.432173 0.066726 -17.041971 -0.055253 0.039065 0.997708 15.978043 -0.433789 -0.900944 0.011253 -56.517464 0.000000 0.000000 0.000000 1.000000
0.899409 -0.431642 0.068910 -16.945902 -0.060881 0.032409 0.997619 15.645950 -0.432848 -0.901462 0.002870 -56.996857 0.000000 0.000000 0.000000 1.000000
0.899426 -0.429754 0.079652 -16.773176 -0.074451 0.028932 0.996805 15.284441 -0.430685 -0.902483 -0.005974 -57.398281 0.000000 0.000000 0.000000 1.000000
0.899742 -0.426059 0.094547 -16.582722 -0.095274 0.019659 0.995257 15.146051 -0.425896 -0.904482 -0.022905 -57.942513 0.000000 0.000000 0.000000 1.000000
0.899311 -0.422143 0.114166 -16.359100 -0.122152 0.008183 0.992478 15.078641 -0.419902 -0.906492 -0.044206 -58.430573 0.000000 0.000000 0.000000 1.000000
0.898511 -0.418524 0.132349 -16.096453 -0.146665 -0.002060 0.989184 15.016055 -0.413724 -0.908204 -0.063234 -58.842770 0.000000 0.000000 0.000000 1.000000
0.898379 -0.414840 0.144301 -15.886463 -0.162913 -0.009622 0.986593 14.969827 -0.407890 -0.909843 -0.076227 -59.151581 0.000000 0.000000 0.000000 1.000000
0.897600 -0.413442 0.152904 -15.687915 -0.173959 -0.013514 0.984660 14.945145 -0.405034 -0.910430 -0.084052 -59.306557 0.000000 0.000000 0.000000 1.000000
0.896578 -0.413515 0.158597 -15.550861 -0.179976 -0.012982 0.983585 14.947495 -0.404668 -0.910405 -0.086062 -59.308968 0.000000 0.000000 0.000000 1.000000
0.895729 -0.414217 0.161532 -15.501344 -0.181788 -0.009656 0.983290 14.966660 -0.405736 -0.910127 -0.083949 -59.218052 0.000000 0.000000 0.000000 1.000000
0.894963 -0.415908 0.161435 -15.501091 -0.179713 -0.004884 0.983707 14.994722 -0.408343 -0.909394 -0.079115 -59.070087 0.000000 0.000000 0.000000 1.000000
0.894246 -0.418837 0.157796 -15.570848 -0.174184 -0.000907 0.984713 15.018488 -0.412291 -0.908061 -0.073766 -58.898689 0.000000 0.000000 0.000000 1.000000
0.893683 -0.422289 0.151665 -15.650038 -0.165636 0.003653 0.986180 15.046193 -0.417008 -0.906454 -0.066682 -58.742569 0.000000 0.000000 0.000000 1.000000
0.893075 -0.425919 0.144946 -15.729519 -0.156797 0.007320 0.987604 15.068661 -0.421700 -0.904732 -0.060246 -58.579498 0.000000 0.000000 0.000000 1.000000
0.892897 -0.428144 0.139386 -15.813418 -0.149733 0.009605 0.988680 15.082763 -0.424636 -0.903660 -0.055531 -58.473049 0.000000 0.000000 0.000000 1.000000
0.893269 -0.428731 0.135131 -15.868168 -0.144574 0.010637 0.989437 15.089414 -0.425639 -0.903370 -0.052482 -58.405609 0.000000 0.000000 0.000000 1.000000</float_array>
        <technique_common>
          <accessor source="#mixamorig_Hips-Matrix-animation-output-transform-array" count="67" stride="16">
            <param type="float4x4"/>
          </accessor>
        </technique_common>
      </source>
      <source id="mixamorig_Hips-Interpolations">
        <Name_array id="mixamorig_Hips-Interpolations-array" count="67">
 LINEAR LINEAR LINEAR LINEAR LINEAR LINEAR LINEAR LINEAR LINEAR LINEAR LINEAR
LINEAR LINEAR LINEAR LINEAR LINEAR LINEAR LINEAR LINEAR LINEAR LINEAR LINEAR LINEAR
LINEAR LINEAR LINEAR LINEAR LINEAR LINEAR LINEAR LINEAR LINEAR LINEAR LINEAR LINEAR
LINEAR LINEAR LINEAR LINEAR LINEAR LINEAR LINEAR LINEAR LINEAR LINEAR LINEAR LINEAR
LINEAR LINEAR LINEAR LINEAR LINEAR LINEAR LINEAR LINEAR LINEAR LINEAR LINEAR LINEAR
LINEAR LINEAR LINEAR LINEAR LINEAR LINEAR LINEAR LINEAR</Name_array>
        <technique_common>
          <accessor source="#mixamorig_Hips-Interpolations-array" count="67">
            <param type="name"/>
          </accessor>
        </technique_common>
      </source>
      <sampler id="mixamorig_Hips-Matrix-animation-transform">
        <input semantic="INPUT" source="#mixamorig_Hips-Matrix-animation-input"/>
        <input semantic="OUTPUT" source="#mixamorig_Hips-Matrix-animation-output-transform"/>
        <input semantic="INTERPOLATION" source="#mixamorig_Hips-Interpolations"/>
      </sampler>
      <channel source="#mixamorig_Hips-Matrix-animation-transform" target="mixamorig_Hips/matrix"/>
    </animation>
    <animation id="mixamorig_Spine-anim" name="mixamorig_Spine">
      <source id="mixamorig_Spine-Matrix-animation-input">
        <float_array id="mixamorig_Spine-Matrix-animation-input-array" count="67">

0.000000 0.033333 0.066667 0.100000 0.133333 0.166667 0.200000 0.233333 0.266667 0.300000 0.333333 0.366667 0.400000 0.433333 0.466667 0.500000
0.533333 0.566667 0.600000 0.633333 0.666667 0.700000 0.733333 0.766667 0.800000 0.833333 0.866667 0.900000 0.933333 0.966667 1.000000 1.033333
1.066667 1.100000 1.133333 1.166667 1.200000 1.233333 1.266667 1.300000 1.333333 1.366667 1.400000 1.433333 1.466667 1.500000 1.533333 1.566667
1.600000 1.633333 1.666667 1.700000 1.733333 1.766667 1.800000 1.833333 1.866667 1.900000 1.933333 1.966667 2.000000 2.033333 2.066667 2.100000
2.133333 2.166667 2.200000</float_array>
        <technique_common>
          <accessor source="#mixamorig_Spine-Matrix-animation-input-array" count="67">
            <param name="TIME" type="float"/>
          </accessor>
        </technique_common>
      </source>
      <source id="mixamorig_Spine-Matrix-animation-output-transform">
        <float_array id="mixamorig_Spine-Matrix-animation-output-transform-array" count="1072">

0.996789 0.039337 0.069745 0.000000 -0.042954 0.997767 0.051152 10.198500 -0.067577 -0.053983 0.996253 -1.858500 0.000000 0.000000 0.000000 1.000000
0.997189 0.035377 0.066044 0.000000 -0.038980 0.997775 0.054080 10.198500 -0.063984 -0.056502 0.996350 -1.858500 0.000000 0.000000 0.000000 1.000000
0.998150 0.024437 0.055672 -0.000000 -0.027880 0.997691 0.061932 10.198500 -0.054030 -0.063370 0.996526 -1.858500 0.000000 0.000000 0.000000 1.000000
0.999127 0.008771 0.040850 0.000000 -0.011749 0.997247 0.073220 10.198500 -0.040096 -0.073636 0.996479 -1.858500 0.000000 0.000000 0.000000 1.000000
0.999677 -0.009481 0.023569 0.000000 0.007408 0.996221 0.086538 10.198500 -0.024301 -0.086335 0.995970 -1.858500 0.000000 0.000000 0.000000 1.000000
0.999582 -0.028298 0.005876 0.000000 0.027563 0.994534 0.100706 10.198500 -0.008694 -0.100502 0.994899 -1.858500 0.000000 0.000000 0.000000 1.000000
0.998894 -0.045890 -0.010240 0.000000 0.046763 0.992284 0.114827 10.198500 0.004892 -0.115179 0.993333 -1.858500 0.000000 0.000000 0.000000 1.000000
0.997910 -0.060027 -0.023911 0.000000 0.062609 0.989773 0.128176 10.198500 0.015973 -0.129405 0.991463 -1.858500 0.000000 0.000000 0.000000 1.000000
0.997382 -0.069290 -0.020666 0.000000 0.071526 0.987345 0.141542 10.198500 0.010597 -0.142650 0.989716 -1.858500 0.000000 0.000000 0.000000 1.000000
0.997448 -0.069666 -0.015657 0.000000 0.071250 0.985455 0.154277 10.198500 0.004682 -0.154999 0.987904 -1.858500 0.000000 0.000000 0.000000 1.000000
0.998005 -0.062076 -0.011511 -0.000000 0.063130 0.983381 0.170227 10.198500 0.000753 -0.170614 0.985338 -1.858500 0.000000 0.000000 0.000000 1.000000
0.998430 -0.055206 -0.009450 0.000000 0.055996 0.980244 0.189702 10.198500 -0.001210 -0.189933 0.981796 -1.858500 0.000000 0.000000 0.000000 1.000000
0.998818 -0.046555 -0.013956 -0.000000 0.048396 0.979101 0.197531 10.198500 0.004469 -0.197973 0.980197 -1.858500 0.000000 0.000000 0.000000 1.000000
0.999093 -0.040258 -0.013886 0.000000 0.042170 0.980704 0.190899 10.198500 0.005933 -0.191311 0.981512 -1.858500 0.000000 0.000000 0.000000 1.000000
0.999316 -0.034648 -0.012910 0.000000 0.036382 0.983690 0.176153 10.198500 0.006596 -0.176502 0.984278 -1.858500 0.000000 0.000000 0.000000 1.000000
0.999373 -0.032794 -0.013381 -0.000000 0.034496 0.986880 0.157729 10.198500 0.008033 -0.158092 0.987392 -1.858500 0.000000 0.000000 0.000000 1.000000
0.999418 -0.032963 -0.008824 0.000000 0.033883 0.989275 0.142078 10.198500 0.004046 -0.142294 0.989816 -1.858500 0.000000 0.000000 0.000000 1.000000
0.999372 -0.035437 0.000329 0.000000 0.035102 0.991131 0.128170 10.198500 -0.004868 -0.128078 0.991752 -1.858500 0.000000 0.000000 0.000000 1.000000
0.999302 -0.036635 0.007303 -0.000000 0.035527 0.992457 0.117333 10.198500 -0.011546 -0.116992 0.993066 -1.858500 0.000000 0.000000 0.000000 1.000000
0.999166 -0.039418 0.010675 -0.000000 0.038065 0.993625 0.106114 10.198500 -0.014790 -0.105619 0.994297 -1.858500 0.000000 0.000000 0.000000 1.000000
0.999009 -0.044506 -0.000246 -0.000000 0.044360 0.995262 0.086515 10.198500 -0.003606 -0.086440 0.996251 -1.858500 0.000000 0.000000 0.000000 1.000000
0.999154 -0.040136 0.008990 0.000000 0.039646 0.997997 0.049291 10.198500 -0.010950 -0.048892 0.998744 -1.858500 0.000000 0.000000 0.000000 1.000000
0.999328 -0.026951 0.024843 0.000000 0.026014 0.998964 0.037330 10.198500 -0.025823 -0.036659 0.998994 -1.858500 0.000000 0.000000 0.000000 1.000000
0.999434 -0.032107 0.010023 -0.000000 0.031564 0.998234 0.050327 10.198500 -0.011621 -0.049982 0.998682 -1.858500 0.000000 0.000000 0.000000 1.000000
0.999488 -0.031533 -0.005359 0.000000 0.031797 0.997725 0.059438 10.198500 0.003473 -0.059578 0.998218 -1.858500 0.000000 0.000000 0.000000 1.000000
0.999476 -0.031893 -0.005485 0.000000 0.032183 0.997345 0.065327 10.198500 0.003387 -0.065470 0.997849 -1.858500 0.000000 0.000000 0.000000 1.000000
0.999266 -0.038260 0.001842 0.000000 0.038047 0.996969 0.067866 10.198500 -0.004433 -0.067746 0.997693 -1.858500 0.000000 0.000000 0.000000 1.000000
0.999642 -0.024273 -0.011278 0.000000 0.024965 0.997511 0.065940 10.198500 0.009650 -0.066198 0.997760 -1.858500 0.000000 0.000000 0.000000 1.000000
0.999751 -0.006991 -0.021212 -0.000000 0.008357 0.997850 0.065008 10.198500 0.020712 -0.065169 0.997659 -1.858500 0.000000 0.000000 0.000000 1.000000
0.999711 -0.009931 -0.021873 0.000000 0.011290 0.997956 0.062905 10.198500 0.021204 -0.063133 0.997780 -1.858500 0.000000 0.000000 0.000000 1.000000
0.999386 -0.009318 -0.033773 0.000000 0.011472 0.997874 0.064158 10.198500 0.033103 -0.064506 0.997368 -1.858500 0.000000 0.000000 0.000000 1.000000
0.998624 -0.004806 -0.052225 -0.000000 0.008527 0.997421 0.071259 10.198500 0.051748 -0.071606 0.996090 -1.858500 0.000000 0.000000 0.000000 1.000000
0.997615 0.001404 -0.069010 -0.000000 0.003907 0.997041 0.076771 10.198500 0.068914 -0.076857 0.994658 -1.858500 0.000000 0.000000 0.000000 1.000000
0.996881 0.006344 -0.078659 -0.000000 0.000302 0.996450 0.084190 10.198500 0.078914 -0.083951 0.993340 -1.858500 0.000000 0.000000 0.000000 1.000000
0.996554 0.010177 -0.082322 0.000000 -0.002591 0.995780 0.091739 10.198500 0.082908 -0.091210 0.992374 -1.858500 0.000000 0.000000 0.000000 1.000000
0.996558 0.011926 -0.082032 0.000000 -0.003552 0.994831 0.101477 10.198500 0.082818 -0.100837 0.991450 -1.858500 0.000000 0.000000 0.000000 1.000000
0.996836 0.013275 -0.078373 0.000000 -0.004347 0.993584 0.113010 10.198500 0.079370 -0.112311 0.990498 -1.858500 0.000000 0.000000 0.000000 1.000000
0.997165 0.012448 -0.074214 0.000000 -0.003334 0.992563 0.121685 10.198500 0.075177 -0.121092 0.989790 -1.858500 0.000000 0.000000 0.000000 1.000000
0.997579 0.006369 -0.069244 -0.000000 0.002376 0.992094 0.125474 10.198500 0.069495 -0.125335 0.989677 -1.858500 0.000000 0.000000 0.000000 1.000000
0.998018 0.002453 -0.062886 0.000000 0.005907 0.991177 0.132413 10.198500 0.062656 -0.132522 0.989198 -1.858500 0.000000 0.000000 0.000000 1.000000
0.998442 -0.000138 -0.055792 -0.000000 0.008101 0.989758 0.142528 10.198500 0.055201 -0.142758 0.988217 -1.858500 0.000000 0.000000 0.000000 1.000000
0.998807 0.000349 -0.048821 -0.000000 0.007276 0.987741 0.155932 10.198500 0.048277 -0.156102 0.986561 -1.858500 0.000000 0.000000 0.000000 1.000000
0.999249 0.001997 -0.038705 0.000000 0.004750 0.984834 0.173436 10.198500 0.038464 -0.173489 0.984084 -1.858500 0.000000 0.000000 0.000000 1.000000
0.999593 -0.001875 -0.028454 0.000000 0.007010 0.983369 0.181484 10.198500 0.027641 -0.181609 0.982982 -1.858500 0.000000 0.000000 0.000000 1.000000
0.999308 -0.007689 -0.036394 0.000000 0.014398 0.982089 0.187865 10.198500 0.034297 -0.188259 0.981520 -1.858500 0.000000 0.000000 0.000000 1.000000
0.999380 0.001393 -0.035187 0.000000 0.005176 0.982551 0.185920 10.198500 0.034832 -0.185987 0.981935 -1.858500 0.000000 0.000000 0.000000 1.000000
0.999655 0.015838 -0.020946 0.000000 -0.011722 0.982904 0.183744 10.198500 0.023498 -0.183435 0.982751 -1.858500 0.000000 0.000000 0.000000 1.000000
0.999776 0.021024 -0.002477 -0.000000 -0.020174 0.981676 0.189485 10.198500 0.006415 -0.189392 0.981881 -1.858500 0.000000 0.000000 0.000000 1.000000
0.999584 0.028732 0.002520 0.000000 -0.028655 0.979352 0.200120 10.198500 0.003282 -0.200109 0.979768 -1.858500 0.000000 0.000000 0.000000 1.000000
0.999446 0.033199 0.002300 0.000000 -0.032986 0.979125 0.200563 10.198500 0.004407 -0.200528 0.979678 -1.858500 0.000000 0.000000 0.000000 1.000000
0.999391 0.034889 0.000771 0.000000 -0.034357 0.979794 0.197036 10.198500 0.006119 -0.196942 0.980396 -1.858500 0.000000 0.000000 0.000000 1.000000
0.999399 0.034597 0.002201 -0.000000 -0.034364 0.980319 0.194405 10.198500 0.004568 -0.194364 0.980919 -1.858500 0.000000 0.000000 0.000000 1.000000
0.999447 0.033240 0.000960 -0.000000 -0.032808 0.980951 0.191463 10.198500 0.005423 -0.191389 0.981499 -1.858500 0.000000 0.000000 0.000000 1.000000
0.999469 0.032541 -0.001878 0.000000 -0.031599 0.981435 0.189174 10.198500 0.007999 -0.189014 0.981942 -1.858500 0.000000 0.000000 0.000000 1.000000
0.999538 0.029904 -0.005502 0.000000 -0.028372 0.982347 0.184903 10.198500 0.010934 -0.184662 0.982741 -1.858500 0.000000 0.000000 0.000000 1.000000
0.999577 0.027388 -0.009807 -0.000000 -0.025160 0.983137 0.181133 10.198500 0.014603 -0.180809 0.983410 -1.858500 0.000000 0.000000 0.000000 1.000000
0.999597 0.024621 -0.014146 -0.000000 -0.021719 0.983852 0.177660 10.198500 0.018292 -0.177281 0.983990 -1.858500 0.000000 0.000000 0.000000 1.000000
0.999638 0.020995 -0.016840 0.000000 -0.017725 0.984394 0.175085 10.198500 0.020253 -0.174723 0.984409 -1.858500 0.000000 0.000000 0.000000 1.000000
0.999639 0.018796 -0.019203 -0.000000 -0.015193 0.984800 0.173024 10.198500 0.022164 -0.172669 0.984730 -1.858500 0.000000 0.000000 0.000000 1.000000
0.999630 0.018110 -0.020292 0.000000 -0.014327 0.984799 0.173105 10.198500 0.023118 -0.172750 0.984694 -1.858500 0.000000 0.000000 0.000000 1.000000
0.999629 0.018406 -0.020053 0.000000 -0.014632 0.984576 0.174345 10.198500 0.022952 -0.173987 0.984480 -1.858500 0.000000 0.000000 0.000000 1.000000
0.999625 0.019656 -0.019055 0.000000 -0.015993 0.984218 0.176234 10.198500 0.022218 -0.175863 0.984164 -1.858500 0.000000 0.000000 0.000000 1.000000
0.999619 0.021229 -0.017638 0.000000 -0.017780 0.984096 0.176746 10.198500 0.021109 -0.176365 0.984099 -1.858500 0.000000 0.000000 0.000000 1.000000
0.999624 0.022817 -0.015185 -0.000000 -0.019756 0.983865 0.177817 10.198500 0.018998 -0.177450 0.983946 -1.858500 0.000000 0.000000 0.000000 1.000000
0.999610 0.024610 -0.013168 0.000000 -0.021865 0.983674 0.178628 10.198500 0.017349 -0.178271 0.983829 -1.858500 0.000000 0.000000 0.000000 1.000000
0.999593 0.025962 -0.011788 -0.000000 -0.023437 0.983588 0.178899 10.198500 0.016240 -0.178550 0.983797 -1.858500 0.000000 0.000000 0.000000 1.000000
0.999596 0.026397 -0.010577 0.000000 -0.024074 0.983494 0.179331 10.198500 0.015136 -0.179004 0.983732 -1.858500 0.000000 0.000000 0.000000 1.000000</float_array>
        <technique_common>
          <accessor source="#mixamorig_Spine-Matrix-animation-output-transform-array" count="67" stride="16">
            <param type="float4x4"/>
          </accessor>
        </technique_common>
      </source>
      <source id="mixamorig_Spine-Interpolations">
        <Name_array id="mixamorig_Spine-Interpolations-array" count="67">
 LINEAR LINEAR LINEAR LINEAR LINEAR LINEAR LINEAR LINEAR LINEAR LINEAR LINEAR
LINEAR LINEAR LINEAR LINEAR LINEAR LINEAR LINEAR LINEAR LINEAR LINEAR LINEAR LINEAR
LINEAR LINEAR LINEAR LINEAR LINEAR LINEAR LINEAR LINEAR LINEAR LINEAR LINEAR LINEAR
LINEAR LINEAR LINEAR LINEAR LINEAR LINEAR LINEAR LINEAR LINEAR LINEAR LINEAR LINEAR
LINEAR LINEAR LINEAR LINEAR LINEAR LINEAR LINEAR LINEAR LINEAR LINEAR LINEAR LINEAR
LINEAR LINEAR LINEAR LINEAR LINEAR LINEAR LINEAR LINEAR</Name_array>
        <technique_common>
          <accessor source="#mixamorig_Spine-Interpolations-array" count="67">
            <param type="name"/>
          </accessor>
        </technique_common>
      </source>
      <sampler id="mixamorig_Spine-Matrix-animation-transform">
        <input semantic="INPUT" source="#mixamorig_Spine-Matrix-animation-input"/>
        <input semantic="OUTPUT" source="#mixamorig_Spine-Matrix-animation-output-transform"/>
        <input semantic="INTERPOLATION" source="#mixamorig_Spine-Interpolations"/>
      </sampler>
      <channel source="#mixamorig_Spine-Matrix-animation-transform" target="mixamorig_Spine/matrix"/>
    </animation>
    <animation id="mixamorig_Spine1-anim" name="mixamorig_Spine1">
      <source id="mixamorig_Spine1-Matrix-animation-input">
        <float_array id="mixamorig_Spine1-Matrix-animation-input-array" count="67">

0.000000 0.033333 0.066667 0.100000 0.133333 0.166667 0.200000 0.233333 0.266667 0.300000 0.333333 0.366667 0.400000 0.433333 0.466667 0.500000
0.533333 0.566667 0.600000 0.633333 0.666667 0.700000 0.733333 0.766667 0.800000 0.833333 0.866667 0.900000 0.933333 0.966667 1.000000 1.033333
1.066667 1.100000 1.133333 1.166667 1.200000 1.233333 1.266667 1.300000 1.333333 1.366667 1.400000 1.433333 1.466667 1.500000 1.533333 1.566667
1.600000 1.633333 1.666667 1.700000 1.733333 1.766667 1.800000 1.833333 1.866667 1.900000 1.933333 1.966667 2.000000 2.033333 2.066667 2.100000
2.133333 2.166667 2.200000</float_array>
        <technique_common>
          <accessor source="#mixamorig_Spine1-Matrix-animation-input-array" count="67">
            <param name="TIME" type="float"/>
          </accessor>
        </technique_common>
      </source>
      <source id="mixamorig_Spine1-Matrix-animation-output-transform">
        <float_array id="mixamorig_Spine1-Matrix-animation-output-transform-array" count="1072">

0.998870 -0.044344 0.017120 0.000000 0.044704 0.998775 -0.021223 12.094200 -0.016157 0.021965 0.999628 0.000000 0.000000 0.000000 0.000000 1.000000
0.998908 -0.046087 0.007728 0.000000 0.046271 0.998599 -0.025664 12.094200 -0.006535 0.025994 0.999641 0.000000 0.000000 0.000000 0.000000 1.000000
0.998573 -0.051030 -0.015759 0.000000 0.050417 0.998039 -0.037092 12.094200 0.017621 0.036244 0.999188 0.000000 0.000000 0.000000 0.000000 1.000000
0.997192 -0.058770 -0.046413 0.000000 0.056304 0.997018 -0.052769 12.094200 0.049376 0.050007 0.997528 0.000000 0.000000 0.000000 0.000000 1.000000
0.994625 -0.068907 -0.077289 -0.000000 0.063544 0.995534 -0.069816 12.094200 0.081755 0.064530 0.994561 -0.000000 0.000000 0.000000 0.000000 1.000000
0.991531 -0.081033 -0.101492 0.000000 0.072503 0.993732 -0.085089 12.094200 0.107751 0.077010 0.991191 0.000000 0.000000 0.000000 0.000000 1.000000
0.989156 -0.094738 -0.112229 0.000000 0.084209 0.991899 -0.095110 12.094200 0.120330 0.084627 0.989120 -0.000000 0.000000 0.000000 0.000000 1.000000
0.989801 -0.110578 -0.089818 0.000000 0.102166 0.990373 -0.093402 12.094200 0.099281 0.083273 0.991569 0.000000 0.000000 0.000000 0.000000 1.000000
0.990726 -0.126474 -0.049668 -0.000000 0.122599 0.989651 -0.074564 12.094200 0.058585 0.067783 0.995979 0.000000 0.000000 0.000000 0.000000 1.000000
0.990279 -0.137658 -0.019949 0.000000 0.136494 0.989318 -0.051173 12.094200 0.026781 0.047952 0.998491 0.000000 0.000000 0.000000 0.000000 1.000000
0.992256 -0.123820 -0.009851 0.000000 0.123622 0.992154 -0.018653 12.094200 0.012083 0.017291 0.999777 -0.000000 0.000000 0.000000 0.000000 1.000000
0.994056 -0.108700 -0.006086 -0.000000 0.108805 0.993839 0.021099 12.094200 0.003755 -0.021636 0.999759 0.000000 0.000000 0.000000 0.000000 1.000000
0.995870 -0.089326 -0.016237 0.000000 0.089874 0.995269 0.036921 12.094200 0.012862 -0.038228 0.999186 0.000000 0.000000 0.000000 0.000000 1.000000
0.997078 -0.074330 -0.017627 0.000000 0.074734 0.996927 0.023485 12.094200 0.015827 -0.024734 0.999569 0.000000 0.000000 0.000000 0.000000 1.000000
0.998171 -0.058078 -0.016768 0.000000 0.057979 0.998298 -0.006340 12.094200 0.017108 0.005356 0.999839 0.000000 0.000000 0.000000 0.000000 1.000000
0.998669 -0.048243 -0.018238 0.000000 0.047413 0.997926 -0.043536 12.094200 0.020300 0.042614 0.998885 -0.000000 0.000000 0.000000 0.000000 1.000000
0.998731 -0.049370 -0.009963 0.000000 0.048485 0.995993 -0.075153 12.094200 0.013633 0.074575 0.997122 0.000000 0.000000 0.000000 0.000000 1.000000
0.998572 -0.053090 0.005906 -0.000000 0.053416 0.993239 -0.103064 12.094200 -0.000395 0.103232 0.994657 0.000000 0.000000 0.000000 0.000000 1.000000
0.998209 -0.057062 0.017950 0.000000 0.058860 0.990450 -0.124681 12.094200 -0.010664 0.125514 0.992035 0.000000 0.000000 0.000000 0.000000 1.000000
0.997385 -0.067733 0.025228 0.000000 0.070720 0.986590 -0.147101 12.094200 -0.014926 0.148501 0.988800 0.000000 0.000000 0.000000 0.000000 1.000000
0.996845 -0.079256 0.004259 0.000000 0.078728 0.980538 -0.179853 12.094200 0.010078 0.179621 0.983684 0.000000 0.000000 0.000000 0.000000 1.000000
0.998286 -0.052635 0.025571 -0.000000 0.057233 0.969275 -0.239227 12.094200 -0.012194 0.240280 0.970627 0.000000 0.000000 0.000000 0.000000 1.000000
0.998116 -0.030740 0.053108 0.000000 0.043901 0.962418 -0.268002 12.094200 -0.042873 0.269828 0.961953 0.000000 0.000000 0.000000 0.000000 1.000000
0.997847 -0.060211 0.026018 0.000000 0.065045 0.959471 -0.274197 12.094200 -0.008454 0.275299 0.961322 0.000000 0.000000 0.000000 0.000000 1.000000
0.995871 -0.090755 -0.002119 0.000000 0.086353 0.954245 -0.286285 12.094200 0.028004 0.284920 0.958142 -0.000000 0.000000 0.000000 0.000000 1.000000
0.994118 -0.108275 -0.002373 -0.000000 0.103433 0.955705 -0.275555 12.094200 0.032104 0.273688 0.961283 0.000000 0.000000 0.000000 0.000000 1.000000
0.992012 -0.125091 0.016252 -0.000000 0.124630 0.952054 -0.279392 12.094200 0.019477 0.279186 0.960040 0.000000 0.000000 0.000000 0.000000 1.000000
0.994532 -0.103598 -0.013185 0.000000 0.095394 0.952564 -0.289002 12.094200 0.042500 0.286164 0.957238 0.000000 0.000000 0.000000 0.000000 1.000000
0.996020 -0.079522 -0.040246 0.000000 0.063847 0.951692 -0.300344 12.094200 0.062186 0.296579 0.952981 0.000000 0.000000 0.000000 0.000000 1.000000
0.994983 -0.091362 -0.040757 0.000000 0.074448 0.948345 -0.308382 12.094200 0.066826 0.303801 0.950389 0.000000 0.000000 0.000000 0.000000 1.000000
0.991929 -0.107801 -0.066754 -0.000000 0.080852 0.943309 -0.321919 12.094200 0.097673 0.313924 0.944411 0.000000 0.000000 0.000000 0.000000 1.000000
0.988736 -0.105200 -0.106465 0.000000 0.067265 0.947758 -0.311817 12.094200 0.133707 0.301144 0.944158 0.000000 0.000000 0.000000 0.000000 1.000000
0.984974 -0.096073 -0.143513 0.000000 0.048240 0.950960 -0.305529 12.094200 0.165828 0.294015 0.941306 0.000000 0.000000 0.000000 0.000000 1.000000
0.982607 -0.084199 -0.165512 0.000000 0.032205 0.955059 -0.294662 12.094200 0.182884 0.284206 0.941159 0.000000 0.000000 0.000000 0.000000 1.000000
0.982043 -0.070390 -0.175031 0.000000 0.018607 0.959400 -0.281435 12.094200 0.187735 0.273124 0.943482 0.000000 0.000000 0.000000 0.000000 1.000000
0.982794 -0.058534 -0.175182 -0.000000 0.010105 0.964074 -0.265441 12.094200 0.184426 0.259104 0.948078 0.000000 0.000000 0.000000 0.000000 1.000000
0.984667 -0.045632 -0.168370 0.000000 0.003110 0.969618 -0.244605 12.094200 0.174417 0.240331 0.954893 -0.000000 0.000000 0.000000 0.000000 1.000000
0.986493 -0.038002 -0.159336 0.000000 0.000718 0.973710 -0.227791 12.094200 0.163803 0.224600 0.960585 0.000000 0.000000 0.000000 0.000000 1.000000
0.988538 -0.040898 -0.145329 0.000000 0.008682 0.976416 -0.215722 12.094200 0.150725 0.211988 0.965579 0.000000 0.000000 0.000000 0.000000 1.000000
0.990230 -0.047139 -0.131234 -0.000000 0.019263 0.978347 -0.206072 12.094200 0.138106 0.201531 0.969697 0.000000 0.000000 0.000000 0.000000 1.000000
0.991919 -0.051634 -0.115889 0.000000 0.029558 0.982352 -0.184693 12.094200 0.123380 0.179775 0.975940 0.000000 0.000000 0.000000 0.000000 1.000000
0.993422 -0.051340 -0.102355 0.000000 0.034805 0.986947 -0.157242 12.094200 0.109092 0.152646 0.982241 -0.000000 0.000000 0.000000 0.000000 1.000000
0.995215 -0.051437 -0.083077 -0.000000 0.041216 0.991873 -0.120369 12.094200 0.088593 0.116369 0.989247 0.000000 0.000000 0.000000 0.000000 1.000000
0.995790 -0.068313 -0.061121 -0.000000 0.061179 0.991843 -0.111820 12.094200 0.068261 0.107610 0.991847 -0.000000 0.000000 0.000000 0.000000 1.000000
0.993703 -0.085388 -0.072542 0.000000 0.077504 0.991415 -0.105305 12.094200 0.080911 0.099020 0.991791 0.000000 0.000000 0.000000 0.000000 1.000000
0.995823 -0.055600 -0.072422 0.000000 0.047284 0.992597 -0.111873 12.094200 0.078106 0.107981 0.991080 0.000000 0.000000 0.000000 0.000000 1.000000
0.998590 -0.019545 -0.049366 0.000000 0.014263 0.994353 -0.105159 12.094200 0.051142 0.104306 0.993229 0.000000 0.000000 0.000000 0.000000 1.000000
0.999853 -0.004419 -0.016562 0.000000 0.003110 0.996932 -0.078205 12.094200 0.016857 0.078142 0.996800 0.000000 0.000000 0.000000 0.000000 1.000000
0.999646 0.025282 -0.008301 0.000000 -0.025536 0.999163 -0.031968 12.094200 0.007486 0.032169 0.999454 0.000000 0.000000 0.000000 0.000000 1.000000
0.999170 0.039032 -0.011617 0.000000 -0.039448 0.998496 -0.038079 12.094200 0.010113 0.038506 0.999207 -0.000000 0.000000 0.000000 0.000000 1.000000
0.998858 0.046464 -0.011145 -0.000000 -0.046916 0.997908 -0.044488 12.094200 0.009055 0.044961 0.998948 0.000000 0.000000 0.000000 0.000000 1.000000
0.998739 0.049542 -0.008088 0.000000 -0.049872 0.997623 -0.047542 12.094200 0.005713 0.047886 0.998836 -0.000000 0.000000 0.000000 0.000000 1.000000
0.998814 0.047508 -0.010677 0.000000 -0.048033 0.997277 -0.055956 12.094200 0.007990 0.056402 0.998376 0.000000 0.000000 0.000000 0.000000 1.000000
0.998962 0.042084 -0.017432 0.000000 -0.043145 0.996902 -0.065761 12.094200 0.014611 0.066445 0.997683 -0.000000 0.000000 0.000000 0.000000 1.000000
0.999056 0.036214 -0.024007 0.000000 -0.037940 0.996399 -0.075828 12.094200 0.021174 0.076668 0.996832 0.000000 0.000000 0.000000 0.000000 1.000000
0.999049 0.029451 -0.032153 0.000000 -0.032163 0.995656 -0.087372 12.094200 0.029440 0.088323 0.995657 0.000000 0.000000 0.000000 0.000000 1.000000
0.999000 0.021852 -0.039004 0.000000 -0.025561 0.994930 -0.097267 12.094200 0.036681 0.098166 0.994494 0.000000 0.000000 0.000000 0.000000 1.000000
0.998964 0.015508 -0.042778 0.000000 -0.019897 0.994363 -0.104146 12.094200 0.040922 0.104890 0.993642 0.000000 0.000000 0.000000 0.000000 1.000000
0.998872 0.011419 -0.046092 0.000000 -0.016289 0.994158 -0.106700 12.094200 0.044604 0.107330 0.993222 0.000000 0.000000 0.000000 0.000000 1.000000
0.998799 0.009563 -0.048059 0.000000 -0.014608 0.994286 -0.105745 12.094200 0.046773 0.106320 0.993231 0.000000 0.000000 0.000000 0.000000 1.000000
0.998799 0.009811 -0.048011 0.000000 -0.014700 0.994618 -0.102566 12.094200 0.046746 0.103149 0.993567 0.000000 0.000000 0.000000 0.000000 1.000000
0.998821 0.011673 -0.047124 0.000000 -0.016272 0.995013 -0.098413 12.094200 0.045741 0.099064 0.994029 -0.000000 0.000000 0.000000 0.000000 1.000000
0.998889 0.015887 -0.044361 0.000000 -0.020021 0.995336 -0.094372 12.094200 0.042655 0.095155 0.994548 0.000000 0.000000 0.000000 0.000000 1.000000
0.998994 0.020686 -0.039798 0.000000 -0.024210 0.995629 -0.090204 12.094200 0.037758 0.091077 0.995128 0.000000 0.000000 0.000000 0.000000 1.000000
0.999016 0.025410 -0.036339 0.000000 -0.028489 0.995811 -0.086888 12.094200 0.033979 0.087837 0.995555 0.000000 0.000000 0.000000 0.000000 1.000000
0.999014 0.028751 -0.033829 0.000000 -0.031526 0.995916 -0.084605 12.094200 0.031258 0.085588 0.995840 0.000000 0.000000 0.000000 0.000000 1.000000
0.999042 0.030031 -0.031847 -0.000000 -0.032610 0.995947 -0.083825 12.094200 0.029200 0.084783 0.995971 0.000000 0.000000 0.000000 0.000000 1.000000</float_array>
        <technique_common>
          <accessor source="#mixamorig_Spine1-Matrix-animation-output-transform-array" count="67" stride="16">
            <param type="float4x4"/>
          </accessor>
        </technique_common>
      </source>
      <source id="mixamorig_Spine1-Interpolations">
        <Name_array id="mixamorig_Spine1-Interpolations-array" count="67">
 LINEAR LINEAR LINEAR LINEAR LINEAR LINEAR LINEAR LINEAR LINEAR LINEAR LINEAR
LINEAR LINEAR LINEAR LINEAR LINEAR LINEAR LINEAR LINEAR LINEAR LINEAR LINEAR LINEAR
LINEAR LINEAR LINEAR LINEAR LINEAR LINEAR LINEAR LINEAR LINEAR LINEAR LINEAR LINEAR
LINEAR LINEAR LINEAR LINEAR LINEAR LINEAR LINEAR LINEAR LINEAR LINEAR LINEAR LINEAR
LINEAR LINEAR LINEAR LINEAR LINEAR LINEAR LINEAR LINEAR LINEAR LINEAR LINEAR LINEAR
LINEAR LINEAR LINEAR LINEAR LINEAR LINEAR LINEAR LINEAR</Name_array>
        <technique_common>
          <accessor source="#mixamorig_Spine1-Interpolations-array" count="67">
            <param type="name"/>
          </accessor>
        </technique_common>
      </source>
      <sampler id="mixamorig_Spine1-Matrix-animation-transform">
        <input semantic="INPUT" source="#mixamorig_Spine1-Matrix-animation-input"/>
        <input semantic="OUTPUT" source="#mixamorig_Spine1-Matrix-animation-output-transform"/>
        <input semantic="INTERPOLATION" source="#mixamorig_Spine1-Interpolations"/>
      </sampler>
      <channel source="#mixamorig_Spine1-Matrix-animation-transform" target="mixamorig_Spine1/matrix"/>
    </animation>
    <animation id="mixamorig_Spine2-anim" name="mixamorig_Spine2">
      <source id="mixamorig_Spine2-Matrix-animation-input">
        <float_array id="mixamorig_Spine2-Matrix-animation-input-array" count="67">

0.000000 0.033333 0.066667 0.100000 0.133333 0.166667 0.200000 0.233333 0.266667 0.300000 0.333333 0.366667 0.400000 0.433333 0.466667 0.500000
0.533333 0.566667 0.600000 0.633333 0.666667 0.700000 0.733333 0.766667 0.800000 0.833333 0.866667 0.900000 0.933333 0.966667 1.000000 1.033333
1.066667 1.100000 1.133333 1.166667 1.200000 1.233333 1.266667 1.300000 1.333333 1.366667 1.400000 1.433333 1.466667 1.500000 1.533333 1.566667
1.600000 1.633333 1.666667 1.700000 1.733333 1.766667 1.800000 1.833333 1.866667 1.900000 1.933333 1.966667 2.000000 2.033333 2.066667 2.100000
2.133333 2.166667 2.200000</float_array>
        <technique_common>
          <accessor source="#mixamorig_Spine2-Matrix-animation-input-array" count="67">
            <param name="TIME" type="float"/>
          </accessor>
        </technique_common>
      </source>
