<?xml version="1.0" encoding="utf-8"?>
<COLLADA xmlns="http://www.collada.org/2005/11/COLLADASchema" version="1.4.1">
  <asset>
    <contributor>
      <author>Mixamo</author>
      <authoring_tool>COLLADA Mixamo exporter</authoring_tool>
      <comments/>
    </contributor>
    <created>2024-10-30T20:16:58Z</created>
    <modified>2024-10-30T20:16:58Z</modified>
    <revision/>
    <title/>
    <unit meter="0.010000"/>
    <up_axis>Y_UP</up_axis>
  </asset>
  <library_animations>
    <animation id="mixamorig_Hips-anim" name="mixamorig_Hips">
      <source id="mixamorig_Hips-Matrix-animation-input">
        <float_array id="mixamorig_Hips-Matrix-animation-input-array" count="23">

0.000000 0.033333 0.066667 0.100000 0.133333 0.166667 0.200000 0.233333 0.266667 0.300000 0.333333 0.366667 0.400000 0.433333 0.466667 0.500000
0.533333 0.566667 0.600000 0.633333 0.666667 0.700000 0.733333</float_array>
        <technique_common>
          <accessor source="#mixamorig_Hips-Matrix-animation-input-array" count="23">
            <param name="TIME" type="float"/>
          </accessor>
        </technique_common>
      </source>
      <source id="mixamorig_Hips-Matrix-animation-output-transform">
        <float_array id="mixamorig_Hips-Matrix-animation-output-transform-array" count="368">

0.814971 -0.038897 -0.578195 -0.874670 -0.022581 0.994855 -0.098755 88.912170 0.579061 0.093539 0.809900 1.076075 0.000000 0.000000 0.000000 1.000000
0.827020 -0.046633 -0.560235 -0.550441 -0.016883 0.994044 -0.107666 90.845749 0.561919 0.098500 0.821307 7.524742 0.000000 0.000000 0.000000 1.000000
0.835463 -0.054022 -0.546885 -0.161809 -0.012467 0.993037 -0.117138 92.895103 0.549406 0.104683 0.828972 14.921650 0.000000 0.000000 0.000000 1.000000
0.835700 -0.058074 -0.546108 0.247581 -0.013364 0.991948 -0.125937 94.558243 0.549024 0.112544 0.828195 22.714661 0.000000 0.000000 0.000000 1.000000
0.825449 -0.054226 -0.561866 0.657168 -0.023049 0.991307 -0.129534 95.432671 0.564005 0.119874 0.817024 30.625998 0.000000 0.000000 0.000000 1.000000
0.805762 -0.042056 -0.590744 1.054751 -0.038730 0.991598 -0.123420 95.429611 0.590972 0.122327 0.797364 38.750015 0.000000 0.000000 0.000000 1.000000
0.779774 -0.025056 -0.625559 1.442350 -0.053735 0.992833 -0.106749 94.518097 0.623750 0.116854 0.772839 47.126965 0.000000 0.000000 0.000000 1.000000
0.751996 -0.007046 -0.659130 1.800775 -0.063904 0.994453 -0.083538 92.930016 0.656063 0.104941 0.747375 55.522495 0.000000 0.000000 0.000000 1.000000
0.728939 0.009683 -0.684511 2.163752 -0.071667 0.995485 -0.062237 91.314415 0.680817 0.094424 0.726341 63.830620 0.000000 0.000000 0.000000 1.000000
0.716683 0.021208 -0.697077 2.494895 -0.081515 0.995234 -0.053528 90.268257 0.692619 0.095185 0.714995 71.680435 0.000000 0.000000 0.000000 1.000000
0.711477 0.022066 -0.702363 2.724450 -0.096723 0.993069 -0.066779 90.453285 0.696021 0.115447 0.708680 79.503967 0.000000 0.000000 0.000000 1.000000
0.710896 0.012756 -0.703181 2.813605 -0.117887 0.987851 -0.101261 91.572212 0.693347 0.154882 0.703763 87.181854 0.000000 0.000000 0.000000 1.000000
0.712791 -0.009230 -0.701316 2.836563 -0.131675 0.980373 -0.146732 93.065079 0.688905 0.196934 0.697586 95.031609 0.000000 0.000000 0.000000 1.000000
0.720913 -0.035170 -0.692133 2.831024 -0.134161 0.972736 -0.189169 94.210587 0.679916 0.229231 0.696540 102.859795 0.000000 0.000000 0.000000 1.000000
0.738011 -0.061652 -0.671967 2.758259 -0.117111 0.969003 -0.217526 94.788513 0.664549 0.239231 0.707915 110.636848 0.000000 0.000000 0.000000 1.000000
0.760067 -0.079603 -0.644951 2.514712 -0.091428 0.969498 -0.227407 94.634956 0.643381 0.231811 0.729606 118.437233 0.000000 0.000000 0.000000 1.000000
0.781578 -0.086942 -0.617719 2.037810 -0.066158 0.973103 -0.220668 93.749039 0.620289 0.213336 0.754804 126.322647 0.000000 0.000000 0.000000 1.000000
0.798491 -0.085461 -0.595910 1.345098 -0.046950 0.978017 -0.203170 92.125771 0.600173 0.190208 0.776925 134.570770 0.000000 0.000000 0.000000 1.000000
0.808895 -0.078427 -0.582699 0.584066 -0.034388 0.983056 -0.180050 89.996941 0.586946 0.165680 0.792493 142.921509 0.000000 0.000000 0.000000 1.000000
0.814000 -0.069407 -0.576703 -0.056836 -0.027072 0.987224 -0.157025 87.980263 0.580233 0.143430 0.801721 151.107849 0.000000 0.000000 0.000000 1.000000
0.815496 -0.059880 -0.575657 -0.536935 -0.023821 0.990318 -0.136759 86.872055 0.578273 0.125239 0.806174 159.025131 0.000000 0.000000 0.000000 1.000000
0.815323 -0.049312 -0.576902 -0.852906 -0.023195 0.992785 -0.117642 86.973648 0.578541 0.109297 0.808297 167.597092 0.000000 0.000000 0.000000 1.000000
0.814971 -0.038897 -0.578195 -0.874655 -0.022581 0.994855 -0.098755 88.912186 0.579061 0.093539 0.809900 176.235504 0.000000 0.000000 0.000000 1.000000</float_array>
        <technique_common>
          <accessor source="#mixamorig_Hips-Matrix-animation-output-transform-array" count="23" stride="16">
            <param type="float4x4"/>
          </accessor>
        </technique_common>
      </source>
      <source id="mixamorig_Hips-Interpolations">
        <Name_array id="mixamorig_Hips-Interpolations-array" count="23">
 LINEAR LINEAR LINEAR LINEAR LINEAR LINEAR LINEAR LINEAR LINEAR LINEAR LINEAR
LINEAR LINEAR LINEAR LINEAR LINEAR LINEAR LINEAR LINEAR LINEAR LINEAR LINEAR LINEAR</Name_array>
        <technique_common>
          <accessor source="#mixamorig_Hips-Interpolations-array" count="23">
            <param type="name"/>
          </accessor>
        </technique_common>
      </source>
      <sampler id="mixamorig_Hips-Matrix-animation-transform">
        <input semantic="INPUT" source="#mixamorig_Hips-Matrix-animation-input"/>
        <input semantic="OUTPUT" source="#mixamorig_Hips-Matrix-animation-output-transform"/>
        <input semantic="INTERPOLATION" source="#mixamorig_Hips-Interpolations"/>
      </sampler>
      <channel source="#mixamorig_Hips-Matrix-animation-transform" target="mixamorig_Hips/matrix"/>
    </animation>
    <animation id="mixamorig_Spine-anim" name="mixamorig_Spine">
      <source id="mixamorig_Spine-Matrix-animation-input">
        <float_array id="mixamorig_Spine-Matrix-animation-input-array" count="23">

0.000000 0.033333 0.066667 0.100000 0.133333 0.166667 0.200000 0.233333 0.266667 0.300000 0.333333 0.366667 0.400000 0.433333 0.466667 0.500000
0.533333 0.566667 0.600000 0.633333 0.666667 0.700000 0.733333</float_array>
        <technique_common>
          <accessor source="#mixamorig_Spine-Matrix-animation-input-array" count="23">
            <param name="TIME" type="float"/>
          </accessor>
        </technique_common>
      </source>
      <source id="mixamorig_Spine-Matrix-animation-output-transform">
        <float_array id="mixamorig_Spine-Matrix-animation-output-transform-array" count="368">

0.999595 0.015985 -0.023565 0.000000 -0.017387 0.998013 -0.060558 10.198500 0.022550 0.060943 0.997886 -1.858500 0.000000 0.000000 0.000000 1.000000
0.999606 0.016063 -0.023024 0.000000 -0.017364 0.998196 -0.057473 10.198500 0.022060 0.057850 0.998082 -1.858500 0.000000 0.000000 0.000000 1.000000
0.999635 0.016323 -0.021513 -0.000000 -0.017481 0.998343 -0.054829 10.198500 0.020583 0.055185 0.998264 -1.858500 0.000000 0.000000 0.000000 1.000000
0.999720 0.015847 -0.017581 0.000000 -0.016763 0.998443 -0.053203 10.198500 0.016711 0.053483 0.998429 -1.858500 0.000000 0.000000 0.000000 1.000000
0.999816 0.014517 -0.012526 0.000000 -0.015167 0.998457 -0.053418 10.198500 0.011732 0.053598 0.998494 -1.858500 0.000000 0.000000 0.000000 1.000000
0.999879 0.013594 -0.007601 0.000000 -0.014004 0.998292 -0.056721 10.198500 0.006817 0.056821 0.998361 -1.858500 0.000000 0.000000 0.000000 1.000000
0.999902 0.013989 0.000712 -0.000000 -0.013915 0.997843 -0.064157 10.198500 -0.001608 0.064140 0.997940 -1.858500 0.000000 0.000000 0.000000 1.000000
0.999840 0.014318 0.010686 0.000000 -0.013487 0.997155 -0.074160 10.198500 -0.011717 0.074004 0.997189 -1.858500 0.000000 0.000000 0.000000 1.000000
0.999721 0.013814 0.019163 -0.000000 -0.012145 0.996339 -0.084624 10.198500 -0.020262 0.084367 0.996229 -1.858500 0.000000 0.000000 0.000000 1.000000
0.999603 0.013508 0.024746 0.000000 -0.011140 0.995560 -0.093468 10.198500 -0.025898 0.093155 0.995315 -1.858500 0.000000 0.000000 0.000000 1.000000
0.999493 0.010457 0.030067 0.000000 -0.007512 0.995311 -0.096432 10.198500 -0.030935 0.096158 0.994885 -1.858500 0.000000 0.000000 0.000000 1.000000
0.999181 0.006722 0.039899 0.000000 -0.003010 0.995719 -0.092378 10.198500 -0.040349 0.092182 0.994924 -1.858500 0.000000 0.000000 0.000000 1.000000
0.998728 0.002641 0.050363 0.000000 0.001637 0.996405 -0.084702 10.198500 -0.050405 0.084677 0.995133 -1.858500 0.000000 0.000000 0.000000 1.000000
0.998368 0.000607 0.057113 0.000000 0.003885 0.996907 -0.078497 10.198500 -0.056984 0.078590 0.995277 -1.858500 0.000000 0.000000 0.000000 1.000000
0.998433 0.002517 0.055906 0.000000 0.001729 0.997123 -0.075774 10.198500 -0.055936 0.075752 0.995556 -1.858500 0.000000 0.000000 0.000000 1.000000
0.998880 0.006718 0.046828 0.000000 -0.003196 0.997187 -0.074882 10.198500 -0.047199 0.074649 0.996092 -1.858500 0.000000 0.000000 0.000000 1.000000
0.999354 0.009665 0.034628 0.000000 -0.007026 0.997118 -0.075546 10.198500 -0.035258 0.075254 0.996541 -1.858500 0.000000 0.000000 0.000000 1.000000
0.999679 0.012033 0.022295 -0.000000 -0.010292 0.997009 -0.076592 10.198500 -0.023150 0.076338 0.996813 -1.858500 0.000000 0.000000 0.000000 1.000000
0.999844 0.012794 0.012193 0.000000 -0.011830 0.997029 -0.076107 10.198500 -0.013131 0.075951 0.997025 -1.858500 0.000000 0.000000 0.000000 1.000000
0.999909 0.013130 0.003129 -0.000000 -0.012866 0.997243 -0.073082 10.198500 -0.004080 0.073035 0.997321 -1.858500 0.000000 0.000000 0.000000 1.000000
0.999883 0.014107 -0.005837 0.000000 -0.014477 0.997509 -0.069037 10.198500 0.004849 0.069114 0.997597 -1.858500 0.000000 0.000000 0.000000 1.000000
0.999783 0.014891 -0.014588 0.000000 -0.015804 0.997783 -0.064644 10.198500 0.013593 0.064861 0.997802 -1.858500 0.000000 0.000000 0.000000 1.000000
0.999595 0.015985 -0.023565 0.000000 -0.017387 0.998013 -0.060557 10.198500 0.022550 0.060943 0.997887 -1.858500 0.000000 0.000000 0.000000 1.000000</float_array>
        <technique_common>
          <accessor source="#mixamorig_Spine-Matrix-animation-output-transform-array" count="23" stride="16">
            <param type="float4x4"/>
          </accessor>
        </technique_common>
      </source>
      <source id="mixamorig_Spine-Interpolations">
        <Name_array id="mixamorig_Spine-Interpolations-array" count="23">
 LINEAR LINEAR LINEAR LINEAR LINEAR LINEAR LINEAR LINEAR LINEAR LINEAR LINEAR
LINEAR LINEAR LINEAR LINEAR LINEAR LINEAR LINEAR LINEAR LINEAR LINEAR LINEAR LINEAR</Name_array>
        <technique_common>
          <accessor source="#mixamorig_Spine-Interpolations-array" count="23">
            <param type="name"/>
          </accessor>
        </technique_common>
      </source>
      <sampler id="mixamorig_Spine-Matrix-animation-transform">
        <input semantic="INPUT" source="#mixamorig_Spine-Matrix-animation-input"/>
        <input semantic="OUTPUT" source="#mixamorig_Spine-Matrix-animation-output-transform"/>
        <input semantic="INTERPOLATION" source="#mixamorig_Spine-Interpolations"/>
      </sampler>
      <channel source="#mixamorig_Spine-Matrix-animation-transform" target="mixamorig_Spine/matrix"/>
    </animation>
    <animation id="mixamorig_Spine1-anim" name="mixamorig_Spine1">
      <source id="mixamorig_Spine1-Matrix-animation-input">
        <float_array id="mixamorig_Spine1-Matrix-animation-input-array" count="23">

0.000000 0.033333 0.066667 0.100000 0.133333 0.166667 0.200000 0.233333 0.266667 0.300000 0.333333 0.366667 0.400000 0.433333 0.466667 0.500000
0.533333 0.566667 0.600000 0.633333 0.666667 0.700000 0.733333</float_array>
        <technique_common>
          <accessor source="#mixamorig_Spine1-Matrix-animation-input-array" count="23">
            <param name="TIME" type="float"/>
          </accessor>
        </technique_common>
      </source>
      <source id="mixamorig_Spine1-Matrix-animation-output-transform">
        <float_array id="mixamorig_Spine1-Matrix-animation-output-transform-array" count="368">

0.998655 0.021118 -0.047357 0.000000 -0.030264 0.978989 -0.201654 12.094200 0.042104 0.202816 0.978311 0.000000 0.000000 0.000000 0.000000 1.000000
0.998680 0.023908 -0.045455 0.000000 -0.032364 0.980168 -0.195508 12.094200 0.039879 0.196721 0.979648 0.000000 0.000000 0.000000 0.000000 1.000000
0.998723 0.027374 -0.042466 0.000000 -0.034979 0.981119 -0.190217 12.094200 0.036457 0.191460 0.980823 0.000000 0.000000 0.000000 0.000000 1.000000
0.998917 0.030603 -0.035037 0.000000 -0.036633 0.981684 -0.186960 12.094200 0.028673 0.188041 0.981743 0.000000 0.000000 0.000000 0.000000 1.000000
0.999100 0.033896 -0.025500 -0.000000 -0.038082 0.981557 -0.187340 12.094200 0.018680 0.188142 0.981964 -0.000000 0.000000 0.000000 0.000000 1.000000
0.999096 0.038171 -0.018695 -0.000000 -0.041068 0.980297 -0.193211 12.094200 0.010951 0.193804 0.980979 -0.000000 0.000000 0.000000 0.000000 1.000000
0.998839 0.044239 -0.019060 0.000000 -0.047198 0.977900 -0.203675 12.094200 0.009628 0.204338 0.978853 0.000000 0.000000 0.000000 0.000000 1.000000
0.998352 0.050779 -0.026746 -0.000000 -0.055379 0.974674 -0.216665 12.094200 0.015067 0.217789 0.975880 -0.000000 0.000000 0.000000 0.000000 1.000000
0.997555 0.055839 -0.042022 0.000000 -0.064040 0.971129 -0.229799 12.094200 0.027978 0.231928 0.972330 0.000000 0.000000 0.000000 0.000000 1.000000
0.996401 0.058386 -0.061447 -0.000000 -0.071569 0.967927 -0.240824 12.094200 0.045415 0.244355 0.968622 -0.000000 0.000000 0.000000 0.000000 1.000000
0.995131 0.052019 -0.083714 0.000000 -0.070913 0.967783 -0.241593 12.094200 0.068450 0.246353 0.966760 0.000000 0.000000 0.000000 0.000000 1.000000
0.993757 0.042571 -0.103129 0.000000 -0.065367 0.971239 -0.228959 12.094200 0.090416 0.234270 0.967958 -0.000000 0.000000 0.000000 0.000000 1.000000
0.992228 0.032106 -0.120218 0.000000 -0.057049 0.975992 -0.210201 12.094200 0.110583 0.215425 0.970239 0.000000 0.000000 0.000000 0.000000 1.000000
0.990111 0.026774 -0.137711 0.000000 -0.053595 0.979351 -0.194933 12.094200 0.129648 0.200386 0.971101 0.000000 0.000000 0.000000 0.000000 1.000000
0.987354 0.025001 -0.156550 0.000000 -0.054556 0.980757 -0.187454 12.094200 0.148851 0.193624 0.969718 0.000000 0.000000 0.000000 0.000000 1.000000
0.984830 0.025325 -0.171667 0.000000 -0.057581 0.980931 -0.185628 12.094200 0.163692 0.192697 0.967509 0.000000 0.000000 0.000000 0.000000 1.000000
0.983783 0.025989 -0.177469 0.000000 -0.060065 0.980053 -0.189444 12.094200 0.169005 0.197031 0.965720 0.000000 0.000000 0.000000 0.000000 1.000000
0.984811 0.026512 -0.171593 0.000000 -0.060540 0.978684 -0.196244 12.094200 0.162733 0.203651 0.965424 0.000000 0.000000 0.000000 0.000000 1.000000
0.987909 0.025592 -0.152906 0.000000 -0.056607 0.977731 -0.202085 12.094200 0.144329 0.208298 0.967358 0.000000 0.000000 0.000000 0.000000 1.000000
0.991406 0.024526 -0.128502 0.000000 -0.050583 0.977738 -0.203641 12.094200 0.120647 0.208391 0.970576 0.000000 0.000000 0.000000 0.000000 1.000000
0.994533 0.023399 -0.101772 0.000000 -0.043823 0.978124 -0.203356 12.094200 0.094787 0.206704 0.973801 0.000000 0.000000 0.000000 0.000000 1.000000
0.996994 0.022250 -0.074217 0.000000 -0.036901 0.978625 -0.202314 12.094200 0.068129 0.204445 0.976504 -0.000000 0.000000 0.000000 0.000000 1.000000
0.998655 0.021118 -0.047357 -0.000000 -0.030264 0.978989 -0.201654 12.094200 0.042103 0.202816 0.978311 0.000000 0.000000 0.000000 0.000000 1.000000</float_array>
        <technique_common>
          <accessor source="#mixamorig_Spine1-Matrix-animation-output-transform-array" count="23" stride="16">
            <param type="float4x4"/>
          </accessor>
        </technique_common>
      </source>
      <source id="mixamorig_Spine1-Interpolations">
        <Name_array id="mixamorig_Spine1-Interpolations-array" count="23">
 LINEAR LINEAR LINEAR LINEAR LINEAR LINEAR LINEAR LINEAR LINEAR LINEAR LINEAR
LINEAR LINEAR LINEAR LINEAR LINEAR LINEAR LINEAR LINEAR LINEAR LINEAR LINEAR LINEAR</Name_array>
        <technique_common>
          <accessor source="#mixamorig_Spine1-Interpolations-array" count="23">
            <param type="name"/>
          </accessor>
        </technique_common>
      </source>
      <sampler id="mixamorig_Spine1-Matrix-animation-transform">
        <input semantic="INPUT" source="#mixamorig_Spine1-Matrix-animation-input"/>
        <input semantic="OUTPUT" source="#mixamorig_Spine1-Matrix-animation-output-transform"/>
        <input semantic="INTERPOLATION" source="#mixamorig_Spine1-Interpolations"/>
      </sampler>
      <channel source="#mixamorig_Spine1-Matrix-animation-transform" target="mixamorig_Spine1/matrix"/>
    </animation>
    <animation id="mixamorig_Spine2-anim" name="mixamorig_Spine2">
      <source id="mixamorig_Spine2-Matrix-animation-input">
        <float_array id="mixamorig_Spine2-Matrix-animation-input-array" count="23">

0.000000 0.033333 0.066667 0.100000 0.133333 0.166667 0.200000 0.233333 0.266667 0.300000 0.333333 0.366667 0.400000 0.433333 0.466667 0.500000
0.533333 0.566667 0.600000 0.633333 0.666667 0.700000 0.733333</float_array>
        <technique_common>
          <accessor source="#mixamorig_Spine2-Matrix-animation-input-array" count="23">
            <param name="TIME" type="float"/>
          </accessor>
        </technique_common>
      </source>
      <source id="mixamorig_Spine2-Matrix-animation-output-transform">
        <float_array id="mixamorig_Spine2-Matrix-animation-output-transform-array" count="368">

0.998655 0.030407 -0.042001 -0.000000 -0.030281 0.999535 0.003639 13.821900 0.042092 -0.002362 0.999111 0.000000 0.000000 0.000000 0.000000 1.000000
0.998680 0.032747 -0.039564 -0.000000 -0.032379 0.999427 0.009896 13.821900 0.039866 -0.008602 0.999168 -0.000000 0.000000 0.000000 0.000000 1.000000
0.998723 0.035523 -0.035928 -0.000000 -0.034993 0.999271 0.015268 13.821900 0.036444 -0.013992 0.999238 0.000000 0.000000 0.000000 0.000000 1.000000
0.998917 0.037156 -0.027993 0.000000 -0.036644 0.999156 0.018573 13.821900 0.028660 -0.017527 0.999436 -0.000000 0.000000 0.000000 0.000000 1.000000
0.999100 0.038417 -0.017983 -0.000000 -0.038090 0.999109 0.018174 13.821900 0.018665 -0.017473 0.999673 -0.000000 0.000000 0.000000 0.000000 1.000000
0.999096 0.041200 -0.010444 -0.000000 -0.041072 0.999082 0.012170 13.821900 0.010936 -0.011730 0.999871 -0.000000 0.000000 0.000000 0.000000 1.000000
0.998839 0.047213 -0.009553 0.000000 -0.047202 0.998884 0.001437 13.821900 0.009610 -0.000984 0.999953 -0.000000 0.000000 0.000000 0.000000 1.000000
0.998352 0.055194 -0.015731 -0.000000 -0.055385 0.998394 -0.011940 13.821900 0.015046 0.012791 0.999805 0.000000 0.000000 0.000000 0.000000 1.000000
0.997555 0.063289 -0.029638 -0.000000 -0.064051 0.997620 -0.025522 13.821900 0.027952 0.027358 0.999235 0.000000 0.000000 0.000000 0.000000 1.000000
0.996401 0.069777 -0.048124 0.000000 -0.071587 0.996749 -0.036969 13.821900 0.045388 0.040281 0.998157 0.000000 0.000000 0.000000 0.000000 1.000000
0.995131 0.068126 -0.071225 0.000000 -0.070940 0.996766 -0.037751 13.821900 0.068423 0.042620 0.996746 0.000000 0.000000 0.000000 0.000000 1.000000
0.993756 0.062874 -0.092168 -0.000000 -0.065403 0.997554 -0.024675 13.821900 0.090391 0.030549 0.995438 0.000000 0.000000 0.000000 0.000000 1.000000
0.992228 0.056148 -0.111044 0.000000 -0.057092 0.998355 -0.005340 13.821900 0.110561 0.011638 0.993801 0.000000 0.000000 0.000000 0.000000 1.000000
0.990111 0.054528 -0.129259 0.000000 -0.053647 0.998507 0.010292 13.821900 0.129627 -0.003256 0.991557 0.000000 0.000000 0.000000 0.000000 1.000000
0.987353 0.056668 -0.148060 0.000000 -0.054614 0.998347 0.017903 13.821900 0.148830 -0.009590 0.988816 0.000000 0.000000 0.000000 0.000000 1.000000
0.984830 0.060094 -0.162787 0.000000 -0.057645 0.998142 0.019726 13.821900 0.163670 -0.010043 0.986464 0.000000 0.000000 0.000000 0.000000 1.000000
0.983783 0.061938 -0.168328 0.000000 -0.060131 0.998065 0.015811 13.821900 0.168982 -0.005433 0.985604 0.000000 0.000000 0.000000 0.000000 1.000000
0.984811 0.061241 -0.162471 0.000000 -0.060604 0.998122 0.008876 13.821900 0.162709 0.001106 0.986673 -0.000000 0.000000 0.000000 0.000000 1.000000
0.987909 0.056497 -0.144372 0.000000 -0.056663 0.998389 0.002961 13.821900 0.144307 0.005255 0.989519 0.000000 0.000000 0.000000 0.000000 1.000000
0.991406 0.050434 -0.120709 0.000000 -0.050631 0.998716 0.001439 13.821900 0.120627 0.004685 0.992687 -0.000000 0.000000 0.000000 0.000000 1.000000
0.994532 0.043833 -0.094783 0.000000 -0.043860 0.999036 0.001796 13.821900 0.094771 0.002371 0.995496 0.000000 0.000000 0.000000 0.000000 1.000000
0.996994 0.037040 -0.068054 0.000000 -0.036927 0.999314 0.002918 13.821900 0.068115 -0.000396 0.997677 0.000000 0.000000 0.000000 0.000000 1.000000
0.998655 0.030407 -0.042001 0.000000 -0.030281 0.999535 0.003638 13.821900 0.042092 -0.002362 0.999111 0.000000 0.000000 0.000000 0.000000 1.000000</float_array>
        <technique_common>
          <accessor source="#mixamorig_Spine2-Matrix-animation-output-transform-array" count="23" stride="16">
            <param type="float4x4"/>
          </accessor>
        </technique_common>
      </source>
      <source id="mixamorig_Spine2-Interpolations">
        <Name_array id="mixamorig_Spine2-Interpolations-array" count="23">
 LINEAR LINEAR LINEAR LINEAR LINEAR LINEAR LINEAR LINEAR LINEAR LINEAR LINEAR
LINEAR LINEAR LINEAR LINEAR LINEAR LINEAR LINEAR LINEAR LINEAR LINEAR LINEAR LINEAR</Name_array>
        <technique_common>
          <accessor source="#mixamorig_Spine2-Interpolations-array" count="23">
            <param type="name"/>
          </accessor>
        </technique_common>
      </source>
      <sampler id="mixamorig_Spine2-Matrix-animation-transform">
        <input semantic="INPUT" source="#mixamorig_Spine2-Matrix-animation-input"/>
        <input semantic="OUTPUT" source="#mixamorig_Spine2-Matrix-animation-output-transform"/>
        <input semantic="INTERPOLATION" source="#mixamorig_Spine2-Interpolations"/>
      </sampler>
      <channel source="#mixamorig_Spine2-Matrix-animation-transform" target="mixamorig_Spine2/matrix"/>
    </animation>
    <animation id="mixamorig_Neck-anim" name="mixamorig_Neck">
      <source id="mixamorig_Neck-Matrix-animation-input">
        <float_array id="mixamorig_Neck-Matrix-animation-input-array" count="23">

0.000000 0.033333 0.066667 0.100000 0.133333 0.166667 0.200000 0.233333 0.266667 0.300000 0.333333 0.366667 0.400000 0.433333 0.466667 0.500000
0.533333 0.566667 0.600000 0.633333 0.666667 0.700000 0.733333</float_array>
        <technique_common>
          <accessor source="#mixamorig_Neck-Matrix-animation-input-array" count="23">
            <param name="TIME" type="float"/>
          </accessor>
        </technique_common>
      </source>
      <source id="mixamorig_Neck-Matrix-animation-output-transform">
        <float_array id="mixamorig_Neck-Matrix-animation-output-transform-array" count="368">

0.962561 -0.169664 0.211399 0.000000 0.059340 0.892863 0.446401 15.549600 -0.264489 -0.417144 0.869504 0.000000 0.000000 0.000000 0.000000 1.000000
0.965779 -0.168655 0.197046 0.000000 0.062509 0.888676 0.454255 15.549600 -0.251723 -0.426393 0.868807 -0.000000 0.000000 0.000000 0.000000 1.000000
0.968492 -0.167304 0.184481 -0.000000 0.065985 0.886658 0.457693 15.549600 -0.240146 -0.431099 0.869761 0.000000 0.000000 0.000000 0.000000 1.000000
0.970548 -0.166101 0.174489 0.000000 0.069920 0.887344 0.455775 15.549600 -0.230537 -0.430152 0.872824 0.000000 0.000000 0.000000 0.000000 1.000000
0.971221 -0.170034 0.166787 0.000000 0.077506 0.887767 0.453722 15.549600 -0.225216 -0.427737 0.875396 0.000000 0.000000 0.000000 0.000000 1.000000
0.969363 -0.183612 0.163164 0.000000 0.090394 0.884300 0.458085 15.549600 -0.228396 -0.429302 0.873805 0.000000 0.000000 0.000000 0.000000 1.000000
0.963546 -0.210305 0.165379 -0.000000 0.110653 0.876055 0.469343 15.549600 -0.243586 -0.433934 0.867391 -0.000000 0.000000 0.000000 0.000000 1.000000
0.954724 -0.240705 0.174824 -0.000000 0.128572 0.863793 0.487167 15.549600 -0.268275 -0.442632 0.855631 0.000000 0.000000 0.000000 0.000000 1.000000
0.944676 -0.268305 0.188679 -0.000000 0.138751 0.848109 0.511330 15.549600 -0.297213 -0.456862 0.838416 0.000000 0.000000 0.000000 0.000000 1.000000
0.934931 -0.288362 0.206764 0.000000 0.137217 0.831201 0.538773 15.549600 -0.327224 -0.475344 0.816684 -0.000000 0.000000 0.000000 0.000000 1.000000
0.925422 -0.306286 0.223122 0.000000 0.141255 0.825195 0.546900 15.549600 -0.351627 -0.474596 0.806918 -0.000000 0.000000 0.000000 0.000000 1.000000
0.915487 -0.321452 0.241975 0.000000 0.152654 0.833947 0.530310 15.549600 -0.372263 -0.448554 0.812539 -0.000000 0.000000 0.000000 0.000000 1.000000
0.905707 -0.336782 0.257434 0.000000 0.171485 0.846474 0.504058 15.549600 -0.387669 -0.412383 0.824411 0.000000 0.000000 0.000000 0.000000 1.000000
0.898186 -0.348108 0.268483 0.000000 0.181609 0.849986 0.494512 15.549600 -0.400350 -0.395405 0.826665 0.000000 0.000000 0.000000 0.000000 1.000000
0.894206 -0.350222 0.278821 -0.000000 0.175766 0.847506 0.500839 15.549600 -0.411707 -0.398846 0.819402 -0.000000 0.000000 0.000000 0.000000 1.000000
0.895882 -0.338579 0.287682 0.000000 0.157979 0.847945 0.505996 15.549600 -0.415258 -0.407865 0.813147 0.000000 0.000000 0.000000 0.000000 1.000000
0.902928 -0.314296 0.293152 -0.000000 0.133918 0.853864 0.502974 15.549600 -0.408395 -0.414891 0.813068 -0.000000 0.000000 0.000000 0.000000 1.000000
0.913265 -0.279488 0.296368 0.000000 0.104806 0.864235 0.492051 15.549600 -0.393654 -0.418312 0.818567 -0.000000 0.000000 0.000000 0.000000 1.000000
0.924051 -0.244815 0.293590 -0.000000 0.075064 0.869273 0.488600 15.549600 -0.374827 -0.429454 0.821629 -0.000000 0.000000 0.000000 0.000000 1.000000
0.933255 -0.214373 0.288236 -0.000000 0.046281 0.867475 0.495324 15.549600 -0.356222 -0.448924 0.819496 0.000000 0.000000 0.000000 0.000000 1.000000
0.941279 -0.192731 0.277216 0.000000 0.028104 0.862940 0.504524 15.549600 -0.336459 -0.467107 0.817683 0.000000 0.000000 0.000000 0.000000 1.000000
0.949848 -0.174647 0.259399 0.000000 0.025350 0.869785 0.492780 15.549600 -0.311684 -0.461490 0.830590 0.000000 0.000000 0.000000 0.000000 1.000000
0.962561 -0.169665 0.211402 0.000000 0.059346 0.892874 0.446380 15.549600 -0.264491 -0.417122 0.869514 0.000000 0.000000 0.000000 0.000000 1.000000</float_array>
        <technique_common>
          <accessor source="#mixamorig_Neck-Matrix-animation-output-transform-array" count="23" stride="16">
            <param type="float4x4"/>
          </accessor>
        </technique_common>
      </source>
      <source id="mixamorig_Neck-Interpolations">
        <Name_array id="mixamorig_Neck-Interpolations-array" count="23">
 LINEAR LINEAR LINEAR LINEAR LINEAR LINEAR LINEAR LINEAR LINEAR LINEAR LINEAR
LINEAR LINEAR LINEAR LINEAR LINEAR LINEAR LINEAR LINEAR LINEAR LINEAR LINEAR LINEAR</Name_array>
        <technique_common>
          <accessor source="#mixamorig_Neck-Interpolations-array" count="23">
            <param type="name"/>
          </accessor>
        </technique_common>
      </source>
      <sampler id="mixamorig_Neck-Matrix-animation-transform">
        <input semantic="INPUT" source="#mixamorig_Neck-Matrix-animation-input"/>
        <input semantic="OUTPUT" source="#mixamorig_Neck-Matrix-animation-output-transform"/>
        <input semantic="INTERPOLATION" source="#mixamorig_Neck-Interpolations"/>
      </sampler>
      <channel source="#mixamorig_Neck-Matrix-animation-transform" target="mixamorig_Neck/matrix"/>
    </animation>
    <animation id="mixamorig_Head-anim" name="mixamorig_Head">
      <source id="mixamorig_Head-Matrix-animation-input">
        <float_array id="mixamorig_Head-Matrix-animation-input-array" count="23">

0.000000 0.033333 0.066667 0.100000 0.133333 0.166667 0.200000 0.233333 0.266667 0.300000 0.333333 0.366667 0.400000 0.433333 0.466667 0.500000
0.533333 0.566667 0.600000 0.633333 0.666667 0.700000 0.733333</float_array>
        <technique_common>
          <accessor source="#mixamorig_Head-Matrix-animation-input-array" count="23">
            <param name="TIME" type="float"/>
          </accessor>
        </technique_common>
      </source>
      <source id="mixamorig_Head-Matrix-animation-output-transform">
        <float_array id="mixamorig_Head-Matrix-animation-output-transform-array" count="368">

0.922497 0.071904 0.379249 -0.000000 0.042300 0.957750 -0.284476 8.837800 -0.383680 0.278470 0.880479 4.542200 0.000000 0.000000 0.000000 1.000000
0.925245 0.068410 0.373151 -0.000000 0.049085 0.953752 -0.296559 8.837800 -0.376181 0.292706 0.879097 4.542200 0.000000 0.000000 0.000000 1.000000
0.927169 0.066582 0.368679 0.000000 0.051724 0.951907 -0.301989 8.837800 -0.371055 0.299065 0.879135 4.542200 0.000000 0.000000 0.000000 1.000000
0.928269 0.065137 0.366162 -0.000000 0.051429 0.952603 -0.299839 8.837800 -0.368337 0.297162 0.880921 4.542200 0.000000 0.000000 0.000000 1.000000
0.927629 0.067678 0.367319 0.000000 0.046982 0.954493 -0.294510 8.837800 -0.370536 0.290454 0.882236 4.542200 0.000000 0.000000 0.000000 1.000000
0.924146 0.075809 0.374444 -0.000000 0.040857 0.954882 -0.294161 8.837800 -0.379850 0.287147 0.879353 4.542200 0.000000 0.000000 0.000000 1.000000
0.916100 0.090743 0.390547 0.000000 0.034800 0.952383 -0.302913 8.837800 -0.399438 0.291090 0.869320 4.542200 0.000000 0.000000 0.000000 1.000000
0.905135 0.101977 0.412713 0.000000 0.033148 0.950919 -0.307660 8.837800 -0.423831 0.292154 0.857329 4.542200 0.000000 0.000000 0.000000 1.000000
0.893498 0.101560 0.437433 0.000000 0.040924 0.951623 -0.304531 8.837800 -0.447199 0.289999 0.846117 4.542200 0.000000 0.000000 0.000000 1.000000
0.882720 0.090641 0.461075 0.000000 0.053159 0.955658 -0.289640 8.837800 -0.466883 0.280181 0.838760 4.542200 0.000000 0.000000 0.000000 1.000000
0.873912 0.091408 0.477412 0.000000 0.053431 0.958143 -0.281259 8.837800 -0.483138 0.271305 0.832449 4.542200 0.000000 0.000000 0.000000 1.000000
0.866723 0.105768 0.487447 0.000000 0.039314 0.959733 -0.278149 8.837800 -0.497238 0.260242 0.827665 4.542200 0.000000 0.000000 0.000000 1.000000
0.859609 0.131129 0.493840 0.000000 0.014065 0.960069 -0.279409 8.837800 -0.510759 0.247128 0.823440 4.542200 0.000000 0.000000 0.000000 1.000000
0.854607 0.147187 0.497979 0.000000 -0.001784 0.959814 -0.280630 8.837800 -0.519273 0.238940 0.820526 4.542200 0.000000 0.000000 0.000000 1.000000
0.853451 0.146976 0.500020 -0.000000 -0.002898 0.960735 -0.277452 8.837800 -0.521166 0.235342 0.820366 4.542200 0.000000 0.000000 0.000000 1.000000
0.857228 0.134196 0.497144 0.000000 0.004023 0.963670 -0.267064 8.837800 -0.514922 0.230934 0.825545 4.542200 0.000000 0.000000 0.000000 1.000000
0.865536 0.112705 0.488001 0.000000 0.015306 0.967945 -0.250696 8.837800 -0.500612 0.224456 0.836066 4.542200 0.000000 0.000000 0.000000 1.000000
0.876897 0.080915 0.473820 0.000000 0.035416 0.972175 -0.231564 8.837800 -0.479373 0.219838 0.849631 4.542200 0.000000 0.000000 0.000000 1.000000
0.888570 0.051190 0.455876 0.000000 0.060456 0.972020 -0.226985 8.837800 -0.454740 0.229253 0.860613 4.542200 0.000000 0.000000 0.000000 1.000000
0.898842 0.029516 0.437278 0.000000 0.083888 0.967696 -0.237754 8.837800 -0.430170 0.250386 0.867330 4.542200 0.000000 0.000000 0.000000 1.000000
0.907484 0.027719 0.419172 0.000000 0.091025 0.961141 -0.260621 8.837800 -0.410107 0.274664 0.869696 4.542200 0.000000 0.000000 0.000000 1.000000
0.915482 0.041354 0.400229 0.000000 0.078027 0.957575 -0.277420 8.837800 -0.394721 0.285202 0.873416 4.542200 0.000000 0.000000 0.000000 1.000000
0.922497 0.071909 0.379247 0.000000 0.042288 0.957754 -0.284462 8.837800 -0.383681 0.278452 0.880485 4.542200 0.000000 0.000000 0.000000 1.000000</float_array>
        <technique_common>
          <accessor source="#mixamorig_Head-Matrix-animation-output-transform-array" count="23" stride="16">
            <param type="float4x4"/>
          </accessor>
        </technique_common>
      </source>
      <source id="mixamorig_Head-Interpolations">
        <Name_array id="mixamorig_Head-Interpolations-array" count="23">
 LINEAR LINEAR LINEAR LINEAR LINEAR LINEAR LINEAR LINEAR LINEAR LINEAR LINEAR
LINEAR LINEAR LINEAR LINEAR LINEAR LINEAR LINEAR LINEAR LINEAR LINEAR LINEAR LINEAR</Name_array>
        <technique_common>
          <accessor source="#mixamorig_Head-Interpolations-array" count="23">
            <param type="name"/>
          </accessor>
        </technique_common>
      </source>
      <sampler id="mixamorig_Head-Matrix-animation-transform">
        <input semantic="INPUT" source="#mixamorig_Head-Matrix-animation-input"/>
        <input semantic="OUTPUT" source="#mixamorig_Head-Matrix-animation-output-transform"/>
        <input semantic="INTERPOLATION" source="#mixamorig_Head-Interpolations"/>
      </sampler>
      <channel source="#mixamorig_Head-Matrix-animation-transform" target="mixamorig_Head/matrix"/>
    </animation>
    <animation id="mixamorig_LeftShoulder-anim" name="mixamorig_LeftShoulder">
      <source id="mixamorig_LeftShoulder-Matrix-animation-input">
        <float_array id="mixamorig_LeftShoulder-Matrix-animation-input-array" count="23">

0.000000 0.033333 0.066667 0.100000 0.133333 0.166667 0.200000 0.233333 0.266667 0.300000 0.333333 0.366667 0.400000 0.433333 0.466667 0.500000
0.533333 0.566667 0.600000 0.633333 0.666667 0.700000 0.733333</float_array>
        <technique_common>
          <accessor source="#mixamorig_LeftShoulder-Matrix-animation-input-array" count="23">
            <param name="TIME" type="float"/>
          </accessor>
        </technique_common>
      </source>
      <source id="mixamorig_LeftShoulder-Matrix-animation-output-transform">
        <float_array id="mixamorig_LeftShoulder-Matrix-animation-output-transform-array" count="368">

-0.027952 0.939737 -0.340753 7.025300 0.087671 -0.337268 -0.937318 13.487100 -0.995757 -0.056074 -0.072960 -0.376600 0.000000 0.000000 0.000000 1.000000
-0.016707 0.943966 -0.329619 7.025300 0.084306 -0.327161 -0.941200 13.487100 -0.996300 -0.043513 -0.074116 -0.376600 0.000000 0.000000 0.000000 1.000000
-0.015029 0.947431 -0.319606 7.025300 0.081964 -0.317399 -0.944743 13.487100 -0.996522 -0.040395 -0.072885 -0.376600 0.000000 0.000000 0.000000 1.000000
-0.000813 0.946469 -0.322792 7.025300 0.082040 -0.321641 -0.943301 13.487100 -0.996629 -0.027249 -0.077386 -0.376600 0.000000 0.000000 0.000000 1.000000
0.012594 0.943579 -0.330908 7.025300 0.083219 -0.330776 -0.940033 13.487100 -0.996452 -0.015699 -0.082689 -0.376600 0.000000 0.000000 0.000000 1.000000
0.021922 0.945260 -0.325582 7.025300 0.081757 -0.326264 -0.941736 13.487100 -0.996411 -0.005974 -0.084434 -0.376600 0.000000 0.000000 0.000000 1.000000
0.009571 0.948259 -0.317353 7.025300 0.081186 -0.317056 -0.944925 13.487100 -0.996653 -0.016721 -0.080020 -0.376600 0.000000 0.000000 0.000000 1.000000
-0.004222 0.943551 -0.331200 7.025300 0.085119 -0.329662 -0.940254 13.487100 -0.996362 -0.032162 -0.078922 -0.376600 0.000000 0.000000 0.000000 1.000000
0.020459 0.930576 -0.365526 7.025300 0.090384 -0.365827 -0.926284 13.487100 -0.995697 -0.014086 -0.091594 -0.376600 0.000000 0.000000 0.000000 1.000000
0.073379 0.938099 -0.338504 7.025300 0.083062 -0.343988 -0.935293 13.487100 -0.993839 0.040514 -0.103162 -0.376600 0.000000 0.000000 0.000000 1.000000
0.061894 0.956190 -0.286128 7.025300 0.071363 -0.290183 -0.954306 13.487100 -0.995528 0.038647 -0.086197 -0.376600 0.000000 0.000000 0.000000 1.000000
0.066756 0.954540 -0.290512 7.025300 0.072815 -0.295045 -0.952705 13.487100 -0.995109 0.042445 -0.089201 -0.376600 0.000000 0.000000 0.000000 1.000000
0.052702 0.951438 -0.303296 7.025300 0.077701 -0.306704 -0.948628 13.487100 -0.995583 0.026428 -0.090092 -0.376600 0.000000 0.000000 0.000000 1.000000
0.044211 0.952732 -0.300578 7.025300 0.078109 -0.303248 -0.949705 13.487100 -0.995964 0.018509 -0.087824 -0.376600 0.000000 0.000000 0.000000 1.000000
0.034505 0.955422 -0.293222 7.025300 0.078210 -0.295078 -0.952267 13.487100 -0.996340 0.009925 -0.084905 -0.376600 0.000000 0.000000 0.000000 1.000000
0.039026 0.953452 -0.299009 7.025300 0.079603 -0.301253 -0.950216 13.487100 -0.996062 0.013281 -0.087654 -0.376600 0.000000 0.000000 0.000000 1.000000
0.068306 0.947757 -0.311595 7.025300 0.079971 -0.316521 -0.945209 13.487100 -0.994454 0.039645 -0.097413 -0.376600 0.000000 0.000000 0.000000 1.000000
0.075968 0.935321 -0.345547 7.025300 0.084113 -0.351325 -0.932468 13.487100 -0.993556 0.041772 -0.105362 -0.376600 0.000000 0.000000 0.000000 1.000000
0.067948 0.919974 -0.386046 7.025300 0.090230 -0.391021 -0.915948 13.487100 -0.993600 0.027404 -0.109579 -0.376600 0.000000 0.000000 0.000000 1.000000
0.065010 0.918866 -0.389177 7.025300 0.090538 -0.393825 -0.914716 13.487100 -0.993769 0.024230 -0.108795 -0.376600 0.000000 0.000000 0.000000 1.000000
0.008115 0.927749 -0.373116 7.025300 0.091809 -0.372244 -0.923583 13.487100 -0.995744 -0.026761 -0.088197 -0.376600 0.000000 0.000000 0.000000 1.000000
-0.022753 0.930270 -0.366169 7.025300 0.092770 -0.362719 -0.927269 13.487100 -0.995428 -0.055068 -0.078049 -0.376600 0.000000 0.000000 0.000000 1.000000
-0.027953 0.939738 -0.340751 7.025300 0.087671 -0.337266 -0.937318 13.487100 -0.995757 -0.056074 -0.072960 -0.376600 0.000000 0.000000 0.000000 1.000000</float_array>
        <technique_common>
          <accessor source="#mixamorig_LeftShoulder-Matrix-animation-output-transform-array" count="23" stride="16">
            <param type="float4x4"/>
          </accessor>
        </technique_common>
      </source>
      <source id="mixamorig_LeftShoulder-Interpolations">
        <Name_array id="mixamorig_LeftShoulder-Interpolations-array" count="23">
 LINEAR LINEAR LINEAR LINEAR LINEAR LINEAR LINEAR LINEAR LINEAR LINEAR LINEAR
LINEAR LINEAR LINEAR LINEAR LINEAR LINEAR LINEAR LINEAR LINEAR LINEAR LINEAR LINEAR</Name_array>
        <technique_common>
          <accessor source="#mixamorig_LeftShoulder-Interpolations-array" count="23">
            <param type="name"/>
          </accessor>
        </technique_common>
      </source>
      <sampler id="mixamorig_LeftShoulder-Matrix-animation-transform">
        <input semantic="INPUT" source="#mixamorig_LeftShoulder-Matrix-animation-input"/>
        <input semantic="OUTPUT" source="#mixamorig_LeftShoulder-Matrix-animation-output-transform"/>
        <input semantic="INTERPOLATION" source="#mixamorig_LeftShoulder-Interpolations"/>
      </sampler>
      <channel source="#mixamorig_LeftShoulder-Matrix-animation-transform" target="mixamorig_LeftShoulder/matrix"/>
    </animation>
    <animation id="mixamorig_LeftArm-anim" name="mixamorig_LeftArm">
      <source id="mixamorig_LeftArm-Matrix-animation-input">
        <float_array id="mixamorig_LeftArm-Matrix-animation-input-array" count="23">

0.000000 0.033333 0.066667 0.100000 0.133333 0.166667 0.200000 0.233333 0.266667 0.300000 0.333333 0.366667 0.400000 0.433333 0.466667 0.500000
0.533333 0.566667 0.600000 0.633333 0.666667 0.700000 0.733333</float_array>
        <technique_common>
          <accessor source="#mixamorig_LeftArm-Matrix-animation-input-array" count="23">
            <param name="TIME" type="float"/>
          </accessor>
        </technique_common>
      </source>
      <source id="mixamorig_LeftArm-Matrix-animation-output-transform">
        <float_array id="mixamorig_LeftArm-Matrix-animation-output-transform-array" count="368">

0.986710 -0.091048 0.134588 -0.000000 0.132899 0.928766 -0.346021 14.746000 -0.093496 0.359309 0.928523 0.000000 0.000000 0.000000 0.000000 1.000000
