<?xml version="1.0" encoding="utf-8"?>
<COLLADA xmlns="http://www.collada.org/2005/11/COLLADASchema" version="1.4.1">
  <asset>
    <contributor>
      <author>Mixamo</author>
      <authoring_tool>COLLADA Mixamo exporter</authoring_tool>
      <comments/>
    </contributor>
    <created>2024-10-30T20:19:56Z</created>
    <modified>2024-10-30T20:19:56Z</modified>
    <revision/>
    <title/>
    <unit meter="0.010000"/>
    <up_axis>Y_UP</up_axis>
  </asset>
  <library_animations>
    <animation id="mixamorig_Hips-anim" name="mixamorig_Hips">
      <source id="mixamorig_Hips-Matrix-animation-input">
        <float_array id="mixamorig_Hips-Matrix-animation-input-array" count="40">

0.000000 0.033333 0.066667 0.100000 0.133333 0.166667 0.200000 0.233333 0.266667 0.300000 0.333333 0.366667 0.400000 0.433333 0.466667 0.500000
0.533333 0.566667 0.600000 0.633333 0.666667 0.700000 0.733333 0.766667 0.800000 0.833333 0.866667 0.900000 0.933333 0.966667 1.000000 1.033333
1.066667 1.100000 1.133333 1.166667 1.200000 1.233333 1.266667 1.300000</float_array>
        <technique_common>
          <accessor source="#mixamorig_Hips-Matrix-animation-input-array" count="40">
            <param name="TIME" type="float"/>
          </accessor>
        </technique_common>
      </source>
      <source id="mixamorig_Hips-Matrix-animation-output-transform">
        <float_array id="mixamorig_Hips-Matrix-animation-output-transform-array" count="640">

0.480568 -0.058526 -0.875002 -0.575027 0.036908 0.998236 -0.046498 79.022560 0.876181 -0.009949 0.481880 0.379368 0.000000 0.000000 0.000000 1.000000
0.469939 -0.070788 -0.879856 3.479432 0.027662 0.997471 -0.065476 79.528053 0.882265 0.006431 0.470709 1.300007 0.000000 0.000000 0.000000 1.000000
0.449290 -0.083833 -0.889444 7.638152 0.019235 0.996264 -0.084185 80.379013 0.893179 0.020715 0.449224 2.154620 0.000000 0.000000 0.000000 1.000000
0.421009 -0.098783 -0.901662 11.866570 0.008094 0.994422 -0.105166 81.353416 0.907021 0.036977 0.419460 2.919276 0.000000 0.000000 0.000000 1.000000
0.393386 -0.107435 -0.913074 15.958976 -0.005647 0.992848 -0.119255 82.215294 0.919356 0.052069 0.389966 3.483861 0.000000 0.000000 0.000000 1.000000
0.381613 -0.109165 -0.917853 19.713884 -0.014376 0.992180 -0.123982 82.682327 0.924210 0.060508 0.377060 3.797853 0.000000 0.000000 0.000000 1.000000
0.367251 -0.099189 -0.924818 23.187601 -0.024835 0.992897 -0.116353 82.899590 0.929790 0.065699 0.362179 4.008287 0.000000 0.000000 0.000000 1.000000
0.353236 -0.092441 -0.930956 26.583881 -0.034733 0.993124 -0.111794 83.110268 0.934889 0.071824 0.347597 4.067819 0.000000 0.000000 0.000000 1.000000
0.328300 -0.084238 -0.940810 29.813713 -0.042783 0.993667 -0.103900 83.189926 0.943604 0.074361 0.322617 3.937921 0.000000 0.000000 0.000000 1.000000
0.301365 -0.077524 -0.950352 33.056416 -0.047546 0.994228 -0.096180 83.196365 0.952323 0.074170 0.295939 3.779202 0.000000 0.000000 0.000000 1.000000
0.275663 -0.071567 -0.958587 36.363964 -0.052587 0.994609 -0.089378 83.070946 0.959815 0.075048 0.270413 3.579901 0.000000 0.000000 0.000000 1.000000
0.254214 -0.064332 -0.965006 39.575485 -0.055380 0.995180 -0.080932 82.828194 0.965561 0.074016 0.249426 3.296208 0.000000 0.000000 0.000000 1.000000
0.236974 -0.055650 -0.969921 42.776325 -0.053275 0.996111 -0.070169 82.378418 0.970054 0.068301 0.233087 2.923934 0.000000 0.000000 0.000000 1.000000
0.220435 -0.047132 -0.974262 46.021618 -0.049782 0.996987 -0.059495 81.684799 0.974130 0.061615 0.217424 2.543754 0.000000 0.000000 0.000000 1.000000
0.202155 -0.039000 -0.978577 49.227295 -0.044519 0.997808 -0.048963 80.877724 0.978341 0.053463 0.199975 2.156104 0.000000 0.000000 0.000000 1.000000
0.184360 -0.026993 -0.982488 52.600124 -0.037813 0.998688 -0.034533 79.869492 0.982131 0.043517 0.183097 1.692628 0.000000 0.000000 0.000000 1.000000
0.162261 -0.011578 -0.986680 55.975281 -0.029438 0.999429 -0.016569 78.872208 0.986309 0.031734 0.161827 1.184751 0.000000 0.000000 0.000000 1.000000
0.143024 -0.003029 -0.989715 59.384411 -0.020943 0.999762 -0.006086 78.156700 0.989498 0.021598 0.142927 0.464829 0.000000 0.000000 0.000000 1.000000
0.136401 -0.005304 -0.990640 62.969742 -0.011747 0.999907 -0.006971 77.879837 0.990584 0.012588 0.136326 -0.426677 0.000000 0.000000 0.000000 1.000000
0.133288 -0.010513 -0.991022 66.598366 -0.002280 0.999938 -0.010915 77.726852 0.991075 0.003715 0.133256 -1.359733 0.000000 0.000000 0.000000 1.000000
0.138619 -0.019669 -0.990150 70.179230 0.007644 0.999794 -0.018791 77.907036 0.990316 -0.004964 0.138741 -2.270576 0.000000 0.000000 0.000000 1.000000
0.147540 -0.030233 -0.988594 73.671967 0.017960 0.999450 -0.027885 78.243858 0.988893 -0.013641 0.148002 -3.157526 0.000000 0.000000 0.000000 1.000000
0.165514 -0.042802 -0.985278 76.981758 0.028836 0.998841 -0.038547 78.983589 0.985786 -0.022032 0.166556 -3.945240 0.000000 0.000000 0.000000 1.000000
0.187761 -0.056239 -0.980603 80.214859 0.039940 0.997971 -0.049587 79.921776 0.981402 -0.029855 0.189626 -4.674705 0.000000 0.000000 0.000000 1.000000
0.209511 -0.068738 -0.975387 83.409569 0.050486 0.996956 -0.059414 80.873932 0.976502 -0.036795 0.212343 -5.375655 0.000000 0.000000 0.000000 1.000000
0.229885 -0.076939 -0.970172 86.451515 0.057927 0.996184 -0.065275 81.856270 0.971492 -0.041194 0.233465 -5.972301 0.000000 0.000000 0.000000 1.000000
0.247871 -0.078130 -0.965638 89.236115 0.059295 0.996098 -0.065374 82.766754 0.966977 -0.041053 0.251536 -6.353235 0.000000 0.000000 0.000000 1.000000
0.261933 -0.088854 -0.960987 91.965073 0.061836 0.995252 -0.075168 83.447609 0.963103 -0.039735 0.266184 -6.602185 0.000000 0.000000 0.000000 1.000000
0.276143 -0.093624 -0.956546 94.737801 0.063614 0.994842 -0.079008 83.917389 0.959009 -0.039032 0.280674 -6.751019 0.000000 0.000000 0.000000 1.000000
0.291212 -0.091674 -0.952256 97.432327 0.062270 0.995103 -0.076756 84.063316 0.954630 -0.036945 0.295495 -6.793057 0.000000 0.000000 0.000000 1.000000
0.307931 -0.083840 -0.947708 100.194412 0.061237 0.995791 -0.068196 83.935287 0.949436 -0.037035 0.311769 -6.720671 0.000000 0.000000 0.000000 1.000000
0.324825 -0.079255 -0.942447 103.036163 0.058760 0.996249 -0.063527 83.466995 0.943947 -0.034743 0.328264 -6.486968 0.000000 0.000000 0.000000 1.000000
0.343402 -0.074651 -0.936217 105.938652 0.054550 0.996739 -0.059469 82.713829 0.937603 -0.030649 0.346354 -6.131314 0.000000 0.000000 0.000000 1.000000
0.362903 -0.069252 -0.929250 109.022835 0.050262 0.997238 -0.054690 81.760254 0.930471 -0.026859 0.365381 -5.663250 0.000000 0.000000 0.000000 1.000000
0.379801 -0.064530 -0.922815 112.297180 0.047096 0.997619 -0.050378 80.713974 0.923868 -0.024327 0.381936 -5.056901 0.000000 0.000000 0.000000 1.000000
0.399903 -0.060588 -0.914553 115.721382 0.041293 0.997991 -0.048060 79.620544 0.915627 -0.018545 0.401601 -4.315783 0.000000 0.000000 0.000000 1.000000
0.427682 -0.050436 -0.902521 119.325851 0.034172 0.998631 -0.039613 78.787872 0.903283 -0.013899 0.428820 -3.399631 0.000000 0.000000 0.000000 1.000000
0.454658 -0.048798 -0.889328 123.324387 0.033881 0.998723 -0.037480 78.368820 0.890021 -0.013091 0.455731 -2.304686 0.000000 0.000000 0.000000 1.000000
0.473489 -0.055322 -0.879060 127.702156 0.035732 0.998410 -0.043587 78.484085 0.880074 -0.010773 0.474713 -1.099446 0.000000 0.000000 0.000000 1.000000
0.480568 -0.058526 -0.875002 132.299973 0.036908 0.998236 -0.046498 79.022560 0.876180 -0.009949 0.481880 0.378134 0.000000 0.000000 0.000000 1.000000</float_array>
        <technique_common>
          <accessor source="#mixamorig_Hips-Matrix-animation-output-transform-array" count="40" stride="16">
            <param type="float4x4"/>
          </accessor>
        </technique_common>
      </source>
      <source id="mixamorig_Hips-Interpolations">
        <Name_array id="mixamorig_Hips-Interpolations-array" count="40">
 LINEAR LINEAR LINEAR LINEAR LINEAR LINEAR LINEAR LINEAR LINEAR LINEAR LINEAR
LINEAR LINEAR LINEAR LINEAR LINEAR LINEAR LINEAR LINEAR LINEAR LINEAR LINEAR LINEAR
LINEAR LINEAR LINEAR LINEAR LINEAR LINEAR LINEAR LINEAR LINEAR LINEAR LINEAR LINEAR
LINEAR LINEAR LINEAR LINEAR LINEAR</Name_array>
        <technique_common>
          <accessor source="#mixamorig_Hips-Interpolations-array" count="40">
            <param type="name"/>
          </accessor>
        </technique_common>
      </source>
      <sampler id="mixamorig_Hips-Matrix-animation-transform">
        <input semantic="INPUT" source="#mixamorig_Hips-Matrix-animation-input"/>
        <input semantic="OUTPUT" source="#mixamorig_Hips-Matrix-animation-output-transform"/>
        <input semantic="INTERPOLATION" source="#mixamorig_Hips-Interpolations"/>
      </sampler>
      <channel source="#mixamorig_Hips-Matrix-animation-transform" target="mixamorig_Hips/matrix"/>
    </animation>
    <animation id="mixamorig_Spine-anim" name="mixamorig_Spine">
      <source id="mixamorig_Spine-Matrix-animation-input">
        <float_array id="mixamorig_Spine-Matrix-animation-input-array" count="40">

0.000000 0.033333 0.066667 0.100000 0.133333 0.166667 0.200000 0.233333 0.266667 0.300000 0.333333 0.366667 0.400000 0.433333 0.466667 0.500000
0.533333 0.566667 0.600000 0.633333 0.666667 0.700000 0.733333 0.766667 0.800000 0.833333 0.866667 0.900000 0.933333 0.966667 1.000000 1.033333
1.066667 1.100000 1.133333 1.166667 1.200000 1.233333 1.266667 1.300000</float_array>
        <technique_common>
          <accessor source="#mixamorig_Spine-Matrix-animation-input-array" count="40">
            <param name="TIME" type="float"/>
          </accessor>
        </technique_common>
      </source>
      <source id="mixamorig_Spine-Matrix-animation-output-transform">
        <float_array id="mixamorig_Spine-Matrix-animation-output-transform-array" count="640">

0.997567 0.045489 -0.052823 0.000000 -0.051470 0.991676 -0.118027 10.198500 0.047014 0.120459 0.991604 -1.858500 0.000000 0.000000 0.000000 1.000000
0.997554 0.044491 -0.053919 0.000000 -0.049802 0.993586 -0.101526 10.198500 0.049056 0.103963 0.993371 -1.858500 0.000000 0.000000 0.000000 1.000000
0.997819 0.047986 -0.045335 0.000000 -0.051868 0.994704 -0.088732 10.198500 0.040837 0.090890 0.995023 -1.858500 0.000000 0.000000 0.000000 1.000000
0.998154 0.051114 -0.032807 -0.000000 -0.053442 0.995789 -0.074493 10.198500 0.028861 0.076109 0.996682 -1.858500 0.000000 0.000000 0.000000 1.000000
0.998601 0.047289 -0.023673 0.000000 -0.048858 0.996295 -0.070782 10.198500 0.020238 0.071839 0.997211 -1.858500 0.000000 0.000000 0.000000 1.000000
0.998622 0.047516 -0.022262 0.000000 -0.048937 0.996459 -0.068369 10.198500 0.018935 0.069364 0.997412 -1.858500 0.000000 0.000000 0.000000 1.000000
0.998844 0.045286 -0.016137 -0.000000 -0.046369 0.996129 -0.074684 10.198500 0.012693 0.075346 0.997077 -1.858500 0.000000 0.000000 0.000000 1.000000
0.999060 0.040956 -0.014175 0.000000 -0.041977 0.995800 -0.081370 10.198500 0.010783 0.081888 0.996583 -1.858500 0.000000 0.000000 0.000000 1.000000
0.999084 0.042541 -0.004664 -0.000000 -0.042790 0.994878 -0.091584 10.198500 0.000744 0.091700 0.995786 -1.858500 0.000000 0.000000 0.000000 1.000000
0.998879 0.047138 0.004275 0.000000 -0.046447 0.993585 -0.103107 10.198500 -0.009108 0.102792 0.994661 -1.858500 0.000000 0.000000 0.000000 1.000000
0.998895 0.044658 0.014612 0.000000 -0.042706 0.992558 -0.114039 10.198500 -0.019596 0.113289 0.993369 -1.858500 0.000000 0.000000 0.000000 1.000000
0.998734 0.045556 0.021350 0.000000 -0.042478 0.990944 -0.127382 10.198500 -0.026959 0.126314 0.991624 -1.858500 0.000000 0.000000 0.000000 1.000000
0.998362 0.051932 0.023992 0.000000 -0.048037 0.988793 -0.141350 10.198500 -0.031064 0.139967 0.989669 -1.858500 0.000000 0.000000 0.000000 1.000000
0.998208 0.053539 0.026739 -0.000000 -0.048845 0.987036 -0.152883 10.198500 -0.034577 0.151303 0.987882 -1.858500 0.000000 0.000000 0.000000 1.000000
0.997903 0.056249 0.032030 -0.000000 -0.050260 0.985148 -0.164186 10.198500 -0.040789 0.162232 0.985909 -1.858500 0.000000 0.000000 0.000000 1.000000
0.997733 0.057717 0.034603 0.000000 -0.050650 0.982622 -0.178573 10.198500 -0.044309 0.176416 0.983318 -1.858500 0.000000 0.000000 0.000000 1.000000
0.997471 0.059083 0.039518 -0.000000 -0.050451 0.980111 -0.191931 10.198500 -0.050072 0.189451 0.980613 -1.858500 0.000000 0.000000 0.000000 1.000000
0.997095 0.057544 0.049895 -0.000000 -0.046708 0.979452 -0.196195 10.198500 -0.060160 0.193295 0.979295 -1.858500 0.000000 0.000000 0.000000 1.000000
0.996848 0.056282 0.055921 -0.000000 -0.044445 0.979985 -0.194047 10.198500 -0.065723 0.190950 0.979397 -1.858500 0.000000 0.000000 0.000000 1.000000
0.996699 0.055239 0.059491 0.000000 -0.043045 0.980910 -0.189637 10.198500 -0.068831 0.186450 0.980050 -1.858500 0.000000 0.000000 0.000000 1.000000
0.996993 0.055957 0.053602 -0.000000 -0.045331 0.982216 -0.182202 10.198500 -0.062844 0.179224 0.981799 -1.858500 0.000000 0.000000 0.000000 1.000000
0.997297 0.057608 0.045597 0.000000 -0.048833 0.983456 -0.174443 10.198500 -0.054892 0.171745 0.983611 -1.858500 0.000000 0.000000 0.000000 1.000000
0.997413 0.060807 0.038350 0.000000 -0.053505 0.984175 -0.168929 10.198500 -0.048015 0.166440 0.984882 -1.858500 0.000000 0.000000 0.000000 1.000000
0.997401 0.064708 0.031698 -0.000000 -0.058644 0.984605 -0.164664 10.198500 -0.041865 0.162378 0.985840 -1.858500 0.000000 0.000000 0.000000 1.000000
0.997316 0.068684 0.025367 0.000000 -0.063752 0.984975 -0.160499 10.198500 -0.036009 0.158451 0.986710 -1.858500 0.000000 0.000000 0.000000 1.000000
0.997190 0.072316 0.019556 0.000000 -0.068409 0.985427 -0.155734 10.198500 -0.030533 0.153959 0.987605 -1.858500 0.000000 0.000000 0.000000 1.000000
0.997078 0.074860 0.015184 0.000000 -0.071765 0.986165 -0.149428 10.198500 -0.026161 0.147902 0.988656 -1.858500 0.000000 0.000000 0.000000 1.000000
0.997066 0.075010 0.015243 0.000000 -0.072162 0.987574 -0.139608 10.198500 -0.025526 0.138099 0.990089 -1.858500 0.000000 0.000000 0.000000 1.000000
0.997114 0.074884 0.012461 0.000000 -0.072521 0.988155 -0.135241 10.198500 -0.022441 0.133947 0.990734 -1.858500 0.000000 0.000000 0.000000 1.000000
0.997374 0.072060 0.007287 -0.000000 -0.070435 0.988449 -0.134192 10.198500 -0.016873 0.133326 0.990929 -1.858500 0.000000 0.000000 0.000000 1.000000
0.997580 0.069508 0.001781 0.000000 -0.068599 0.988069 -0.137892 10.198500 -0.011344 0.137436 0.990446 -1.858500 0.000000 0.000000 0.000000 1.000000
0.997944 0.064021 -0.002866 0.000000 -0.063821 0.988769 -0.135139 10.198500 -0.005818 0.135044 0.990823 -1.858500 0.000000 0.000000 0.000000 1.000000
0.998336 0.056811 -0.009846 -0.000000 -0.057614 0.989567 -0.132053 10.198500 0.002242 0.132400 0.991194 -1.858500 0.000000 0.000000 0.000000 1.000000
0.998579 0.050394 -0.017311 0.000000 -0.052228 0.990053 -0.130644 10.198500 0.010555 0.131362 0.991278 -1.858500 0.000000 0.000000 0.000000 1.000000
0.998663 0.045458 -0.024594 0.000000 -0.048252 0.990536 -0.128492 10.198500 0.018520 0.129507 0.991406 -1.858500 0.000000 0.000000 0.000000 1.000000
0.998808 0.039073 -0.029267 0.000000 -0.042497 0.990947 -0.127354 10.198500 0.024026 0.128446 0.991425 -1.858500 0.000000 0.000000 0.000000 1.000000
0.998724 0.032066 -0.039011 0.000000 -0.036819 0.991096 -0.127957 10.198500 0.034561 0.129230 0.991012 -1.858500 0.000000 0.000000 0.000000 1.000000
0.998244 0.034010 -0.048504 0.000000 -0.039796 0.991509 -0.123799 10.198500 0.043882 0.125512 0.991121 -1.858500 0.000000 0.000000 0.000000 1.000000
0.997737 0.038858 -0.054869 -0.000000 -0.045131 0.991971 -0.118138 10.198500 0.049838 0.120347 0.991480 -1.858500 0.000000 0.000000 0.000000 1.000000
0.997567 0.045489 -0.052822 0.000000 -0.051470 0.991676 -0.118027 10.198500 0.047014 0.120459 0.991604 -1.858500 0.000000 0.000000 0.000000 1.000000</float_array>
        <technique_common>
          <accessor source="#mixamorig_Spine-Matrix-animation-output-transform-array" count="40" stride="16">
            <param type="float4x4"/>
          </accessor>
        </technique_common>
      </source>
      <source id="mixamorig_Spine-Interpolations">
        <Name_array id="mixamorig_Spine-Interpolations-array" count="40">
 LINEAR LINEAR LINEAR LINEAR LINEAR LINEAR LINEAR LINEAR LINEAR LINEAR LINEAR
LINEAR LINEAR LINEAR LINEAR LINEAR LINEAR LINEAR LINEAR LINEAR LINEAR LINEAR LINEAR
LINEAR LINEAR LINEAR LINEAR LINEAR LINEAR LINEAR LINEAR LINEAR LINEAR LINEAR LINEAR
LINEAR LINEAR LINEAR LINEAR LINEAR</Name_array>
        <technique_common>
          <accessor source="#mixamorig_Spine-Interpolations-array" count="40">
            <param type="name"/>
          </accessor>
        </technique_common>
      </source>
      <sampler id="mixamorig_Spine-Matrix-animation-transform">
        <input semantic="INPUT" source="#mixamorig_Spine-Matrix-animation-input"/>
        <input semantic="OUTPUT" source="#mixamorig_Spine-Matrix-animation-output-transform"/>
        <input semantic="INTERPOLATION" source="#mixamorig_Spine-Interpolations"/>
      </sampler>
      <channel source="#mixamorig_Spine-Matrix-animation-transform" target="mixamorig_Spine/matrix"/>
    </animation>
    <animation id="mixamorig_Spine1-anim" name="mixamorig_Spine1">
      <source id="mixamorig_Spine1-Matrix-animation-input">
        <float_array id="mixamorig_Spine1-Matrix-animation-input-array" count="40">

0.000000 0.033333 0.066667 0.100000 0.133333 0.166667 0.200000 0.233333 0.266667 0.300000 0.333333 0.366667 0.400000 0.433333 0.466667 0.500000
0.533333 0.566667 0.600000 0.633333 0.666667 0.700000 0.733333 0.766667 0.800000 0.833333 0.866667 0.900000 0.933333 0.966667 1.000000 1.033333
1.066667 1.100000 1.133333 1.166667 1.200000 1.233333 1.266667 1.300000</float_array>
        <technique_common>
          <accessor source="#mixamorig_Spine1-Matrix-animation-input-array" count="40">
            <param name="TIME" type="float"/>
          </accessor>
        </technique_common>
      </source>
      <source id="mixamorig_Spine1-Matrix-animation-output-transform">
        <float_array id="mixamorig_Spine1-Matrix-animation-output-transform-array" count="640">

0.999701 0.022839 -0.008748 -0.000000 -0.023033 0.999475 -0.022789 12.094200 0.008223 0.022984 0.999702 -0.000000 0.000000 0.000000 0.000000 1.000000
0.999737 0.020553 -0.010220 0.000000 -0.020797 0.999486 -0.024395 12.094200 0.009713 0.024601 0.999650 0.000000 0.000000 0.000000 0.000000 1.000000
0.999807 0.017430 -0.009106 0.000000 -0.017674 0.999469 -0.027387 12.094200 0.008623 0.027543 0.999583 0.000000 0.000000 0.000000 0.000000 1.000000
0.999872 0.014492 -0.006745 -0.000000 -0.014686 0.999454 -0.029605 12.094200 0.006313 0.029700 0.999539 0.000000 0.000000 0.000000 0.000000 1.000000
0.999911 0.012413 -0.004872 0.000000 -0.012560 0.999422 -0.031576 12.094200 0.004477 0.031634 0.999489 -0.000000 0.000000 0.000000 0.000000 1.000000
0.999910 0.012628 -0.004593 0.000000 -0.012777 0.999339 -0.034033 12.094200 0.004160 0.034088 0.999410 -0.000000 0.000000 0.000000 0.000000 1.000000
0.999913 0.012948 -0.002676 0.000000 -0.013039 0.999219 -0.037296 12.094200 0.002191 0.037327 0.999301 0.000000 0.000000 0.000000 0.000000 1.000000
0.999915 0.012933 -0.001762 0.000000 -0.012990 0.999195 -0.037943 12.094200 0.001270 0.037963 0.999278 0.000000 0.000000 0.000000 0.000000 1.000000
0.999899 0.014109 0.001643 0.000000 -0.014037 0.999187 -0.037787 12.094200 -0.002175 0.037760 0.999284 0.000000 0.000000 0.000000 0.000000 1.000000
0.999872 0.015217 0.004859 -0.000000 -0.015025 0.999186 -0.037442 12.094200 -0.005424 0.037364 0.999287 0.000000 0.000000 0.000000 0.000000 1.000000
0.999853 0.015081 0.008212 -0.000000 -0.014770 0.999217 -0.036706 12.094200 -0.008759 0.036579 0.999292 0.000000 0.000000 0.000000 0.000000 1.000000
0.999827 0.015257 0.010607 0.000000 -0.014864 0.999234 -0.036211 12.094200 -0.011151 0.036047 0.999288 0.000000 0.000000 0.000000 0.000000 1.000000
0.999796 0.016170 0.012087 0.000000 -0.015732 0.999247 -0.035475 12.094200 -0.012651 0.035278 0.999297 -0.000000 0.000000 0.000000 0.000000 1.000000
0.999758 0.017253 0.013644 0.000000 -0.016770 0.999254 -0.034783 12.094200 -0.014233 0.034546 0.999302 -0.000000 0.000000 0.000000 0.000000 1.000000
0.999716 0.017865 0.015779 0.000000 -0.017314 0.999258 -0.034402 12.094200 -0.016381 0.034119 0.999284 0.000000 0.000000 0.000000 0.000000 1.000000
0.999663 0.019262 0.017412 -0.000000 -0.018648 0.999222 -0.034749 12.094200 -0.018067 0.034412 0.999244 0.000000 0.000000 0.000000 0.000000 1.000000
0.999589 0.020789 0.019729 0.000000 -0.020076 0.999162 -0.035677 12.094200 -0.020454 0.035266 0.999169 0.000000 0.000000 0.000000 0.000000 1.000000
0.999491 0.021851 0.023249 -0.000000 -0.020996 0.999116 -0.036406 12.094200 -0.024024 0.035899 0.999067 0.000000 0.000000 0.000000 0.000000 1.000000
0.999403 0.023379 0.025438 0.000000 -0.022417 0.999046 -0.037471 12.094200 -0.026290 0.036878 0.998974 0.000000 0.000000 0.000000 0.000000 1.000000
0.999324 0.025084 0.026891 0.000000 -0.024036 0.998966 -0.038594 12.094200 -0.027832 0.037922 0.998893 0.000000 0.000000 0.000000 0.000000 1.000000
0.999310 0.026975 0.025536 -0.000000 -0.025958 0.998888 -0.039354 12.094200 -0.026569 0.038664 0.998899 0.000000 0.000000 0.000000 0.000000 1.000000
0.999308 0.028854 0.023489 0.000000 -0.027900 0.998811 -0.039971 12.094200 -0.024614 0.039288 0.998925 0.000000 0.000000 0.000000 0.000000 1.000000
0.999303 0.030444 0.021590 0.000000 -0.029554 0.998747 -0.040387 12.094200 -0.022793 0.039721 0.998951 0.000000 0.000000 0.000000 0.000000 1.000000
0.999296 0.031857 0.019839 -0.000000 -0.031030 0.998690 -0.040688 12.094200 -0.021109 0.040044 0.998975 0.000000 0.000000 0.000000 0.000000 1.000000
0.999284 0.033201 0.018157 0.000000 -0.032436 0.998635 -0.040942 12.094200 -0.019491 0.040324 0.998997 0.000000 0.000000 0.000000 0.000000 1.000000
0.999269 0.034442 0.016567 0.000000 -0.033737 0.998584 -0.041121 12.094200 -0.017960 0.040532 0.999017 0.000000 0.000000 0.000000 0.000000 1.000000
0.999257 0.035391 0.015236 0.000000 -0.034740 0.998551 -0.041095 12.094200 -0.016668 0.040535 0.999039 0.000000 0.000000 0.000000 0.000000 1.000000
0.999269 0.035267 0.014721 0.000000 -0.034650 0.998589 -0.040245 12.094200 -0.016120 0.039706 0.999081 -0.000000 0.000000 0.000000 0.000000 1.000000
0.999312 0.034562 0.013477 -0.000000 -0.034007 0.998642 -0.039467 12.094200 -0.014823 0.038982 0.999130 -0.000000 0.000000 0.000000 0.000000 1.000000
0.999364 0.033702 0.011660 0.000000 -0.033221 0.998679 -0.039201 12.094200 -0.012965 0.038789 0.999163 0.000000 0.000000 0.000000 0.000000 1.000000
0.999413 0.032792 0.009940 0.000000 -0.032380 0.998707 -0.039179 12.094200 -0.011212 0.038834 0.999183 0.000000 0.000000 0.000000 0.000000 1.000000
0.999469 0.031531 0.008208 0.000000 -0.031197 0.998785 -0.038147 12.094200 -0.009400 0.037870 0.999238 0.000000 0.000000 0.000000 0.000000 1.000000
0.999527 0.030193 0.005821 0.000000 -0.029964 0.998900 -0.036062 12.094200 -0.006903 0.035871 0.999333 0.000000 0.000000 0.000000 0.000000 1.000000
0.999552 0.029708 0.003607 0.000000 -0.029572 0.999013 -0.033140 12.094200 -0.004588 0.033019 0.999444 -0.000000 0.000000 0.000000 0.000000 1.000000
0.999573 0.029189 0.001353 0.000000 -0.029134 0.999111 -0.030459 12.094200 -0.002241 0.030407 0.999535 0.000000 0.000000 0.000000 0.000000 1.000000
0.999615 0.027756 -0.000437 0.000000 -0.027757 0.999219 -0.028135 12.094200 -0.000344 0.028136 0.999604 0.000000 0.000000 0.000000 0.000000 1.000000
0.999640 0.026614 -0.003514 0.000000 -0.026698 0.999288 -0.026662 12.094200 0.002802 0.026746 0.999638 0.000000 0.000000 0.000000 0.000000 1.000000
0.999649 0.025653 -0.006571 -0.000000 -0.025808 0.999359 -0.024798 12.094200 0.005931 0.024959 0.999671 0.000000 0.000000 0.000000 0.000000 1.000000
0.999658 0.024624 -0.008775 0.000000 -0.024818 0.999433 -0.022759 12.094200 0.008209 0.022969 0.999702 0.000000 0.000000 0.000000 0.000000 1.000000
0.999701 0.022839 -0.008748 -0.000000 -0.023033 0.999475 -0.022789 12.094200 0.008223 0.022984 0.999702 0.000000 0.000000 0.000000 0.000000 1.000000</float_array>
        <technique_common>
          <accessor source="#mixamorig_Spine1-Matrix-animation-output-transform-array" count="40" stride="16">
            <param type="float4x4"/>
          </accessor>
        </technique_common>
      </source>
      <source id="mixamorig_Spine1-Interpolations">
        <Name_array id="mixamorig_Spine1-Interpolations-array" count="40">
 LINEAR LINEAR LINEAR LINEAR LINEAR LINEAR LINEAR LINEAR LINEAR LINEAR LINEAR
LINEAR LINEAR LINEAR LINEAR LINEAR LINEAR LINEAR LINEAR LINEAR LINEAR LINEAR LINEAR
LINEAR LINEAR LINEAR LINEAR LINEAR LINEAR LINEAR LINEAR LINEAR LINEAR LINEAR LINEAR
LINEAR LINEAR LINEAR LINEAR LINEAR</Name_array>
        <technique_common>
          <accessor source="#mixamorig_Spine1-Interpolations-array" count="40">
            <param type="name"/>
          </accessor>
        </technique_common>
      </source>
      <sampler id="mixamorig_Spine1-Matrix-animation-transform">
        <input semantic="INPUT" source="#mixamorig_Spine1-Matrix-animation-input"/>
        <input semantic="OUTPUT" source="#mixamorig_Spine1-Matrix-animation-output-transform"/>
        <input semantic="INTERPOLATION" source="#mixamorig_Spine1-Interpolations"/>
      </sampler>
      <channel source="#mixamorig_Spine1-Matrix-animation-transform" target="mixamorig_Spine1/matrix"/>
    </animation>
    <animation id="mixamorig_Spine2-anim" name="mixamorig_Spine2">
      <source id="mixamorig_Spine2-Matrix-animation-input">
        <float_array id="mixamorig_Spine2-Matrix-animation-input-array" count="40">

0.000000 0.033333 0.066667 0.100000 0.133333 0.166667 0.200000 0.233333 0.266667 0.300000 0.333333 0.366667 0.400000 0.433333 0.466667 0.500000
0.533333 0.566667 0.600000 0.633333 0.666667 0.700000 0.733333 0.766667 0.800000 0.833333 0.866667 0.900000 0.933333 0.966667 1.000000 1.033333
1.066667 1.100000 1.133333 1.166667 1.200000 1.233333 1.266667 1.300000</float_array>
        <technique_common>
          <accessor source="#mixamorig_Spine2-Matrix-animation-input-array" count="40">
            <param name="TIME" type="float"/>
          </accessor>
        </technique_common>
      </source>
      <source id="mixamorig_Spine2-Matrix-animation-output-transform">
        <float_array id="mixamorig_Spine2-Matrix-animation-output-transform-array" count="640">

0.999714 0.022558 -0.007971 0.000000 -0.022736 0.999478 -0.022954 13.821900 0.007449 0.023128 0.999705 0.000000 0.000000 0.000000 0.000000 1.000000
0.999749 0.020223 -0.009597 -0.000000 -0.020454 0.999489 -0.024566 13.821900 0.009095 0.024756 0.999652 0.000000 0.000000 0.000000 0.000000 1.000000
0.999816 0.017137 -0.008656 0.000000 -0.017370 0.999470 -0.027525 13.821900 0.008180 0.027671 0.999584 0.000000 0.000000 0.000000 0.000000 1.000000
0.999877 0.014279 -0.006446 -0.000000 -0.014464 0.999454 -0.029700 13.821900 0.006018 0.029789 0.999538 0.000000 0.000000 0.000000 0.000000 1.000000
0.999914 0.012255 -0.004641 0.000000 -0.012395 0.999422 -0.031639 13.821900 0.004251 0.031694 0.999489 0.000000 0.000000 0.000000 0.000000 1.000000
0.999913 0.012467 -0.004390 -0.000000 -0.012609 0.999339 -0.034090 13.821900 0.003962 0.034142 0.999409 0.000000 0.000000 0.000000 0.000000 1.000000
0.999915 0.012837 -0.002462 0.000000 -0.012920 0.999219 -0.037331 13.821900 0.001981 0.037359 0.999300 0.000000 0.000000 0.000000 0.000000 1.000000
0.999916 0.012848 -0.001529 0.000000 -0.012896 0.999196 -0.037966 13.821900 0.001040 0.037983 0.999278 -0.000000 0.000000 0.000000 0.000000 1.000000
0.999898 0.014139 0.001940 -0.000000 -0.014056 0.999187 -0.037780 13.821900 -0.002472 0.037749 0.999284 0.000000 0.000000 0.000000 0.000000 1.000000
0.999868 0.015359 0.005218 0.000000 -0.015153 0.999185 -0.037403 13.821900 -0.005788 0.037319 0.999287 -0.000000 0.000000 0.000000 0.000000 1.000000
0.999845 0.015340 0.008639 0.000000 -0.015014 0.999216 -0.036636 13.821900 -0.009194 0.036501 0.999291 0.000000 0.000000 0.000000 0.000000 1.000000
0.999817 0.015601 0.011102 -0.000000 -0.015191 0.999232 -0.036116 13.821900 -0.011656 0.035941 0.999286 0.000000 0.000000 0.000000 0.000000 1.000000
0.999783 0.016565 0.012658 -0.000000 -0.016108 0.999245 -0.035356 13.821900 -0.013234 0.035144 0.999295 0.000000 0.000000 0.000000 0.000000 1.000000
0.999741 0.017702 0.014330 0.000000 -0.017197 0.999252 -0.034637 13.821900 -0.014932 0.034381 0.999297 0.000000 0.000000 0.000000 0.000000 1.000000
0.999694 0.018392 0.016562 0.000000 -0.017817 0.999256 -0.034220 13.821900 -0.017180 0.033914 0.999277 -0.000000 0.000000 0.000000 0.000000 1.000000
0.999635 0.019861 0.018342 0.000000 -0.019219 0.999219 -0.034531 13.821900 -0.019013 0.034165 0.999235 0.000000 0.000000 0.000000 0.000000 1.000000
0.999552 0.021495 0.020818 0.000000 -0.020749 0.999158 -0.035407 13.821900 -0.021562 0.034960 0.999156 0.000000 0.000000 0.000000 0.000000 1.000000
0.999443 0.022705 0.024471 0.000000 -0.021814 0.999111 -0.036067 13.821900 -0.025268 0.035513 0.999050 0.000000 0.000000 0.000000 0.000000 1.000000
0.999346 0.024329 0.026755 0.000000 -0.023329 0.999040 -0.037079 13.821900 -0.027632 0.036430 0.998954 0.000000 0.000000 0.000000 0.000000 1.000000
0.999259 0.026100 0.028289 -0.000000 -0.025012 0.998959 -0.038160 13.821900 -0.029255 0.037424 0.998871 -0.000000 0.000000 0.000000 0.000000 1.000000
0.999246 0.027937 0.026956 0.000000 -0.026877 0.998880 -0.038929 13.821900 -0.028013 0.038175 0.998878 -0.000000 0.000000 0.000000 0.000000 1.000000
0.999247 0.029732 0.024917 0.000000 -0.028732 0.998804 -0.039568 13.821900 -0.026064 0.038822 0.998906 0.000000 0.000000 0.000000 0.000000 1.000000
0.999247 0.031245 0.023021 0.000000 -0.030307 0.998740 -0.040005 13.821900 -0.024242 0.039277 0.998934 0.000000 0.000000 0.000000 0.000000 1.000000
0.999243 0.032585 0.021267 0.000000 -0.031709 0.998683 -0.040324 13.821900 -0.022553 0.039619 0.998960 0.000000 0.000000 0.000000 0.000000 1.000000
0.999235 0.033861 0.019583 -0.000000 -0.033044 0.998629 -0.040597 13.821900 -0.020931 0.039919 0.998984 0.000000 0.000000 0.000000 0.000000 1.000000
0.999224 0.035034 0.017987 0.000000 -0.034277 0.998579 -0.040793 13.821900 -0.019391 0.040145 0.999006 0.000000 0.000000 0.000000 0.000000 1.000000
0.999216 0.035924 0.016640 0.000000 -0.035221 0.998547 -0.040782 13.821900 -0.018081 0.040164 0.999029 -0.000000 0.000000 0.000000 0.000000 1.000000
0.999231 0.035764 0.016072 -0.000000 -0.035099 0.998585 -0.039941 13.821900 -0.017477 0.039346 0.999073 0.000000 0.000000 0.000000 0.000000 1.000000
0.999278 0.035003 0.014779 0.000000 -0.034401 0.998639 -0.039193 13.821900 -0.016131 0.038656 0.999122 0.000000 0.000000 0.000000 0.000000 1.000000
0.999336 0.034072 0.012930 0.000000 -0.033545 0.998677 -0.038974 13.821900 -0.014240 0.038515 0.999157 0.000000 0.000000 0.000000 0.000000 1.000000
0.999389 0.033100 0.011198 0.000000 -0.032641 0.998706 -0.038997 13.821900 -0.012475 0.038608 0.999177 0.000000 0.000000 0.000000 0.000000 1.000000
0.999451 0.031772 0.009424 -0.000000 -0.031393 0.998784 -0.038014 13.821900 -0.010620 0.037697 0.999233 0.000000 0.000000 0.000000 0.000000 1.000000
0.999515 0.030347 0.006998 0.000000 -0.030077 0.998899 -0.035995 13.821900 -0.008082 0.035767 0.999327 0.000000 0.000000 0.000000 0.000000 1.000000
0.999545 0.029787 0.004787 -0.000000 -0.029612 0.999012 -0.033131 13.821900 -0.005769 0.032974 0.999440 0.000000 0.000000 0.000000 0.000000 1.000000
0.999570 0.029200 0.002512 0.000000 -0.029110 0.999111 -0.030503 13.821900 -0.003400 0.030417 0.999532 -0.000000 0.000000 0.000000 0.000000 1.000000
0.999616 0.027720 0.000670 0.000000 -0.027690 0.999218 -0.028211 13.821900 -0.001451 0.028181 0.999602 0.000000 0.000000 0.000000 0.000000 1.000000
0.999646 0.026482 -0.002451 -0.000000 -0.026538 0.999289 -0.026782 13.821900 0.001740 0.026838 0.999638 0.000000 0.000000 0.000000 0.000000 1.000000
0.999661 0.025429 -0.005602 0.000000 -0.025561 0.999362 -0.024955 13.821900 0.004964 0.025090 0.999673 0.000000 0.000000 0.000000 0.000000 1.000000
0.999672 0.024344 -0.007900 -0.000000 -0.024519 0.999436 -0.022939 13.821900 0.007337 0.023126 0.999706 -0.000000 0.000000 0.000000 0.000000 1.000000
0.999714 0.022558 -0.007971 0.000000 -0.022736 0.999478 -0.022954 13.821900 0.007449 0.023128 0.999705 0.000000 0.000000 0.000000 0.000000 1.000000</float_array>
        <technique_common>
          <accessor source="#mixamorig_Spine2-Matrix-animation-output-transform-array" count="40" stride="16">
            <param type="float4x4"/>
          </accessor>
        </technique_common>
      </source>
      <source id="mixamorig_Spine2-Interpolations">
        <Name_array id="mixamorig_Spine2-Interpolations-array" count="40">
 LINEAR LINEAR LINEAR LINEAR LINEAR LINEAR LINEAR LINEAR LINEAR LINEAR LINEAR
LINEAR LINEAR LINEAR LINEAR LINEAR LINEAR LINEAR LINEAR LINEAR LINEAR LINEAR LINEAR
LINEAR LINEAR LINEAR LINEAR LINEAR LINEAR LINEAR LINEAR LINEAR LINEAR LINEAR LINEAR
LINEAR LINEAR LINEAR LINEAR LINEAR</Name_array>
        <technique_common>
          <accessor source="#mixamorig_Spine2-Interpolations-array" count="40">
            <param type="name"/>
          </accessor>
        </technique_common>
      </source>
      <sampler id="mixamorig_Spine2-Matrix-animation-transform">
        <input semantic="INPUT" source="#mixamorig_Spine2-Matrix-animation-input"/>
        <input semantic="OUTPUT" source="#mixamorig_Spine2-Matrix-animation-output-transform"/>
        <input semantic="INTERPOLATION" source="#mixamorig_Spine2-Interpolations"/>
      </sampler>
      <channel source="#mixamorig_Spine2-Matrix-animation-transform" target="mixamorig_Spine2/matrix"/>
    </animation>
    <animation id="mixamorig_Neck-anim" name="mixamorig_Neck">
      <source id="mixamorig_Neck-Matrix-animation-input">
        <float_array id="mixamorig_Neck-Matrix-animation-input-array" count="40">

0.000000 0.033333 0.066667 0.100000 0.133333 0.166667 0.200000 0.233333 0.266667 0.300000 0.333333 0.366667 0.400000 0.433333 0.466667 0.500000
0.533333 0.566667 0.600000 0.633333 0.666667 0.700000 0.733333 0.766667 0.800000 0.833333 0.866667 0.900000 0.933333 0.966667 1.000000 1.033333
1.066667 1.100000 1.133333 1.166667 1.200000 1.233333 1.266667 1.300000</float_array>
        <technique_common>
          <accessor source="#mixamorig_Neck-Matrix-animation-input-array" count="40">
            <param name="TIME" type="float"/>
          </accessor>
        </technique_common>
      </source>
      <source id="mixamorig_Neck-Matrix-animation-output-transform">
        <float_array id="mixamorig_Neck-Matrix-animation-output-transform-array" count="640">

0.963184 0.030798 0.267073 0.000000 0.028100 0.976442 -0.213941 15.549600 -0.267370 0.213570 0.939628 -0.000000 0.000000 0.000000 0.000000 1.000000
0.959178 0.028851 0.281328 0.000000 0.030668 0.978304 -0.204891 15.549600 -0.281136 0.205155 0.937483 -0.000000 0.000000 0.000000 0.000000 1.000000
0.956807 0.029497 0.289223 0.000000 0.026527 0.981832 -0.187888 15.549600 -0.289511 0.187445 0.938642 0.000000 0.000000 0.000000 0.000000 1.000000
0.952494 0.038157 0.302158 0.000000 0.017194 0.983801 -0.178436 15.549600 -0.304072 0.175155 0.936409 0.000000 0.000000 0.000000 0.000000 1.000000
0.947289 0.045282 0.317165 0.000000 0.010309 0.985141 -0.171441 15.549600 -0.320215 0.165673 0.932746 0.000000 0.000000 0.000000 0.000000 1.000000
0.943326 0.047420 0.328461 0.000000 0.007274 0.986546 -0.163320 15.549600 -0.331787 0.156453 0.930290 0.000000 0.000000 0.000000 0.000000 1.000000
0.939411 0.047958 0.339422 0.000000 0.006435 0.987524 -0.157339 15.549600 -0.342733 0.149990 0.927382 -0.000000 0.000000 0.000000 0.000000 1.000000
0.933361 0.054786 0.354734 0.000000 0.000089 0.988247 -0.152864 15.549600 -0.358940 0.142709 0.922386 0.000000 0.000000 0.000000 0.000000 1.000000
0.928867 0.049779 0.367054 0.000000 0.004418 0.989370 -0.145356 15.549600 -0.370388 0.136638 0.918772 -0.000000 0.000000 0.000000 0.000000 1.000000
0.923944 0.046538 0.379687 -0.000000 0.006122 0.990646 -0.136320 15.549600 -0.382480 0.128277 0.915016 -0.000000 0.000000 0.000000 0.000000 1.000000
0.919553 0.051401 0.389591 -0.000000 0.001410 0.990971 -0.134071 15.549600 -0.392965 0.123835 0.911177 0.000000 0.000000 0.000000 0.000000 1.000000
0.915571 0.050545 0.398968 0.000000 0.001864 0.991526 -0.129893 15.549600 -0.402153 0.119670 0.907718 -0.000000 0.000000 0.000000 0.000000 1.000000
0.912229 0.045721 0.407120 -0.000000 0.007157 0.991823 -0.127421 15.549600 -0.409617 0.119151 0.904443 0.000000 0.000000 0.000000 0.000000 1.000000
0.908415 0.044866 0.415656 0.000000 0.009510 0.991750 -0.127834 15.549600 -0.417962 0.120079 0.900493 -0.000000 0.000000 0.000000 0.000000 1.000000
0.904707 0.047223 0.423409 0.000000 0.008434 0.991658 -0.128622 15.549600 -0.425951 0.119936 0.896762 0.000000 0.000000 0.000000 0.000000 1.000000
0.901975 0.047642 0.429152 0.000000 0.009376 0.991499 -0.129776 15.549600 -0.431687 0.121079 0.893861 -0.000000 0.000000 0.000000 0.000000 1.000000
0.899511 0.050681 0.433948 0.000000 0.009350 0.990788 -0.135096 15.549600 -0.436797 0.125578 0.890751 0.000000 0.000000 0.000000 0.000000 1.000000
0.898216 0.055909 0.435983 -0.000000 0.009356 0.989221 -0.146131 15.549600 -0.439454 0.135336 0.888012 0.000000 0.000000 0.000000 0.000000 1.000000
0.896455 0.060924 0.438927 -0.000000 0.008395 0.987991 -0.154282 15.549600 -0.443056 0.141991 0.885178 0.000000 0.000000 0.000000 0.000000 1.000000
0.894521 0.065239 0.442241 0.000000 0.004972 0.987780 -0.155773 15.549600 -0.446999 0.141541 0.883265 -0.000000 0.000000 0.000000 0.000000 1.000000
0.893180 0.069098 0.444360 0.000000 0.002244 0.987428 -0.158056 15.549600 -0.449694 0.142169 0.881795 0.000000 0.000000 0.000000 0.000000 1.000000
0.892311 0.072443 0.445571 -0.000000 -0.000057 0.987057 -0.160367 15.549600 -0.451422 0.143072 0.880766 0.000000 0.000000 0.000000 0.000000 1.000000
0.891855 0.075315 0.446007 0.000000 -0.002017 0.986693 -0.162584 15.549600 -0.452317 0.144102 0.880139 -0.000000 0.000000 0.000000 0.000000 1.000000
0.893150 0.076000 0.443292 -0.000000 -0.002775 0.986532 -0.163545 15.549600 -0.449751 0.144840 0.881332 0.000000 0.000000 0.000000 0.000000 1.000000
0.894311 0.075482 0.441033 -0.000000 -0.002255 0.986416 -0.164251 15.549600 -0.447440 0.145897 0.882333 0.000000 0.000000 0.000000 0.000000 1.000000
0.895727 0.077431 0.437810 0.000000 -0.004896 0.986376 -0.164432 15.549600 -0.444577 0.145143 0.883903 0.000000 0.000000 0.000000 0.000000 1.000000
0.897312 0.076803 0.434665 0.000000 -0.007332 0.987203 -0.159299 15.549600 -0.441337 0.139754 0.886392 -0.000000 0.000000 0.000000 0.000000 1.000000
0.900361 0.074408 0.428735 0.000000 -0.008694 0.988151 -0.153239 15.549600 -0.435057 0.134243 0.890339 0.000000 0.000000 0.000000 0.000000 1.000000
0.902194 0.076898 0.424421 0.000000 -0.013598 0.988561 -0.150205 15.549600 -0.431117 0.129743 0.892919 0.000000 0.000000 0.000000 0.000000 1.000000
0.905124 0.079567 0.417635 0.000000 -0.016042 0.988023 -0.153470 15.549600 -0.424844 0.132210 0.895560 0.000000 0.000000 0.000000 0.000000 1.000000
0.908834 0.083452 0.408726 -0.000000 -0.017026 0.986390 -0.163538 15.549600 -0.416811 0.141669 0.897886 0.000000 0.000000 0.000000 0.000000 1.000000
0.913091 0.086106 0.398560 -0.000000 -0.015776 0.984177 -0.176483 15.549600 -0.407450 0.154857 0.900002 0.000000 0.000000 0.000000 0.000000 1.000000
0.917761 0.084758 0.387983 0.000000 -0.011256 0.982119 -0.187927 15.549600 -0.396973 0.168105 0.902304 -0.000000 0.000000 0.000000 0.000000 1.000000
0.924085 0.077495 0.374247 -0.000000 -0.001548 0.979978 -0.199102 15.549600 -0.382183 0.183408 0.905703 0.000000 0.000000 0.000000 0.000000 1.000000
0.930007 0.075058 0.359796 0.000000 0.003501 0.977072 -0.212879 15.549600 -0.367525 0.199239 0.908421 0.000000 0.000000 0.000000 0.000000 1.000000
0.936653 0.074204 0.342309 0.000000 0.005853 0.973849 -0.227121 15.549600 -0.350211 0.214737 0.911724 -0.000000 0.000000 0.000000 0.000000 1.000000
