<?xml version="1.0" encoding="utf-8"?>
<COLLADA xmlns="http://www.collada.org/2005/11/COLLADASchema" version="1.4.1">
  <asset>
    <contributor>
      <author>Mixamo</author>
      <authoring_tool>COLLADA Mixamo exporter</authoring_tool>
      <comments/>
    </contributor>
    <created>2024-10-30T20:20:24Z</created>
    <modified>2024-10-30T20:20:24Z</modified>
    <revision/>
    <title/>
    <unit meter="0.010000"/>
    <up_axis>Y_UP</up_axis>
  </asset>
  <library_animations>
    <animation id="mixamorig_Hips-anim" name="mixamorig_Hips">
      <source id="mixamorig_Hips-Matrix-animation-input">
        <float_array id="mixamorig_Hips-Matrix-animation-input-array" count="35">

0.000000 0.033333 0.066667 0.100000 0.133333 0.166667 0.200000 0.233333 0.266667 0.300000 0.333333 0.366667 0.400000 0.433333 0.466667 0.500000
0.533333 0.566667 0.600000 0.633333 0.666667 0.700000 0.733333 0.766667 0.800000 0.833333 0.866667 0.900000 0.933333 0.966667 1.000000 1.033333
1.066667 1.100000 1.133333</float_array>
        <technique_common>
          <accessor source="#mixamorig_Hips-Matrix-animation-input-array" count="35">
            <param name="TIME" type="float"/>
          </accessor>
        </technique_common>
      </source>
      <source id="mixamorig_Hips-Matrix-animation-output-transform">
        <float_array id="mixamorig_Hips-Matrix-animation-output-transform-array" count="560">

0.480568 -0.058526 -0.875002 -0.575030 0.036908 0.998236 -0.046498 79.022568 0.876181 -0.009949 0.481880 0.379367 0.000000 0.000000 0.000000 1.000000
0.461628 -0.069187 -0.884372 -4.923438 0.053615 0.997307 -0.050036 79.131844 0.885452 -0.024318 0.464094 -0.147690 0.000000 0.000000 0.000000 1.000000
0.448081 -0.081721 -0.890250 -9.747249 0.075569 0.995711 -0.053366 79.841354 0.890793 -0.043363 0.452335 -0.687759 0.000000 0.000000 0.000000 1.000000
0.442408 -0.092205 -0.892062 -14.324141 0.089412 0.994279 -0.058427 80.969345 0.892346 -0.053913 0.448121 -1.160106 0.000000 0.000000 0.000000 1.000000
0.432636 -0.104530 -0.895488 -18.216007 0.099033 0.992755 -0.068039 82.033989 0.896113 -0.059247 0.439853 -1.478217 0.000000 0.000000 0.000000 1.000000
0.411109 -0.116621 -0.904096 -22.505432 0.105141 0.991230 -0.080051 83.360291 0.905502 -0.062148 0.419765 -1.752283 0.000000 0.000000 0.000000 1.000000
0.387934 -0.124467 -0.913244 -26.557684 0.106892 0.990229 -0.089552 84.717346 0.915468 -0.062878 0.397448 -1.701115 0.000000 0.000000 0.000000 1.000000
0.378655 -0.126145 -0.916901 -29.856575 0.107624 0.989949 -0.091749 85.798370 0.919259 -0.063940 0.388425 -1.452247 0.000000 0.000000 0.000000 1.000000
0.375648 -0.121621 -0.918748 -33.219318 0.108690 0.990292 -0.086651 86.640717 0.920367 -0.067309 0.385220 -1.246864 0.000000 0.000000 0.000000 1.000000
0.368222 -0.116514 -0.922408 -36.620335 0.109051 0.990681 -0.081605 87.128601 0.923320 -0.070541 0.377497 -0.901636 0.000000 0.000000 0.000000 1.000000
0.356797 -0.115751 -0.926983 -39.379704 0.107314 0.990804 -0.082415 87.126053 0.927998 -0.070073 0.365937 -0.602673 0.000000 0.000000 0.000000 1.000000
0.344504 -0.114688 -0.931753 -42.078018 0.106436 0.990882 -0.082612 86.812057 0.932732 -0.070711 0.353570 -0.384975 0.000000 0.000000 0.000000 1.000000
0.325600 -0.112112 -0.938837 -45.167984 0.105301 0.991068 -0.081830 86.183983 0.939626 -0.072217 0.334498 -0.032249 0.000000 0.000000 0.000000 1.000000
0.302069 -0.111306 -0.946766 -47.649014 0.101677 0.991257 -0.084096 85.484131 0.947848 -0.070861 0.310745 0.261473 0.000000 0.000000 0.000000 1.000000
0.274892 -0.113293 -0.954777 -50.254189 0.094084 0.991437 -0.090556 84.697800 0.956861 -0.064936 0.283197 0.734605 0.000000 0.000000 0.000000 1.000000
0.247683 -0.110568 -0.962511 -53.688740 0.080190 0.992397 -0.093366 83.834404 0.965517 -0.054059 0.254667 1.559711 0.000000 0.000000 0.000000 1.000000
0.235054 -0.099319 -0.966895 -56.815201 0.066750 0.994067 -0.085883 83.251770 0.969687 -0.044353 0.240289 2.259452 0.000000 0.000000 0.000000 1.000000
0.240676 -0.085260 -0.966854 -60.202915 0.061602 0.995468 -0.072449 83.032417 0.968649 -0.042123 0.244838 3.168248 0.000000 0.000000 0.000000 1.000000
0.266317 -0.077753 -0.960744 -64.212929 0.059571 0.996163 -0.064107 83.042862 0.962043 -0.040159 0.269927 4.376682 0.000000 0.000000 0.000000 1.000000
0.284387 -0.069509 -0.956186 -67.279053 0.047657 0.997160 -0.058313 82.973785 0.957524 -0.028986 0.286892 5.108597 0.000000 0.000000 0.000000 1.000000
0.285521 -0.059794 -0.956505 -70.341248 0.033722 0.998061 -0.052325 83.043144 0.957779 -0.017315 0.286983 5.656890 0.000000 0.000000 0.000000 1.000000
0.290363 -0.058073 -0.955153 -74.090706 0.024112 0.998284 -0.053365 83.406441 0.956613 -0.007536 0.291265 6.316154 0.000000 0.000000 0.000000 1.000000
0.298438 -0.062798 -0.952361 -77.154755 0.011819 0.998000 -0.062103 83.772980 0.954356 0.007278 0.298583 6.730025 0.000000 0.000000 0.000000 1.000000
0.309213 -0.066913 -0.948636 -80.537331 0.000565 0.997534 -0.070178 84.381203 0.950993 0.021164 0.308489 7.087988 0.000000 0.000000 0.000000 1.000000
0.321605 -0.070826 -0.944221 -84.595123 -0.008330 0.996948 -0.077619 85.036194 0.946837 0.032828 0.320034 7.360031 0.000000 0.000000 0.000000 1.000000
0.332463 -0.076760 -0.939987 -88.352821 -0.012229 0.996248 -0.085679 85.475998 0.943037 0.039981 0.330277 7.434642 0.000000 0.000000 0.000000 1.000000
0.348005 -0.082406 -0.933864 -93.154930 -0.014242 0.995550 -0.093157 85.793449 0.937385 0.045719 0.345282 7.480394 0.000000 0.000000 0.000000 1.000000
0.367700 -0.086759 -0.925888 -98.089714 -0.010907 0.995168 -0.097582 85.701195 0.929880 0.045979 0.364977 7.302842 0.000000 0.000000 0.000000 1.000000
0.388047 -0.088821 -0.917350 -102.373917 -0.003892 0.995179 -0.098003 85.204773 0.921631 0.041600 0.385831 6.924523 0.000000 0.000000 0.000000 1.000000
0.414095 -0.088941 -0.905878 -106.968208 0.006366 0.995473 -0.094828 84.496391 0.910211 0.033501 0.412787 6.392217 0.000000 0.000000 0.000000 1.000000
0.440222 -0.088489 -0.893518 -111.899109 0.019198 0.995832 -0.089163 83.331375 0.897684 0.022098 0.440086 5.600970 0.000000 0.000000 0.000000 1.000000
0.459658 -0.085662 -0.883955 -116.809746 0.027638 0.996235 -0.082171 81.864761 0.887666 0.013340 0.460295 4.583119 0.000000 0.000000 0.000000 1.000000
0.469514 -0.079765 -0.879315 -121.189453 0.033650 0.996804 -0.072455 80.637451 0.882284 0.004430 0.470697 3.483363 0.000000 0.000000 0.000000 1.000000
0.477064 -0.069595 -0.876109 -126.569824 0.037545 0.997564 -0.058799 79.502701 0.878066 -0.004842 0.478515 1.971233 0.000000 0.000000 0.000000 1.000000
0.480568 -0.058526 -0.875002 -131.504807 0.036908 0.998236 -0.046498 79.022560 0.876181 -0.009949 0.481880 0.378132 0.000000 0.000000 0.000000 1.000000</float_array>
        <technique_common>
          <accessor source="#mixamorig_Hips-Matrix-animation-output-transform-array" count="35" stride="16">
            <param type="float4x4"/>
          </accessor>
        </technique_common>
      </source>
      <source id="mixamorig_Hips-Interpolations">
        <Name_array id="mixamorig_Hips-Interpolations-array" count="35">
 LINEAR LINEAR LINEAR LINEAR LINEAR LINEAR LINEAR LINEAR LINEAR LINEAR LINEAR
LINEAR LINEAR LINEAR LINEAR LINEAR LINEAR LINEAR LINEAR LINEAR LINEAR LINEAR LINEAR
LINEAR LINEAR LINEAR LINEAR LINEAR LINEAR LINEAR LINEAR LINEAR LINEAR LINEAR LINEAR</Name_array>
        <technique_common>
          <accessor source="#mixamorig_Hips-Interpolations-array" count="35">
            <param type="name"/>
          </accessor>
        </technique_common>
      </source>
      <sampler id="mixamorig_Hips-Matrix-animation-transform">
        <input semantic="INPUT" source="#mixamorig_Hips-Matrix-animation-input"/>
        <input semantic="OUTPUT" source="#mixamorig_Hips-Matrix-animation-output-transform"/>
        <input semantic="INTERPOLATION" source="#mixamorig_Hips-Interpolations"/>
      </sampler>
      <channel source="#mixamorig_Hips-Matrix-animation-transform" target="mixamorig_Hips/matrix"/>
    </animation>
    <animation id="mixamorig_Spine-anim" name="mixamorig_Spine">
      <source id="mixamorig_Spine-Matrix-animation-input">
        <float_array id="mixamorig_Spine-Matrix-animation-input-array" count="35">

0.000000 0.033333 0.066667 0.100000 0.133333 0.166667 0.200000 0.233333 0.266667 0.300000 0.333333 0.366667 0.400000 0.433333 0.466667 0.500000
0.533333 0.566667 0.600000 0.633333 0.666667 0.700000 0.733333 0.766667 0.800000 0.833333 0.866667 0.900000 0.933333 0.966667 1.000000 1.033333
1.066667 1.100000 1.133333</float_array>
        <technique_common>
          <accessor source="#mixamorig_Spine-Matrix-animation-input-array" count="35">
            <param name="TIME" type="float"/>
          </accessor>
        </technique_common>
      </source>
      <source id="mixamorig_Spine-Matrix-animation-output-transform">
        <float_array id="mixamorig_Spine-Matrix-animation-output-transform-array" count="560">

0.997567 0.045490 -0.052823 0.000000 -0.051471 0.991676 -0.118027 10.198500 0.047015 0.120459 0.991604 -1.858500 0.000000 0.000000 0.000000 1.000000
0.996932 0.055457 -0.055230 0.000000 -0.062255 0.989541 -0.130124 10.198500 0.047436 0.133163 0.989958 -1.858500 0.000000 0.000000 0.000000 1.000000
0.996186 0.068152 -0.054479 0.000000 -0.075505 0.986272 -0.146857 10.198500 0.043722 0.150410 0.987656 -1.858500 0.000000 0.000000 0.000000 1.000000
0.995783 0.073923 -0.054328 0.000000 -0.081974 0.982855 -0.165154 10.198500 0.041188 0.168911 0.984770 -1.858500 0.000000 0.000000 0.000000 1.000000
0.995373 0.081363 -0.051113 -0.000000 -0.089200 0.980203 -0.176763 10.198500 0.035719 0.180504 0.982925 -1.858500 0.000000 0.000000 0.000000 1.000000
0.995025 0.092497 -0.037005 0.000000 -0.097757 0.978107 -0.183715 10.198500 0.019202 0.186419 0.982283 -1.858500 0.000000 0.000000 0.000000 1.000000
0.994369 0.104175 -0.019422 0.000000 -0.105967 0.976121 -0.189627 10.198500 -0.000797 0.190617 0.981664 -1.858500 0.000000 0.000000 0.000000 1.000000
0.993827 0.110068 -0.013886 -0.000000 -0.110636 0.974036 -0.197520 10.198500 -0.008215 0.197837 0.980201 -1.858500 0.000000 0.000000 0.000000 1.000000
0.993541 0.112966 -0.010764 -0.000000 -0.112732 0.971702 -0.207575 10.198500 -0.012990 0.207447 0.978160 -1.858500 0.000000 0.000000 0.000000 1.000000
0.993319 0.115358 -0.003050 -0.000000 -0.113307 0.969970 -0.215221 10.198500 -0.021869 0.214129 0.976561 -1.858500 0.000000 0.000000 0.000000 1.000000
0.993348 0.114889 0.007769 0.000000 -0.110555 0.970397 -0.214727 10.198500 -0.032209 0.212440 0.976643 -1.858500 0.000000 0.000000 0.000000 1.000000
0.993440 0.113104 0.016862 0.000000 -0.106819 0.970473 -0.216267 10.198500 -0.040824 0.213048 0.976189 -1.858500 0.000000 0.000000 0.000000 1.000000
0.993421 0.110800 0.028961 0.000000 -0.101733 0.969922 -0.221136 10.198500 -0.052592 0.216734 0.974813 -1.858500 0.000000 0.000000 0.000000 1.000000
0.993292 0.107715 0.042048 0.000000 -0.095649 0.969731 -0.224662 10.198500 -0.064974 0.219133 0.973529 -1.858500 0.000000 0.000000 0.000000 1.000000
0.993151 0.101914 0.057142 -0.000000 -0.086694 0.970636 -0.224388 10.198500 -0.078333 0.217897 0.972823 -1.858500 0.000000 0.000000 0.000000 1.000000
0.992517 0.095128 0.076551 0.000000 -0.075784 0.971484 -0.224670 10.198500 -0.095741 0.217187 0.971423 -1.858500 0.000000 0.000000 0.000000 1.000000
0.992024 0.090067 0.088187 -0.000000 -0.067656 0.970746 -0.230379 10.198500 -0.106357 0.222575 0.969097 -1.858500 0.000000 0.000000 0.000000 1.000000
0.992280 0.090050 0.085273 0.000000 -0.067092 0.968060 -0.241574 10.198500 -0.104304 0.233988 0.966628 -1.858500 0.000000 0.000000 0.000000 1.000000
0.993606 0.088034 0.070695 -0.000000 -0.068177 0.966909 -0.245844 10.198500 -0.089998 0.239452 0.966728 -1.858500 0.000000 0.000000 0.000000 1.000000
0.995102 0.077354 0.061545 -0.000000 -0.059746 0.966670 -0.248957 10.198500 -0.078751 0.244061 0.966557 -1.858500 0.000000 0.000000 0.000000 1.000000
0.995991 0.072151 0.052873 0.000000 -0.056238 0.964745 -0.257106 10.198500 -0.069559 0.253102 0.964936 -1.858500 0.000000 0.000000 0.000000 1.000000
0.996930 0.067092 0.040351 -0.000000 -0.054705 0.965646 -0.254038 10.198500 -0.056009 0.251051 0.966352 -1.858500 0.000000 0.000000 0.000000 1.000000
0.998145 0.051810 0.031968 0.000000 -0.042707 0.970128 -0.238804 10.198500 -0.043386 0.236996 0.970541 -1.858500 0.000000 0.000000 0.000000 1.000000
0.999095 0.036696 0.021507 0.000000 -0.031068 0.974953 -0.220232 10.198500 -0.029050 0.219364 0.975210 -1.858500 0.000000 0.000000 0.000000 1.000000
0.999588 0.026432 0.011170 0.000000 -0.023734 0.980335 -0.195908 10.198500 -0.016129 0.195562 0.980559 -1.858500 0.000000 0.000000 0.000000 1.000000
0.999693 0.024384 0.004295 0.000000 -0.023327 0.985721 -0.166765 10.198500 -0.008300 0.166614 0.985987 -1.858500 0.000000 0.000000 0.000000 1.000000
0.999663 0.025760 -0.003208 0.000000 -0.025958 0.990812 -0.132729 10.198500 -0.000240 0.132767 0.991147 -1.858500 0.000000 0.000000 0.000000 1.000000
0.999343 0.034391 -0.011411 -0.000000 -0.035405 0.993780 -0.105580 10.198500 0.007709 0.105915 0.994345 -1.858500 0.000000 0.000000 0.000000 1.000000
0.998783 0.045731 -0.018459 0.000000 -0.047234 0.994685 -0.091495 10.198500 0.014176 0.092256 0.995634 -1.858500 0.000000 0.000000 0.000000 1.000000
0.998048 0.055510 -0.028626 0.000000 -0.057773 0.994667 -0.085437 10.198500 0.023730 0.086924 0.995932 -1.858500 0.000000 0.000000 0.000000 1.000000
0.997251 0.062769 -0.039387 0.000000 -0.065934 0.994197 -0.085001 10.198500 0.033824 0.087364 0.995602 -1.858500 0.000000 0.000000 0.000000 1.000000
0.996923 0.063024 -0.046613 0.000000 -0.066882 0.994008 -0.086456 10.198500 0.040885 0.089307 0.995165 -1.858500 0.000000 0.000000 0.000000 1.000000
0.996909 0.061037 -0.049473 0.000000 -0.065400 0.993611 -0.091980 10.198500 0.043542 0.094931 0.994531 -1.858500 0.000000 0.000000 0.000000 1.000000
0.997099 0.055052 -0.052553 -0.000000 -0.060241 0.992868 -0.102881 10.198500 0.046514 0.105749 0.993304 -1.858500 0.000000 0.000000 0.000000 1.000000
0.997567 0.045490 -0.052823 -0.000000 -0.051471 0.991676 -0.118027 10.198500 0.047014 0.120459 0.991604 -1.858500 0.000000 0.000000 0.000000 1.000000</float_array>
        <technique_common>
          <accessor source="#mixamorig_Spine-Matrix-animation-output-transform-array" count="35" stride="16">
            <param type="float4x4"/>
          </accessor>
        </technique_common>
      </source>
      <source id="mixamorig_Spine-Interpolations">
        <Name_array id="mixamorig_Spine-Interpolations-array" count="35">
 LINEAR LINEAR LINEAR LINEAR LINEAR LINEAR LINEAR LINEAR LINEAR LINEAR LINEAR
LINEAR LINEAR LINEAR LINEAR LINEAR LINEAR LINEAR LINEAR LINEAR LINEAR LINEAR LINEAR
LINEAR LINEAR LINEAR LINEAR LINEAR LINEAR LINEAR LINEAR LINEAR LINEAR LINEAR LINEAR</Name_array>
        <technique_common>
          <accessor source="#mixamorig_Spine-Interpolations-array" count="35">
            <param type="name"/>
          </accessor>
        </technique_common>
      </source>
      <sampler id="mixamorig_Spine-Matrix-animation-transform">
        <input semantic="INPUT" source="#mixamorig_Spine-Matrix-animation-input"/>
        <input semantic="OUTPUT" source="#mixamorig_Spine-Matrix-animation-output-transform"/>
        <input semantic="INTERPOLATION" source="#mixamorig_Spine-Interpolations"/>
      </sampler>
      <channel source="#mixamorig_Spine-Matrix-animation-transform" target="mixamorig_Spine/matrix"/>
    </animation>
    <animation id="mixamorig_Spine1-anim" name="mixamorig_Spine1">
      <source id="mixamorig_Spine1-Matrix-animation-input">
        <float_array id="mixamorig_Spine1-Matrix-animation-input-array" count="35">

0.000000 0.033333 0.066667 0.100000 0.133333 0.166667 0.200000 0.233333 0.266667 0.300000 0.333333 0.366667 0.400000 0.433333 0.466667 0.500000
0.533333 0.566667 0.600000 0.633333 0.666667 0.700000 0.733333 0.766667 0.800000 0.833333 0.866667 0.900000 0.933333 0.966667 1.000000 1.033333
1.066667 1.100000 1.133333</float_array>
        <technique_common>
          <accessor source="#mixamorig_Spine1-Matrix-animation-input-array" count="35">
            <param name="TIME" type="float"/>
          </accessor>
        </technique_common>
      </source>
      <source id="mixamorig_Spine1-Matrix-animation-output-transform">
        <float_array id="mixamorig_Spine1-Matrix-animation-output-transform-array" count="560">

0.999701 0.022839 -0.008748 0.000000 -0.023033 0.999475 -0.022789 12.094200 0.008223 0.022984 0.999702 0.000000 0.000000 0.000000 0.000000 1.000000
0.999518 0.030309 -0.006676 0.000000 -0.030443 0.999317 -0.020948 12.094200 0.006036 0.021141 0.999758 0.000000 0.000000 0.000000 0.000000 1.000000
0.999296 0.037368 -0.003380 -0.000000 -0.037429 0.999095 -0.020228 12.094200 0.002621 0.020341 0.999790 0.000000 0.000000 0.000000 0.000000 1.000000
0.999161 0.040926 -0.001220 -0.000000 -0.040942 0.998954 -0.020358 12.094200 0.000385 0.020391 0.999792 0.000000 0.000000 0.000000 0.000000 1.000000
0.999086 0.042737 0.001156 0.000000 -0.042706 0.998890 -0.019873 12.094200 -0.002004 0.019805 0.999802 0.000000 0.000000 0.000000 0.000000 1.000000
0.999034 0.043496 0.006187 0.000000 -0.043369 0.998874 -0.019256 12.094200 -0.007017 0.018969 0.999795 -0.000000 0.000000 0.000000 0.000000 1.000000
0.999016 0.042810 0.011563 0.000000 -0.042582 0.998906 -0.019302 12.094200 -0.012377 0.018791 0.999747 0.000000 0.000000 0.000000 0.000000 1.000000
0.999004 0.042507 0.013573 0.000000 -0.042238 0.998916 -0.019546 12.094200 -0.014389 0.018954 0.999717 -0.000000 0.000000 0.000000 0.000000 1.000000
0.998999 0.042204 0.014857 0.000000 -0.041895 0.998912 -0.020487 12.094200 -0.015705 0.019844 0.999680 -0.000000 0.000000 0.000000 0.000000 1.000000
0.998996 0.041383 0.017156 0.000000 -0.041013 0.998929 -0.021426 12.094200 -0.018024 0.020701 0.999623 -0.000000 0.000000 0.000000 0.000000 1.000000
0.998975 0.040615 0.019981 -0.000000 -0.040182 0.998958 -0.021648 12.094200 -0.020840 0.020823 0.999566 0.000000 0.000000 0.000000 0.000000 1.000000
0.998951 0.039891 0.022499 -0.000000 -0.039408 0.998991 -0.021538 12.094200 -0.023335 0.020629 0.999515 0.000000 0.000000 0.000000 0.000000 1.000000
0.998913 0.038751 0.025906 0.000000 -0.038200 0.999040 -0.021425 12.094200 -0.026711 0.020412 0.999435 0.000000 0.000000 0.000000 0.000000 1.000000
0.998869 0.037416 0.029349 0.000000 -0.036799 0.999096 -0.021303 12.094200 -0.030119 0.020198 0.999342 0.000000 0.000000 0.000000 0.000000 1.000000
0.998883 0.034317 0.032470 0.000000 -0.033666 0.999226 -0.020365 12.094200 -0.033144 0.019249 0.999265 -0.000000 0.000000 0.000000 0.000000 1.000000
0.998915 0.029349 0.036154 0.000000 -0.028674 0.999408 -0.019024 12.094200 -0.036691 0.017967 0.999165 0.000000 0.000000 0.000000 0.000000 1.000000
0.998958 0.025152 0.038089 0.000000 -0.024472 0.999534 -0.018219 12.094200 -0.038529 0.017268 0.999108 0.000000 0.000000 0.000000 0.000000 1.000000
0.999061 0.022875 0.036786 0.000000 -0.022227 0.999592 -0.017941 12.094200 -0.037181 0.017107 0.999162 -0.000000 0.000000 0.000000 0.000000 1.000000
0.999265 0.021183 0.031936 0.000000 -0.020630 0.999633 -0.017531 12.094200 -0.032296 0.016859 0.999336 0.000000 0.000000 0.000000 0.000000 1.000000
0.999422 0.019091 0.028144 -0.000000 -0.018626 0.999687 -0.016681 12.094200 -0.028454 0.016147 0.999465 0.000000 0.000000 0.000000 0.000000 1.000000
0.999512 0.018305 0.025305 -0.000000 -0.017898 0.999708 -0.016252 12.094200 -0.025595 0.015791 0.999548 0.000000 0.000000 0.000000 0.000000 1.000000
0.999611 0.018131 0.021215 0.000000 -0.017754 0.999684 -0.017818 12.094200 -0.021532 0.017435 0.999616 0.000000 0.000000 0.000000 0.000000 1.000000
0.999692 0.017502 0.017615 0.000000 -0.017165 0.999670 -0.019096 12.094200 -0.017944 0.018787 0.999662 0.000000 0.000000 0.000000 0.000000 1.000000
0.999784 0.016068 0.013178 0.000000 -0.015809 0.999685 -0.019494 12.094200 -0.013487 0.019282 0.999723 -0.000000 0.000000 0.000000 0.000000 1.000000
0.999863 0.014127 0.008678 0.000000 -0.013950 0.999700 -0.020124 12.094200 -0.008960 0.020000 0.999760 0.000000 0.000000 0.000000 0.000000 1.000000
0.999906 0.012532 0.005502 0.000000 -0.012412 0.999697 -0.021251 12.094200 -0.005766 0.021180 0.999759 0.000000 0.000000 0.000000 0.000000 1.000000
0.999946 0.010162 0.001945 0.000000 -0.010115 0.999686 -0.022916 12.094200 -0.002177 0.022895 0.999736 0.000000 0.000000 0.000000 0.000000 1.000000
0.999967 0.007967 -0.001509 0.000000 -0.008001 0.999677 -0.024143 12.094200 0.001316 0.024154 0.999707 0.000000 0.000000 0.000000 0.000000 1.000000
0.999968 0.006890 -0.004048 -0.000000 -0.006988 0.999670 -0.024718 12.094200 0.003877 0.024745 0.999686 0.000000 0.000000 0.000000 0.000000 1.000000
0.999950 0.007116 -0.006999 0.000000 -0.007289 0.999662 -0.024957 12.094200 0.006819 0.025006 0.999664 -0.000000 0.000000 0.000000 0.000000 1.000000
0.999909 0.009727 -0.009350 -0.000000 -0.009954 0.999648 -0.024596 12.094200 0.009107 0.024687 0.999654 0.000000 0.000000 0.000000 0.000000 1.000000
0.999863 0.012718 -0.010553 0.000000 -0.012972 0.999617 -0.024438 12.094200 0.010238 0.024572 0.999646 0.000000 0.000000 0.000000 0.000000 1.000000
0.999823 0.015640 -0.010424 0.000000 -0.015882 0.999595 -0.023609 12.094200 0.010050 0.023770 0.999667 -0.000000 0.000000 0.000000 0.000000 1.000000
0.999759 0.019559 -0.009934 0.000000 -0.019779 0.999549 -0.022603 12.094200 0.009488 0.022794 0.999695 0.000000 0.000000 0.000000 0.000000 1.000000
0.999701 0.022839 -0.008748 0.000000 -0.023033 0.999475 -0.022789 12.094200 0.008223 0.022984 0.999702 0.000000 0.000000 0.000000 0.000000 1.000000</float_array>
        <technique_common>
          <accessor source="#mixamorig_Spine1-Matrix-animation-output-transform-array" count="35" stride="16">
            <param type="float4x4"/>
          </accessor>
        </technique_common>
      </source>
      <source id="mixamorig_Spine1-Interpolations">
        <Name_array id="mixamorig_Spine1-Interpolations-array" count="35">
 LINEAR LINEAR LINEAR LINEAR LINEAR LINEAR LINEAR LINEAR LINEAR LINEAR LINEAR
LINEAR LINEAR LINEAR LINEAR LINEAR LINEAR LINEAR LINEAR LINEAR LINEAR LINEAR LINEAR
LINEAR LINEAR LINEAR LINEAR LINEAR LINEAR LINEAR LINEAR LINEAR LINEAR LINEAR LINEAR</Name_array>
        <technique_common>
          <accessor source="#mixamorig_Spine1-Interpolations-array" count="35">
            <param type="name"/>
          </accessor>
        </technique_common>
      </source>
      <sampler id="mixamorig_Spine1-Matrix-animation-transform">
        <input semantic="INPUT" source="#mixamorig_Spine1-Matrix-animation-input"/>
        <input semantic="OUTPUT" source="#mixamorig_Spine1-Matrix-animation-output-transform"/>
        <input semantic="INTERPOLATION" source="#mixamorig_Spine1-Interpolations"/>
      </sampler>
      <channel source="#mixamorig_Spine1-Matrix-animation-transform" target="mixamorig_Spine1/matrix"/>
    </animation>
    <animation id="mixamorig_Spine2-anim" name="mixamorig_Spine2">
      <source id="mixamorig_Spine2-Matrix-animation-input">
        <float_array id="mixamorig_Spine2-Matrix-animation-input-array" count="35">

0.000000 0.033333 0.066667 0.100000 0.133333 0.166667 0.200000 0.233333 0.266667 0.300000 0.333333 0.366667 0.400000 0.433333 0.466667 0.500000
0.533333 0.566667 0.600000 0.633333 0.666667 0.700000 0.733333 0.766667 0.800000 0.833333 0.866667 0.900000 0.933333 0.966667 1.000000 1.033333
1.066667 1.100000 1.133333</float_array>
        <technique_common>
          <accessor source="#mixamorig_Spine2-Matrix-animation-input-array" count="35">
            <param name="TIME" type="float"/>
          </accessor>
        </technique_common>
      </source>
      <source id="mixamorig_Spine2-Matrix-animation-output-transform">
        <float_array id="mixamorig_Spine2-Matrix-animation-output-transform-array" count="560">

0.999714 0.022558 -0.007971 -0.000000 -0.022736 0.999478 -0.022954 13.821900 0.007449 0.023128 0.999705 0.000000 0.000000 0.000000 0.000000 1.000000
0.999533 0.030070 -0.005514 -0.000000 -0.030180 0.999321 -0.021145 13.821900 0.004875 0.021301 0.999761 -0.000000 0.000000 0.000000 0.000000 1.000000
0.999306 0.037196 -0.001785 -0.000000 -0.037225 0.999098 -0.020418 13.821900 0.001024 0.020471 0.999790 0.000000 0.000000 0.000000 0.000000 1.000000
0.999167 0.040805 0.000685 0.000000 -0.040783 0.998957 -0.020518 13.821900 -0.001521 0.020473 0.999789 -0.000000 0.000000 0.000000 0.000000 1.000000
0.999083 0.042685 0.003257 -0.000000 -0.042612 0.998892 -0.019971 13.821900 -0.004106 0.019814 0.999795 0.000000 0.000000 0.000000 0.000000 1.000000
0.999014 0.043588 0.008427 0.000000 -0.043419 0.998873 -0.019194 13.821900 -0.009254 0.018809 0.999780 0.000000 0.000000 0.000000 0.000000 1.000000
0.998976 0.043065 0.013847 -0.000000 -0.042798 0.998902 -0.019053 13.821900 -0.014653 0.018441 0.999723 -0.000000 0.000000 0.000000 0.000000 1.000000
0.998955 0.042848 0.015898 0.000000 -0.042540 0.998910 -0.019224 13.821900 -0.016705 0.018527 0.999689 0.000000 0.000000 0.000000 0.000000 1.000000
0.998944 0.042591 0.017219 0.000000 -0.042243 0.998905 -0.020122 13.821900 -0.018057 0.019374 0.999649 -0.000000 0.000000 0.000000 0.000000 1.000000
0.998933 0.041858 0.019520 0.000000 -0.041448 0.998920 -0.020992 13.821900 -0.020378 0.020161 0.999589 0.000000 0.000000 0.000000 0.000000 1.000000
0.998902 0.041179 0.022319 0.000000 -0.040708 0.998948 -0.021135 13.821900 -0.023166 0.020204 0.999527 0.000000 0.000000 0.000000 0.000000 1.000000
0.998870 0.040530 0.024837 0.000000 -0.040013 0.998979 -0.020966 13.821900 -0.025661 0.019948 0.999472 0.000000 0.000000 0.000000 0.000000 1.000000
0.998820 0.039492 0.028264 0.000000 -0.038913 0.999027 -0.020773 13.821900 -0.029057 0.019649 0.999385 -0.000000 0.000000 0.000000 0.000000 1.000000
0.998764 0.038261 0.031716 -0.000000 -0.037619 0.999080 -0.020574 13.821900 -0.032474 0.019356 0.999285 -0.000000 0.000000 0.000000 0.000000 1.000000
0.998775 0.035234 0.034733 0.000000 -0.034567 0.999210 -0.019602 13.821900 -0.035397 0.018378 0.999204 -0.000000 0.000000 0.000000 0.000000 1.000000
0.998808 0.030349 0.038234 -0.000000 -0.029669 0.999393 -0.018246 13.821900 -0.038764 0.017090 0.999102 0.000000 0.000000 0.000000 0.000000 1.000000
0.998855 0.026212 0.040032 0.000000 -0.025530 0.999522 -0.017463 13.821900 -0.040471 0.016421 0.999046 0.000000 0.000000 0.000000 0.000000 1.000000
0.998966 0.023920 0.038655 -0.000000 -0.023266 0.999580 -0.017277 13.821900 -0.039052 0.016359 0.999103 0.000000 0.000000 0.000000 0.000000 1.000000
0.999190 0.022088 0.033648 0.000000 -0.021526 0.999624 -0.016973 13.821900 -0.034011 0.016235 0.999290 0.000000 0.000000 0.000000 0.000000 1.000000
0.999361 0.019878 0.029694 0.000000 -0.019401 0.999680 -0.016255 13.821900 -0.030008 0.015668 0.999427 0.000000 0.000000 0.000000 0.000000 1.000000
0.999460 0.019017 0.026794 0.000000 -0.018595 0.999701 -0.015901 13.821900 -0.027089 0.015394 0.999515 0.000000 0.000000 0.000000 0.000000 1.000000
0.999569 0.018744 0.022578 0.000000 -0.018350 0.999678 -0.017548 13.821900 -0.022899 0.017126 0.999591 0.000000 0.000000 0.000000 0.000000 1.000000
0.999661 0.018013 0.018820 -0.000000 -0.017657 0.999665 -0.018902 13.821900 -0.019154 0.018563 0.999644 -0.000000 0.000000 0.000000 0.000000 1.000000
0.999764 0.016441 0.014188 0.000000 -0.016164 0.999682 -0.019374 13.821900 -0.014502 0.019140 0.999712 0.000000 0.000000 0.000000 0.000000 1.000000
0.999852 0.014360 0.009463 -0.000000 -0.014168 0.999698 -0.020062 13.821900 -0.009748 0.019925 0.999754 -0.000000 0.000000 0.000000 0.000000 1.000000
0.999901 0.012669 0.006104 0.000000 -0.012537 0.999696 -0.021216 13.821900 -0.006371 0.021137 0.999756 -0.000000 0.000000 0.000000 0.000000 1.000000
0.999945 0.010198 0.002342 -0.000000 -0.010142 0.999686 -0.022907 13.821900 -0.002574 0.022882 0.999735 0.000000 0.000000 0.000000 0.000000 1.000000
0.999968 0.007910 -0.001293 0.000000 -0.007939 0.999677 -0.024157 13.821900 0.001101 0.024167 0.999707 0.000000 0.000000 0.000000 0.000000 1.000000
0.999969 0.006768 -0.003942 0.000000 -0.006864 0.999670 -0.024751 13.821900 0.003773 0.024777 0.999686 0.000000 0.000000 0.000000 0.000000 1.000000
0.999952 0.006917 -0.006940 0.000000 -0.007089 0.999662 -0.025017 13.821900 0.006765 0.025065 0.999663 0.000000 0.000000 0.000000 0.000000 1.000000
0.999913 0.009462 -0.009230 0.000000 -0.009688 0.999648 -0.024694 13.821900 0.008993 0.024781 0.999652 0.000000 0.000000 0.000000 0.000000 1.000000
0.999870 0.012415 -0.010326 -0.000000 -0.012666 0.999618 -0.024567 13.821900 0.010017 0.024694 0.999645 0.000000 0.000000 0.000000 0.000000 1.000000
0.999832 0.015337 -0.010065 0.000000 -0.015572 0.999597 -0.023752 13.821900 0.009697 0.023905 0.999667 0.000000 0.000000 0.000000 0.000000 1.000000
0.999771 0.019260 -0.009375 -0.000000 -0.019469 0.999551 -0.022765 13.821900 0.008932 0.022942 0.999697 -0.000000 0.000000 0.000000 0.000000 1.000000
0.999714 0.022558 -0.007971 0.000000 -0.022736 0.999478 -0.022954 13.821900 0.007449 0.023128 0.999705 0.000000 0.000000 0.000000 0.000000 1.000000</float_array>
        <technique_common>
          <accessor source="#mixamorig_Spine2-Matrix-animation-output-transform-array" count="35" stride="16">
            <param type="float4x4"/>
          </accessor>
        </technique_common>
      </source>
      <source id="mixamorig_Spine2-Interpolations">
        <Name_array id="mixamorig_Spine2-Interpolations-array" count="35">
 LINEAR LINEAR LINEAR LINEAR LINEAR LINEAR LINEAR LINEAR LINEAR LINEAR LINEAR
LINEAR LINEAR LINEAR LINEAR LINEAR LINEAR LINEAR LINEAR LINEAR LINEAR LINEAR LINEAR
LINEAR LINEAR LINEAR LINEAR LINEAR LINEAR LINEAR LINEAR LINEAR LINEAR LINEAR LINEAR</Name_array>
        <technique_common>
          <accessor source="#mixamorig_Spine2-Interpolations-array" count="35">
            <param type="name"/>
          </accessor>
        </technique_common>
      </source>
      <sampler id="mixamorig_Spine2-Matrix-animation-transform">
        <input semantic="INPUT" source="#mixamorig_Spine2-Matrix-animation-input"/>
        <input semantic="OUTPUT" source="#mixamorig_Spine2-Matrix-animation-output-transform"/>
        <input semantic="INTERPOLATION" source="#mixamorig_Spine2-Interpolations"/>
      </sampler>
      <channel source="#mixamorig_Spine2-Matrix-animation-transform" target="mixamorig_Spine2/matrix"/>
    </animation>
    <animation id="mixamorig_Neck-anim" name="mixamorig_Neck">
      <source id="mixamorig_Neck-Matrix-animation-input">
        <float_array id="mixamorig_Neck-Matrix-animation-input-array" count="35">

0.000000 0.033333 0.066667 0.100000 0.133333 0.166667 0.200000 0.233333 0.266667 0.300000 0.333333 0.366667 0.400000 0.433333 0.466667 0.500000
0.533333 0.566667 0.600000 0.633333 0.666667 0.700000 0.733333 0.766667 0.800000 0.833333 0.866667 0.900000 0.933333 0.966667 1.000000 1.033333
1.066667 1.100000 1.133333</float_array>
        <technique_common>
          <accessor source="#mixamorig_Neck-Matrix-animation-input-array" count="35">
            <param name="TIME" type="float"/>
          </accessor>
        </technique_common>
      </source>
      <source id="mixamorig_Neck-Matrix-animation-output-transform">
        <float_array id="mixamorig_Neck-Matrix-animation-output-transform-array" count="560">

0.963184 0.030798 0.267073 0.000000 0.028100 0.976442 -0.213941 15.549600 -0.267370 0.213570 0.939628 -0.000000 0.000000 0.000000 0.000000 1.000000
0.962109 0.034941 0.270418 0.000000 0.021998 0.978576 -0.204708 15.549600 -0.271777 0.202900 0.940728 0.000000 0.000000 0.000000 0.000000 1.000000
0.961878 0.040142 0.270516 0.000000 0.016355 0.978955 -0.203421 15.549600 -0.272988 0.200090 0.940979 0.000000 0.000000 0.000000 0.000000 1.000000
0.961533 0.044077 0.271131 0.000000 0.012838 0.978752 -0.204644 15.549600 -0.274391 0.200253 0.940536 0.000000 0.000000 0.000000 0.000000 1.000000
0.962017 0.040183 0.270016 0.000000 0.016328 0.978867 -0.203845 15.549600 -0.272501 0.200511 0.941031 -0.000000 0.000000 0.000000 0.000000 1.000000
0.962953 0.036634 0.267169 0.000000 0.018948 0.979090 -0.202544 15.549600 -0.269002 0.200103 0.942123 -0.000000 0.000000 0.000000 0.000000 1.000000
0.963475 0.037364 0.265177 0.000000 0.017174 0.979559 -0.200420 15.549600 -0.267245 0.197654 0.943140 0.000000 0.000000 0.000000 0.000000 1.000000
0.963417 0.038449 0.265235 -0.000000 0.015622 0.979917 -0.198795 15.549600 -0.267551 0.195666 0.943468 0.000000 0.000000 0.000000 0.000000 1.000000
0.963787 0.039614 0.263715 0.000000 0.013709 0.980238 -0.197347 15.549600 -0.266321 0.193816 0.944197 0.000000 0.000000 0.000000 0.000000 1.000000
0.964298 0.040224 0.261745 0.000000 0.012147 0.980638 -0.195451 15.549600 -0.264539 0.191652 0.945139 -0.000000 0.000000 0.000000 0.000000 1.000000
0.964800 0.038305 0.260182 0.000000 0.013198 0.981037 -0.193371 15.549600 -0.262655 0.189998 0.945999 0.000000 0.000000 0.000000 0.000000 1.000000
0.965036 0.036237 0.259599 0.000000 0.014161 0.981743 -0.189682 15.549600 -0.261733 0.186727 0.946905 -0.000000 0.000000 0.000000 0.000000 1.000000
0.965293 0.033775 0.258974 0.000000 0.015137 0.982701 -0.184582 15.549600 -0.260729 0.182096 0.948083 0.000000 0.000000 0.000000 0.000000 1.000000
0.965236 0.029698 0.259687 -0.000000 0.016962 0.984313 -0.175612 15.549600 -0.260829 0.173911 0.949591 0.000000 0.000000 0.000000 0.000000 1.000000
0.964362 0.028803 0.263014 -0.000000 0.015935 0.985930 -0.166398 15.549600 -0.264106 0.164659 0.950334 -0.000000 0.000000 0.000000 0.000000 1.000000
0.963790 0.025183 0.265471 0.000000 0.018631 0.986738 -0.161245 15.549600 -0.266011 0.160353 0.950539 -0.000000 0.000000 0.000000 0.000000 1.000000
0.964250 0.019047 0.264310 0.000000 0.024859 0.986513 -0.161782 15.549600 -0.263827 0.162569 0.950772 0.000000 0.000000 0.000000 0.000000 1.000000
0.964925 0.014642 0.262116 0.000000 0.030308 0.985555 -0.166624 15.549600 -0.260770 0.168724 0.950543 0.000000 0.000000 0.000000 0.000000 1.000000
0.965203 0.013458 0.261156 -0.000000 0.034319 0.983519 -0.177520 15.549600 -0.259241 0.180306 0.948833 0.000000 0.000000 0.000000 0.000000 1.000000
0.965559 0.012013 0.259905 0.000000 0.038213 0.981553 -0.187333 15.549600 -0.257361 0.190813 0.947289 -0.000000 0.000000 0.000000 0.000000 1.000000
0.965094 0.004657 0.261862 -0.000000 0.045977 0.981302 -0.186901 15.549600 -0.257836 0.192417 0.946835 0.000000 0.000000 0.000000 0.000000 1.000000
0.964374 0.003952 0.264514 -0.000000 0.047025 0.981403 -0.186108 15.549600 -0.260330 0.191916 0.946254 -0.000000 0.000000 0.000000 0.000000 1.000000
0.964069 0.007057 0.265560 -0.000000 0.044487 0.981241 -0.187580 15.549600 -0.261902 0.192654 0.945670 0.000000 0.000000 0.000000 0.000000 1.000000
0.963746 0.011269 0.266583 0.000000 0.042137 0.980142 -0.193768 15.549600 -0.263473 0.197976 0.944133 -0.000000 0.000000 0.000000 0.000000 1.000000
0.963351 0.014069 0.267875 -0.000000 0.041658 0.978661 -0.201213 15.549600 -0.264990 0.204998 0.942208 0.000000 0.000000 0.000000 0.000000 1.000000
0.962963 0.013885 0.269277 0.000000 0.042960 0.978015 -0.204060 15.549600 -0.266190 0.208071 0.941196 0.000000 0.000000 0.000000 0.000000 1.000000
0.962794 0.012811 0.269934 0.000000 0.044511 0.977715 -0.205163 15.549600 -0.266547 0.209544 0.940768 -0.000000 0.000000 0.000000 0.000000 1.000000
0.962812 0.012739 0.269873 0.000000 0.045109 0.977287 -0.207064 15.549600 -0.266381 0.211537 0.940369 0.000000 0.000000 0.000000 0.000000 1.000000
0.962989 0.012038 0.269270 0.000000 0.046511 0.976595 -0.209999 15.549600 -0.265496 0.214751 0.939890 0.000000 0.000000 0.000000 0.000000 1.000000
0.963647 0.010789 0.266960 0.000000 0.047943 0.975983 -0.212503 15.549600 -0.262841 0.217577 0.939986 0.000000 0.000000 0.000000 0.000000 1.000000
0.964355 0.008774 0.264465 -0.000000 0.049036 0.976213 -0.211195 15.549600 -0.260027 0.216635 0.940986 -0.000000 0.000000 0.000000 0.000000 1.000000
0.964858 0.009872 0.262586 0.000000 0.046999 0.976697 -0.209413 15.549600 -0.258534 0.214395 0.941910 0.000000 0.000000 0.000000 0.000000 1.000000
0.965019 0.015174 0.261741 0.000000 0.042164 0.976347 -0.212058 15.549600 -0.258767 0.215676 0.941554 0.000000 0.000000 0.000000 0.000000 1.000000
0.964425 0.023104 0.263345 -0.000000 0.035244 0.976044 -0.214699 15.549600 -0.261997 0.216343 0.940507 -0.000000 0.000000 0.000000 0.000000 1.000000
0.963184 0.030798 0.267073 -0.000000 0.028100 0.976442 -0.213941 15.549600 -0.267370 0.213570 0.939628 0.000000 0.000000 0.000000 0.000000 1.000000</float_array>
        <technique_common>
          <accessor source="#mixamorig_Neck-Matrix-animation-output-transform-array" count="35" stride="16">
            <param type="float4x4"/>
          </accessor>
        </technique_common>
      </source>
      <source id="mixamorig_Neck-Interpolations">
        <Name_array id="mixamorig_Neck-Interpolations-array" count="35">
 LINEAR LINEAR LINEAR LINEAR LINEAR LINEAR LINEAR LINEAR LINEAR LINEAR LINEAR
LINEAR LINEAR LINEAR LINEAR LINEAR LINEAR LINEAR LINEAR LINEAR LINEAR LINEAR LINEAR
LINEAR LINEAR LINEAR LINEAR LINEAR LINEAR LINEAR LINEAR LINEAR LINEAR LINEAR LINEAR</Name_array>
        <technique_common>
          <accessor source="#mixamorig_Neck-Interpolations-array" count="35">
            <param type="name"/>
          </accessor>
        </technique_common>
      </source>
      <sampler id="mixamorig_Neck-Matrix-animation-transform">
        <input semantic="INPUT" source="#mixamorig_Neck-Matrix-animation-input"/>
        <input semantic="OUTPUT" source="#mixamorig_Neck-Matrix-animation-output-transform"/>
        <input semantic="INTERPOLATION" source="#mixamorig_Neck-Interpolations"/>
      </sampler>
      <channel source="#mixamorig_Neck-Matrix-animation-transform" target="mixamorig_Neck/matrix"/>
    </animation>
    <animation id="mixamorig_Head-anim" name="mixamorig_Head">
      <source id="mixamorig_Head-Matrix-animation-input">
        <float_array id="mixamorig_Head-Matrix-animation-input-array" count="35">

0.000000 0.033333 0.066667 0.100000 0.133333 0.166667 0.200000 0.233333 0.266667 0.300000 0.333333 0.366667 0.400000 0.433333 0.466667 0.500000
0.533333 0.566667 0.600000 0.633333 0.666667 0.700000 0.733333 0.766667 0.800000 0.833333 0.866667 0.900000 0.933333 0.966667 1.000000 1.033333
1.066667 1.100000 1.133333</float_array>
        <technique_common>
          <accessor source="#mixamorig_Head-Matrix-animation-input-array" count="35">
            <param name="TIME" type="float"/>
          </accessor>
        </technique_common>
      </source>
      <source id="mixamorig_Head-Matrix-animation-output-transform">
        <float_array id="mixamorig_Head-Matrix-animation-output-transform-array" count="560">

0.776768 0.104187 0.621109 -0.000000 -0.175807 0.982887 0.054994 8.837800 -0.604751 -0.151913 0.781792 4.542200 0.000000 0.000000 0.000000 1.000000
0.774330 0.095303 0.625564 0.000000 -0.172465 0.982952 0.063728 8.837800 -0.608826 -0.157234 0.777566 4.542200 0.000000 0.000000 0.000000 1.000000
0.774390 0.091808 0.626013 0.000000 -0.176029 0.981615 0.073793 8.837800 -0.607729 -0.167341 0.776313 4.542200 0.000000 0.000000 0.000000 1.000000
0.772581 0.089699 0.628548 0.000000 -0.181052 0.979991 0.082688 8.837800 -0.608554 -0.177683 0.773363 4.542200 0.000000 0.000000 0.000000 1.000000
0.771901 0.086847 0.629783 -0.000000 -0.184979 0.978446 0.091795 8.837800 -0.608236 -0.187353 0.771328 4.542200 0.000000 0.000000 0.000000 1.000000
0.775094 0.083992 0.626238 0.000000 -0.185334 0.977752 0.098250 8.837800 -0.604053 -0.192216 0.773416 4.542200 0.000000 0.000000 0.000000 1.000000
0.779787 0.079495 0.620977 -0.000000 -0.182451 0.977705 0.103949 8.837800 -0.598869 -0.194356 0.776905 4.542200 0.000000 0.000000 0.000000 1.000000
0.779891 0.077923 0.621047 -0.000000 -0.185126 0.976545 0.109949 8.837800 -0.597912 -0.200720 0.776024 4.542200 0.000000 0.000000 0.000000 1.000000
0.782516 0.079112 0.617584 0.000000 -0.188995 0.975276 0.114535 8.837800 -0.593253 -0.206346 0.778121 4.542200 0.000000 0.000000 0.000000 1.000000
