<?xml version="1.0" encoding="utf-8"?>
<COLLADA xmlns="http://www.collada.org/2005/11/COLLADASchema" version="1.4.1">
  <asset>
    <contributor>
      <author>Mixamo</author>
      <authoring_tool>COLLADA Mixamo exporter</authoring_tool>
      <comments/>
    </contributor>
    <created>2024-10-29T05:21:44Z</created>
    <modified>2024-10-29T05:21:44Z</modified>
    <revision/>
    <title/>
    <unit meter="0.010000"/>
    <up_axis>Y_UP</up_axis>
  </asset>
  <library_animations>
    <animation id="mixamorig_Hips-anim" name="mixamorig_Hips">
      <source id="mixamorig_Hips-Matrix-animation-input">
        <float_array id="mixamorig_Hips-Matrix-animation-input-array" count="36">

0.000000 0.033333 0.066667 0.100000 0.133333 0.166667 0.200000 0.233333 0.266667 0.300000 0.333333 0.366667 0.400000 0.433333 0.466667 0.500000
0.533333 0.566667 0.600000 0.633333 0.666667 0.700000 0.733333 0.766667 0.800000 0.833333 0.866667 0.900000 0.933333 0.966667 1.000000 1.033333
1.066667 1.100000 1.133333 1.166667</float_array>
        <technique_common>
          <accessor source="#mixamorig_Hips-Matrix-animation-input-array" count="36">
            <param name="TIME" type="float"/>
          </accessor>
        </technique_common>
      </source>
      <source id="mixamorig_Hips-Matrix-animation-output-transform">
        <float_array id="mixamorig_Hips-Matrix-animation-output-transform-array" count="576">

0.982567 0.053585 -0.178018 2.147962 -0.107999 0.943935 -0.311967 90.083603 0.151321 0.325754 0.933267 2.729961 0.000000 0.000000 0.000000 1.000000
0.971917 0.128063 -0.197425 3.387812 -0.201631 0.885760 -0.418060 87.391579 0.121333 0.446127 0.886707 20.724600 0.000000 0.000000 0.000000 1.000000
0.961898 0.203557 -0.182526 3.634254 -0.270742 0.802161 -0.532200 81.564621 0.038082 0.561340 0.826709 40.520885 0.000000 0.000000 0.000000 1.000000
0.953304 0.260735 -0.152408 3.707722 -0.295297 0.698895 -0.651419 74.735245 -0.063331 0.666006 0.743253 58.978172 0.000000 0.000000 0.000000 1.000000
0.945880 0.297774 -0.129004 3.564136 -0.286307 0.578593 -0.763714 69.764175 -0.152773 0.759316 0.632534 77.208298 0.000000 0.000000 0.000000 1.000000
0.940451 0.316762 -0.123342 2.968596 -0.261281 0.441490 -0.858382 67.018707 -0.217448 0.839493 0.497963 97.111740 0.000000 0.000000 0.000000 1.000000
0.928743 0.339182 -0.149640 2.673516 -0.253537 0.286634 -0.923883 67.085594 -0.270473 0.895989 0.352204 116.952202 0.000000 0.000000 0.000000 1.000000
0.905787 0.366556 -0.212570 3.226569 -0.274272 0.124790 -0.953521 68.444046 -0.322993 0.921989 0.213570 136.146622 0.000000 0.000000 0.000000 1.000000
0.903486 0.371923 -0.213043 3.881210 -0.220593 -0.022682 -0.975102 70.365036 -0.367495 0.927987 0.061550 157.712173 0.000000 0.000000 0.000000 1.000000
0.919154 0.367183 -0.142593 4.869801 -0.094212 -0.146566 -0.984704 71.639511 -0.382466 0.918529 -0.100124 180.084381 0.000000 0.000000 0.000000 1.000000
0.927743 0.370921 -0.041362 5.532259 0.051890 -0.237941 -0.969893 71.176987 -0.369595 0.897665 -0.239995 201.475906 0.000000 0.000000 0.000000 1.000000
0.919487 0.383154 0.087960 5.635498 0.214853 -0.302413 -0.928647 70.141319 -0.329215 0.872777 -0.360387 221.697037 0.000000 0.000000 0.000000 1.000000
0.886913 0.408612 0.215458 5.479890 0.371638 -0.354149 -0.858175 68.670219 -0.274356 0.841198 -0.465955 241.319046 0.000000 0.000000 0.000000 1.000000
0.831912 0.447456 0.328184 5.378292 0.515398 -0.403891 -0.755803 67.282852 -0.205638 0.797907 -0.566620 261.531616 0.000000 0.000000 0.000000 1.000000
0.756374 0.495836 0.426668 4.295945 0.646988 -0.470870 -0.599740 65.961494 -0.096468 0.729677 -0.676953 283.761322 0.000000 0.000000 0.000000 1.000000
0.682583 0.517621 0.515896 2.857026 0.725934 -0.561635 -0.396971 63.990929 0.084265 0.645473 -0.759121 308.460999 0.000000 0.000000 0.000000 1.000000
0.606254 0.535399 0.588051 0.273576 0.740321 -0.650034 -0.171405 58.449718 0.290483 0.539262 -0.790453 333.316345 0.000000 0.000000 0.000000 1.000000
0.543702 0.549357 0.634503 -1.760583 0.649634 -0.754128 0.096261 49.741489 0.531378 0.359858 -0.766902 354.751770 0.000000 0.000000 0.000000 1.000000
0.485634 0.575371 0.658110 -3.565053 0.410123 -0.814812 0.409733 40.183788 0.771984 0.070926 -0.631673 373.305237 0.000000 0.000000 0.000000 1.000000
0.440672 0.605902 0.662337 -5.042401 0.028164 -0.746811 0.664440 28.818598 0.897226 -0.274146 -0.346163 389.985779 0.000000 0.000000 0.000000 1.000000
0.422912 0.631672 0.649720 -6.332330 -0.359661 -0.541094 0.760172 19.747705 0.831739 -0.555164 -0.001648 405.050201 0.000000 0.000000 0.000000 1.000000
0.430778 0.630210 0.645961 -8.089960 -0.661298 -0.266632 0.701136 12.103998 0.614097 -0.729207 0.301897 416.842773 0.000000 0.000000 0.000000 1.000000
0.455643 0.576771 0.678030 -9.778265 -0.838001 0.021020 0.545264 12.462776 0.300240 -0.816635 0.492913 426.747437 0.000000 0.000000 0.000000 1.000000
0.465159 0.485126 0.740459 -11.063997 -0.881841 0.327031 0.339716 15.810463 -0.077348 -0.810989 0.579926 433.975067 0.000000 0.000000 0.000000 1.000000
0.432719 0.400127 0.807869 -11.552279 -0.790283 0.599576 0.126337 19.289108 -0.433828 -0.693114 0.575662 440.924805 0.000000 0.000000 0.000000 1.000000
0.369670 0.344649 0.862880 -11.649292 -0.612980 0.788367 -0.052277 21.409153 -0.698283 -0.509603 0.502698 449.702118 0.000000 0.000000 0.000000 1.000000
0.326666 0.299957 0.896278 -11.987694 -0.436012 0.889193 -0.138673 24.165291 -0.838560 -0.345489 0.421254 461.412415 0.000000 0.000000 0.000000 1.000000
0.327094 0.261005 0.908232 -12.924072 -0.309419 0.937701 -0.158038 29.089628 -0.892899 -0.229331 0.387477 474.305817 0.000000 0.000000 0.000000 1.000000
0.372265 0.227735 0.899753 -13.642286 -0.228785 0.962031 -0.148840 36.980270 -0.899486 -0.150442 0.410233 486.198029 0.000000 0.000000 0.000000 1.000000
0.462346 0.199372 0.863995 -12.947835 -0.163462 0.976858 -0.137943 46.187950 -0.871502 -0.077453 0.484236 497.420135 0.000000 0.000000 0.000000 1.000000
0.586199 0.174510 0.791149 -11.741045 -0.106198 0.984651 -0.138505 55.030857 -0.803176 -0.002827 0.595735 509.367004 0.000000 0.000000 0.000000 1.000000
0.723615 0.155652 0.672424 -10.231199 -0.065576 0.985337 -0.157517 63.042095 -0.687082 0.069887 0.723211 521.586548 0.000000 0.000000 0.000000 1.000000
0.870871 0.137265 0.471955 -7.137647 -0.047310 0.979163 -0.197486 70.463402 -0.489229 0.149657 0.859219 533.918701 0.000000 0.000000 0.000000 1.000000
0.970210 0.110845 0.215420 -3.444934 -0.056747 0.968432 -0.242731 78.091675 -0.235525 0.223276 0.945873 546.389771 0.000000 0.000000 0.000000 1.000000
0.995971 0.076911 -0.046112 0.309318 -0.086941 0.954165 -0.286374 85.635941 0.021973 0.289229 0.957008 558.805725 0.000000 0.000000 0.000000 1.000000
0.964657 0.032834 -0.261456 3.577332 -0.121412 0.935995 -0.330412 93.437790 0.233872 0.350478 0.906901 571.343872 0.000000 0.000000 0.000000 1.000000</float_array>
        <technique_common>
          <accessor source="#mixamorig_Hips-Matrix-animation-output-transform-array" count="36" stride="16">
            <param type="float4x4"/>
          </accessor>
        </technique_common>
      </source>
      <source id="mixamorig_Hips-Interpolations">
        <Name_array id="mixamorig_Hips-Interpolations-array" count="36">
 LINEAR LINEAR LINEAR LINEAR LINEAR LINEAR LINEAR LINEAR LINEAR LINEAR LINEAR
LINEAR LINEAR LINEAR LINEAR LINEAR LINEAR LINEAR LINEAR LINEAR LINEAR LINEAR LINEAR
LINEAR LINEAR LINEAR LINEAR LINEAR LINEAR LINEAR LINEAR LINEAR LINEAR LINEAR LINEAR
LINEAR</Name_array>
        <technique_common>
          <accessor source="#mixamorig_Hips-Interpolations-array" count="36">
            <param type="name"/>
          </accessor>
        </technique_common>
      </source>
      <sampler id="mixamorig_Hips-Matrix-animation-transform">
        <input semantic="INPUT" source="#mixamorig_Hips-Matrix-animation-input"/>
        <input semantic="OUTPUT" source="#mixamorig_Hips-Matrix-animation-output-transform"/>
        <input semantic="INTERPOLATION" source="#mixamorig_Hips-Interpolations"/>
      </sampler>
      <channel source="#mixamorig_Hips-Matrix-animation-transform" target="mixamorig_Hips/matrix"/>
    </animation>
    <animation id="mixamorig_Spine-anim" name="mixamorig_Spine">
      <source id="mixamorig_Spine-Matrix-animation-input">
        <float_array id="mixamorig_Spine-Matrix-animation-input-array" count="36">

0.000000 0.033333 0.066667 0.100000 0.133333 0.166667 0.200000 0.233333 0.266667 0.300000 0.333333 0.366667 0.400000 0.433333 0.466667 0.500000
0.533333 0.566667 0.600000 0.633333 0.666667 0.700000 0.733333 0.766667 0.800000 0.833333 0.866667 0.900000 0.933333 0.966667 1.000000 1.033333
1.066667 1.100000 1.133333 1.166667</float_array>
        <technique_common>
          <accessor source="#mixamorig_Spine-Matrix-animation-input-array" count="36">
            <param name="TIME" type="float"/>
          </accessor>
        </technique_common>
      </source>
      <source id="mixamorig_Spine-Matrix-animation-output-transform">
        <float_array id="mixamorig_Spine-Matrix-animation-output-transform-array" count="576">

0.994387 -0.086882 0.060379 0.004700 0.089623 0.994991 -0.044282 5.245300 -0.056229 0.049445 0.997193 0.258800 0.000000 0.000000 0.000000 1.000000
0.997096 -0.062927 0.042891 0.004700 0.064333 0.997408 -0.032230 5.245300 -0.040752 0.034896 0.998560 0.258800 0.000000 0.000000 0.000000 1.000000
0.998622 -0.049230 0.018160 0.004700 0.049582 0.998581 -0.019458 5.245300 -0.017176 0.020332 0.999646 0.258800 0.000000 0.000000 0.000000 1.000000
0.999400 -0.033131 -0.010097 0.004700 0.033040 0.999413 -0.009090 5.245300 0.010393 0.008751 0.999908 0.258800 0.000000 0.000000 0.000000 1.000000
0.999121 -0.017397 -0.038145 0.004700 0.017446 0.999847 0.000953 5.245300 0.038122 -0.001618 0.999272 0.258800 0.000000 0.000000 0.000000 1.000000
0.997906 -0.000426 -0.064686 0.004700 0.001425 0.999880 0.015407 5.245300 0.064672 -0.015467 0.997787 0.258800 0.000000 0.000000 0.000000 1.000000
0.996941 0.002786 -0.078102 0.004700 -0.000165 0.999437 0.033538 5.245300 0.078152 -0.033422 0.996381 0.258800 0.000000 0.000000 0.000000 1.000000
0.997960 -0.005282 -0.063619 0.004700 0.008470 0.998716 0.049944 5.245300 0.063273 -0.050381 0.996724 0.258800 0.000000 0.000000 0.000000 1.000000
0.998829 -0.005230 -0.048101 0.004700 0.008186 0.998077 0.061448 5.245300 0.047687 -0.061769 0.996951 0.258800 0.000000 0.000000 0.000000 1.000000
0.999446 -0.017302 -0.028437 0.004700 0.019165 0.997594 0.066619 5.245300 0.027216 -0.067127 0.997373 0.258800 0.000000 0.000000 0.000000 1.000000
0.999511 -0.027446 -0.014990 0.004700 0.028369 0.997464 0.065271 5.245300 0.013161 -0.065664 0.997755 0.258800 0.000000 0.000000 0.000000 1.000000
0.999432 -0.025725 -0.021755 0.004700 0.026956 0.997936 0.058293 5.245300 0.020210 -0.058846 0.998062 0.258800 0.000000 0.000000 0.000000 1.000000
0.999136 -0.027885 -0.030818 0.004700 0.029494 0.998156 0.053054 5.245300 0.029282 -0.053917 0.998116 0.258800 0.000000 0.000000 0.000000 1.000000
0.998540 -0.039609 -0.036721 0.004700 0.041419 0.997894 0.049925 5.245300 0.034666 -0.051373 0.998078 0.258800 0.000000 0.000000 0.000000 1.000000
0.997965 -0.044040 -0.046120 0.004700 0.046003 0.998042 0.042381 5.245300 0.044163 -0.044417 0.998036 0.258800 0.000000 0.000000 0.000000 1.000000
0.998596 -0.022888 -0.047782 0.004700 0.024181 0.999352 0.026672 5.245300 0.047140 -0.027790 0.998502 0.258800 0.000000 0.000000 0.000000 1.000000
0.999468 0.000087 -0.032627 0.004700 0.000029 0.999994 0.003557 5.245300 0.032627 -0.003556 0.999461 0.258800 0.000000 0.000000 0.000000 1.000000
0.999855 0.010105 -0.013706 0.004700 -0.010435 0.999652 -0.024229 5.245300 0.013457 0.024369 0.999612 0.258800 0.000000 0.000000 0.000000 1.000000
0.999913 0.009044 -0.009572 0.004700 -0.009578 0.998307 -0.057364 5.245300 0.009037 0.057451 0.998307 0.258800 0.000000 0.000000 0.000000 1.000000
0.999436 0.005573 -0.033128 0.004700 -0.008471 0.996087 -0.087968 5.245300 0.032508 0.088199 0.995572 0.258800 0.000000 0.000000 0.000000 1.000000
0.998274 -0.010553 -0.057777 0.004700 0.004836 0.995154 -0.098208 5.245300 0.058534 0.097759 0.993487 0.258800 0.000000 0.000000 0.000000 1.000000
0.996859 -0.034596 -0.071242 0.004700 0.028131 0.995559 -0.089837 5.245300 0.074033 0.087551 0.993405 0.258800 0.000000 0.000000 0.000000 1.000000
0.996017 -0.053585 -0.071265 0.004700 0.048042 0.995847 -0.077339 5.245300 0.075114 0.073608 0.994455 0.258800 0.000000 0.000000 0.000000 1.000000
0.996319 -0.053146 -0.067264 0.004700 0.048653 0.996582 -0.066757 5.245300 0.070582 0.063238 0.995499 0.258800 0.000000 0.000000 0.000000 1.000000
0.996701 -0.050865 -0.063250 0.004700 0.046853 0.996890 -0.063360 5.245300 0.066276 0.060188 0.995984 0.258800 0.000000 0.000000 0.000000 1.000000
0.996366 -0.054892 -0.065123 0.004700 0.050672 0.996613 -0.064763 5.245300 0.068457 0.061227 0.995773 0.258800 0.000000 0.000000 0.000000 1.000000
0.995751 -0.057818 -0.071672 0.004700 0.052911 0.996242 -0.068567 5.245300 0.075367 0.064483 0.995069 0.258800 0.000000 0.000000 0.000000 1.000000
0.994466 -0.069954 -0.078377 0.004700 0.064083 0.995117 -0.075069 5.245300 0.083246 0.069631 0.994093 0.258800 0.000000 0.000000 0.000000 1.000000
0.992098 -0.092799 -0.084442 0.004700 0.085804 0.992849 -0.083003 5.245300 0.091541 0.075101 0.992965 0.258800 0.000000 0.000000 0.000000 1.000000
0.990372 -0.106886 -0.087973 0.004700 0.099001 0.991047 -0.089585 5.245300 0.096761 0.080013 0.992086 0.258800 0.000000 0.000000 0.000000 1.000000
0.989734 -0.118641 -0.079693 0.004700 0.111032 0.989366 -0.093950 5.245300 0.089992 0.084137 0.992382 0.258800 0.000000 0.000000 0.000000 1.000000
0.989260 -0.132704 -0.061276 0.004700 0.126611 0.987446 -0.094444 5.245300 0.073040 0.085671 0.993643 0.258800 0.000000 0.000000 0.000000 1.000000
0.991149 -0.128931 -0.031633 0.004700 0.125953 0.988573 -0.082827 5.245300 0.041951 0.078109 0.996062 0.258800 0.000000 0.000000 0.000000 1.000000
0.993606 -0.112897 0.001184 0.004700 0.112722 0.991364 -0.067014 5.245300 0.006392 0.066719 0.997751 0.258800 0.000000 0.000000 0.000000 1.000000
0.994735 -0.095421 0.037381 0.004700 0.097303 0.993882 -0.052258 5.245300 -0.032166 0.055620 0.997934 0.258800 0.000000 0.000000 0.000000 1.000000
0.993951 -0.080134 0.075106 0.004700 0.083219 0.995772 -0.038887 5.245300 -0.071672 0.044902 0.996417 0.258800 0.000000 0.000000 0.000000 1.000000</float_array>
        <technique_common>
          <accessor source="#mixamorig_Spine-Matrix-animation-output-transform-array" count="36" stride="16">
            <param type="float4x4"/>
          </accessor>
        </technique_common>
      </source>
      <source id="mixamorig_Spine-Interpolations">
        <Name_array id="mixamorig_Spine-Interpolations-array" count="36">
 LINEAR LINEAR LINEAR LINEAR LINEAR LINEAR LINEAR LINEAR LINEAR LINEAR LINEAR
LINEAR LINEAR LINEAR LINEAR LINEAR LINEAR LINEAR LINEAR LINEAR LINEAR LINEAR LINEAR
LINEAR LINEAR LINEAR LINEAR LINEAR LINEAR LINEAR LINEAR LINEAR LINEAR LINEAR LINEAR
LINEAR</Name_array>
        <technique_common>
          <accessor source="#mixamorig_Spine-Interpolations-array" count="36">
            <param type="name"/>
          </accessor>
        </technique_common>
      </source>
      <sampler id="mixamorig_Spine-Matrix-animation-transform">
        <input semantic="INPUT" source="#mixamorig_Spine-Matrix-animation-input"/>
        <input semantic="OUTPUT" source="#mixamorig_Spine-Matrix-animation-output-transform"/>
        <input semantic="INTERPOLATION" source="#mixamorig_Spine-Interpolations"/>
      </sampler>
      <channel source="#mixamorig_Spine-Matrix-animation-transform" target="mixamorig_Spine/matrix"/>
    </animation>
    <animation id="mixamorig_Spine1-anim" name="mixamorig_Spine1">
      <source id="mixamorig_Spine1-Matrix-animation-input">
        <float_array id="mixamorig_Spine1-Matrix-animation-input-array" count="36">

0.000000 0.033333 0.066667 0.100000 0.133333 0.166667 0.200000 0.233333 0.266667 0.300000 0.333333 0.366667 0.400000 0.433333 0.466667 0.500000
0.533333 0.566667 0.600000 0.633333 0.666667 0.700000 0.733333 0.766667 0.800000 0.833333 0.866667 0.900000 0.933333 0.966667 1.000000 1.033333
1.066667 1.100000 1.133333 1.166667</float_array>
        <technique_common>
          <accessor source="#mixamorig_Spine1-Matrix-animation-input-array" count="36">
            <param name="TIME" type="float"/>
          </accessor>
        </technique_common>
      </source>
      <source id="mixamorig_Spine1-Matrix-animation-output-transform">
        <float_array id="mixamorig_Spine1-Matrix-animation-output-transform-array" count="576">

0.989878 -0.092869 0.107321 0.000000 0.108004 0.983502 -0.145119 11.066900 -0.092074 0.155241 0.983576 -0.000000 0.000000 0.000000 0.000000 1.000000
0.995384 -0.069181 0.066519 0.000000 0.076836 0.989747 -0.120405 11.066900 -0.057507 0.124961 0.990494 0.000000 0.000000 0.000000 0.000000 1.000000
0.999188 -0.035682 0.018688 0.000000 0.037298 0.994802 -0.094752 11.066900 -0.015210 0.095372 0.995326 -0.000000 0.000000 0.000000 0.000000 1.000000
0.999337 -0.016918 -0.032241 -0.000000 0.014533 0.997239 -0.072827 11.066900 0.033384 0.072310 0.996823 -0.000000 0.000000 0.000000 0.000000 1.000000
0.996618 -0.019897 -0.079734 0.000000 0.015689 0.998468 -0.053059 11.066900 0.080667 0.051628 0.995403 0.000000 0.000000 0.000000 0.000000 1.000000
0.993243 -0.025039 -0.113323 0.000000 0.022157 0.999400 -0.026620 11.066900 0.113922 0.023930 0.993201 0.000000 0.000000 0.000000 0.000000 1.000000
0.992194 -0.017287 -0.123501 0.000000 0.018603 0.999782 0.009512 11.066900 0.123310 -0.011736 0.992299 -0.000000 0.000000 0.000000 0.000000 1.000000
0.994139 -0.006466 -0.107915 0.000000 0.011322 0.998947 0.044450 11.066900 0.107514 -0.045411 0.993166 0.000000 0.000000 0.000000 0.000000 1.000000
0.995730 0.002514 -0.092275 0.000000 0.003789 0.997674 0.068060 11.066900 0.092232 -0.068119 0.993405 0.000000 0.000000 0.000000 0.000000 1.000000
0.996227 0.005308 -0.086628 0.000000 0.001580 0.996853 0.079253 11.066900 0.086776 -0.079091 0.993083 0.000000 0.000000 0.000000 0.000000 1.000000
0.995958 0.004543 -0.089702 0.000000 0.002376 0.997038 0.076878 11.066900 0.089786 -0.076781 0.992997 0.000000 0.000000 0.000000 0.000000 1.000000
0.994673 0.003860 -0.103011 0.000000 0.002664 0.998002 0.063119 11.066900 0.103049 -0.063057 0.992676 0.000000 0.000000 0.000000 0.000000 1.000000
0.991608 0.000921 -0.129276 0.000000 0.005993 0.998572 0.053087 11.066900 0.129141 -0.053416 0.990187 0.000000 0.000000 0.000000 0.000000 1.000000
0.986886 -0.004489 -0.161356 -0.000000 0.012395 0.998769 0.048024 11.066900 0.160942 -0.049394 0.985727 0.000000 0.000000 0.000000 0.000000 1.000000
0.983651 -0.003349 -0.180053 -0.000000 0.009689 0.999363 0.034346 11.066900 0.179824 -0.035529 0.983057 0.000000 0.000000 0.000000 0.000000 1.000000
0.985624 0.014166 -0.168361 -0.000000 -0.013964 0.999900 0.002387 11.066900 0.168378 -0.000002 0.985722 0.000000 0.000000 0.000000 0.000000 1.000000
0.990318 0.040635 -0.132734 0.000000 -0.046919 0.997905 -0.044556 11.066900 0.130645 0.050352 0.990150 0.000000 0.000000 0.000000 0.000000 1.000000
0.994420 0.050734 -0.092490 -0.000000 -0.060072 0.993057 -0.101138 11.066900 0.086716 0.106130 0.990564 -0.000000 0.000000 0.000000 0.000000 1.000000
0.997695 0.033577 -0.058963 0.000000 -0.043084 0.984811 -0.168198 11.066900 0.052420 0.170351 0.983988 0.000000 0.000000 0.000000 0.000000 1.000000
0.998996 -0.000391 -0.044808 0.000000 -0.009915 0.973249 -0.229541 11.066900 0.043699 0.229755 0.972267 0.000000 0.000000 0.000000 0.000000 1.000000
0.997034 -0.045286 -0.062235 0.000000 0.028284 0.967585 -0.250959 11.066900 0.071582 0.248454 0.965995 -0.000000 0.000000 0.000000 0.000000 1.000000
0.991149 -0.101934 -0.085042 -0.000000 0.079266 0.968314 -0.236823 11.066900 0.106488 0.227987 0.967824 0.000000 0.000000 0.000000 0.000000 1.000000
0.985249 -0.146790 -0.087961 0.000000 0.125224 0.968763 -0.214049 11.066900 0.116633 0.199877 0.972854 -0.000000 0.000000 0.000000 0.000000 1.000000
0.984848 -0.149162 -0.088457 -0.000000 0.129912 0.972470 -0.193454 11.066900 0.114878 0.179031 0.977114 0.000000 0.000000 0.000000 0.000000 1.000000
0.985760 -0.138112 -0.095927 0.000000 0.118527 0.975329 -0.186240 11.066900 0.119282 0.172218 0.977810 0.000000 0.000000 0.000000 0.000000 1.000000
0.985414 -0.134407 -0.104374 0.000000 0.113096 0.975541 -0.188492 11.066900 0.127156 0.173939 0.976513 0.000000 0.000000 0.000000 0.000000 1.000000
0.984111 -0.136520 -0.113522 0.000000 0.112505 0.974101 -0.196137 11.066900 0.137359 0.180249 0.973983 0.000000 0.000000 0.000000 0.000000 1.000000
0.981243 -0.149719 -0.121436 -0.000000 0.122195 0.970276 -0.208885 11.066900 0.149100 0.190128 0.970371 0.000000 0.000000 0.000000 0.000000 1.000000
0.977342 -0.168794 -0.127716 0.000000 0.137475 0.964995 -0.223349 11.066900 0.160946 0.200730 0.966335 0.000000 0.000000 0.000000 0.000000 1.000000
0.972951 -0.190446 -0.130752 0.000000 0.155928 0.959022 -0.236564 11.066900 0.170447 0.209778 0.962778 0.000000 0.000000 0.000000 0.000000 1.000000
0.969180 -0.210560 -0.127889 -0.000000 0.174758 0.953510 -0.245515 11.066900 0.173639 0.215598 0.960920 -0.000000 0.000000 0.000000 0.000000 1.000000
0.968311 -0.222339 -0.113748 0.000000 0.189432 0.950670 -0.245647 11.066900 0.162754 0.216315 0.962662 -0.000000 0.000000 0.000000 0.000000 1.000000
0.976364 -0.205085 -0.068219 0.000000 0.185620 0.957348 -0.221429 11.066900 0.110721 0.203532 0.972787 0.000000 0.000000 0.000000 0.000000 1.000000
0.985759 -0.168057 -0.006073 0.000000 0.163903 0.968216 -0.188928 11.066900 0.037631 0.185242 0.981972 0.000000 0.000000 0.000000 0.000000 1.000000
0.990421 -0.121318 0.065948 0.000000 0.130489 0.978515 -0.159628 11.066900 -0.045166 0.166704 0.984972 0.000000 0.000000 0.000000 0.000000 1.000000
0.988016 -0.072616 0.136203 0.000000 0.091225 0.986530 -0.135783 11.066900 -0.124509 0.146581 0.981332 0.000000 0.000000 0.000000 0.000000 1.000000</float_array>
        <technique_common>
          <accessor source="#mixamorig_Spine1-Matrix-animation-output-transform-array" count="36" stride="16">
            <param type="float4x4"/>
          </accessor>
        </technique_common>
      </source>
      <source id="mixamorig_Spine1-Interpolations">
        <Name_array id="mixamorig_Spine1-Interpolations-array" count="36">
 LINEAR LINEAR LINEAR LINEAR LINEAR LINEAR LINEAR LINEAR LINEAR LINEAR LINEAR
LINEAR LINEAR LINEAR LINEAR LINEAR LINEAR LINEAR LINEAR LINEAR LINEAR LINEAR LINEAR
LINEAR LINEAR LINEAR LINEAR LINEAR LINEAR LINEAR LINEAR LINEAR LINEAR LINEAR LINEAR
LINEAR</Name_array>
        <technique_common>
          <accessor source="#mixamorig_Spine1-Interpolations-array" count="36">
            <param type="name"/>
          </accessor>
        </technique_common>
      </source>
      <sampler id="mixamorig_Spine1-Matrix-animation-transform">
        <input semantic="INPUT" source="#mixamorig_Spine1-Matrix-animation-input"/>
        <input semantic="OUTPUT" source="#mixamorig_Spine1-Matrix-animation-output-transform"/>
        <input semantic="INTERPOLATION" source="#mixamorig_Spine1-Interpolations"/>
      </sampler>
      <channel source="#mixamorig_Spine1-Matrix-animation-transform" target="mixamorig_Spine1/matrix"/>
    </animation>
    <animation id="mixamorig_Spine2-anim" name="mixamorig_Spine2">
      <source id="mixamorig_Spine2-Matrix-animation-input">
        <float_array id="mixamorig_Spine2-Matrix-animation-input-array" count="36">

0.000000 0.033333 0.066667 0.100000 0.133333 0.166667 0.200000 0.233333 0.266667 0.300000 0.333333 0.366667 0.400000 0.433333 0.466667 0.500000
0.533333 0.566667 0.600000 0.633333 0.666667 0.700000 0.733333 0.766667 0.800000 0.833333 0.866667 0.900000 0.933333 0.966667 1.000000 1.033333
1.066667 1.100000 1.133333 1.166667</float_array>
        <technique_common>
          <accessor source="#mixamorig_Spine2-Matrix-animation-input-array" count="36">
            <param name="TIME" type="float"/>
          </accessor>
        </technique_common>
      </source>
      <source id="mixamorig_Spine2-Matrix-animation-output-transform">
        <float_array id="mixamorig_Spine2-Matrix-animation-output-transform-array" count="576">

0.989878 -0.077698 0.118766 0.000000 0.114257 0.932681 -0.342127 8.141900 -0.084188 0.352234 0.932118 0.000000 0.000000 0.000000 0.000000 1.000000
0.995384 -0.059674 0.075165 -0.000000 0.080718 0.944209 -0.319302 8.141900 -0.051918 0.323895 0.944667 0.000000 0.000000 0.000000 0.000000 1.000000
0.999188 -0.032866 0.023288 0.000000 0.038282 0.954657 -0.295235 8.141900 -0.012529 0.295887 0.955141 0.000000 0.000000 0.000000 0.000000 1.000000
0.999337 -0.021073 -0.029692 0.000000 0.012130 0.961593 -0.274210 8.141900 0.034330 0.273668 0.961211 -0.000000 0.000000 0.000000 0.000000 1.000000
0.996618 -0.030371 -0.076361 0.000000 0.009933 0.966909 -0.254928 8.141900 0.081576 0.253308 0.963940 0.000000 0.000000 0.000000 0.000000 1.000000
0.993243 -0.039954 -0.108962 0.000000 0.014028 0.973320 -0.229024 8.141900 0.115205 0.225948 0.967303 0.000000 0.000000 0.000000 0.000000 1.000000
0.992194 -0.033632 -0.120085 0.000000 0.009818 0.981025 -0.193631 8.141900 0.124318 0.190940 0.973697 0.000000 0.000000 0.000000 0.000000 1.000000
0.994139 -0.020825 -0.106084 -0.000000 0.003674 0.987213 -0.159363 8.141900 0.108046 0.158039 0.981504 0.000000 0.000000 0.000000 0.000000 1.000000
0.995730 -0.009837 -0.091784 0.000000 -0.002757 0.990693 -0.136084 8.141900 0.092268 0.135756 0.986436 0.000000 0.000000 0.000000 0.000000 1.000000
0.996227 -0.006313 -0.086561 0.000000 -0.004573 0.992147 -0.124991 8.141900 0.086670 0.124915 0.988375 -0.000000 0.000000 0.000000 0.000000 1.000000
0.995958 -0.007482 -0.089505 -0.000000 -0.003992 0.991852 -0.127336 8.141900 0.089729 0.127178 0.987813 0.000000 0.000000 0.000000 0.000000 1.000000
0.994673 -0.009937 -0.102603 0.000000 -0.004645 0.990011 -0.140913 8.141900 0.102978 0.140639 0.984691 0.000000 0.000000 0.000000 0.000000 1.000000
0.991608 -0.016358 -0.128240 0.000000 -0.003174 0.988583 -0.150641 8.141900 0.129240 0.149784 0.980236 0.000000 0.000000 0.000000 0.000000 1.000000
0.986886 -0.026006 -0.159310 0.000000 0.000959 0.987864 -0.155320 8.141900 0.161416 0.153130 0.974934 0.000000 0.000000 0.000000 0.000000 1.000000
0.983651 -0.027374 -0.177992 -0.000000 -0.003079 0.985679 -0.168602 8.141900 0.180058 0.166393 0.969480 0.000000 0.000000 0.000000 0.000000 1.000000
0.985624 -0.008454 -0.168744 0.000000 -0.025860 0.979431 -0.200118 8.141900 0.166965 0.201604 0.965131 -0.000000 0.000000 0.000000 0.000000 1.000000
0.990318 0.022538 -0.136973 0.000000 -0.056059 0.967624 -0.246091 8.141900 0.126992 0.251387 0.959519 0.000000 0.000000 0.000000 0.000000 1.000000
0.994420 0.037923 -0.098439 0.000000 -0.066065 0.951371 -0.300880 8.141900 0.082241 0.305705 0.948568 -0.000000 0.000000 0.000000 0.000000 1.000000
0.997695 0.025400 -0.062920 0.000000 -0.046691 0.929835 -0.365003 8.141900 0.049235 0.367099 0.928878 0.000000 0.000000 0.000000 0.000000 1.000000
0.998996 -0.006373 -0.044354 0.000000 -0.012987 0.906169 -0.422716 8.141900 0.042886 0.422868 0.905176 -0.000000 0.000000 0.000000 0.000000 1.000000
0.997034 -0.053195 -0.055627 0.000000 0.023140 0.896462 -0.442517 8.141900 0.073407 0.439917 0.895033 0.000000 0.000000 0.000000 0.000000 1.000000
0.991149 -0.112382 -0.070662 0.000000 0.071520 0.900487 -0.428962 8.141900 0.111837 0.420112 0.900554 0.000000 0.000000 0.000000 0.000000 1.000000
0.985249 -0.157225 -0.067561 0.000000 0.116643 0.905892 -0.407129 8.141900 0.125214 0.393243 0.910869 -0.000000 0.000000 0.000000 0.000000 1.000000
0.984848 -0.159643 -0.067736 0.000000 0.121445 0.913725 -0.387760 8.141900 0.123795 0.373658 0.919268 0.000000 0.000000 0.000000 0.000000 1.000000
0.985760 -0.149691 -0.076616 0.000000 0.109777 0.917984 -0.381123 8.141900 0.127383 0.367286 0.921344 0.000000 0.000000 0.000000 0.000000 1.000000
0.985414 -0.147146 -0.085481 -0.000000 0.103800 0.917785 -0.383270 8.141900 0.134850 0.368807 0.919672 0.000000 0.000000 0.000000 0.000000 1.000000
0.984111 -0.150462 -0.094266 0.000000 0.102489 0.914924 -0.390398 8.141900 0.144986 0.374534 0.915807 0.000000 0.000000 0.000000 0.000000 1.000000
0.981243 -0.164601 -0.100345 0.000000 0.111322 0.908784 -0.402143 8.141900 0.157385 0.383430 0.910061 0.000000 0.000000 0.000000 0.000000 1.000000
0.977342 -0.184344 -0.104020 0.000000 0.125724 0.900930 -0.415354 8.141900 0.170283 0.392865 0.903693 -0.000000 0.000000 0.000000 0.000000 1.000000
0.972951 -0.206207 -0.104137 -0.000000 0.143457 0.892663 -0.427286 8.141900 0.181068 0.400789 0.898099 0.000000 0.000000 0.000000 0.000000 1.000000
0.969179 -0.225758 -0.098612 0.000000 0.162014 0.885630 -0.435214 8.141900 0.185587 0.405824 0.894910 0.000000 0.000000 0.000000 0.000000 1.000000
0.968311 -0.235542 -0.083024 0.000000 0.177422 0.882737 -0.435082 8.141900 0.175769 0.406564 0.896555 0.000000 0.000000 0.000000 0.000000 1.000000
0.976364 -0.212361 -0.040209 0.000000 0.177307 0.893368 -0.412863 8.141900 0.123597 0.395975 0.909905 0.000000 0.000000 0.000000 0.000000 1.000000
0.985758 -0.167362 0.016434 0.000000 0.160824 0.909640 -0.383001 8.141900 0.049151 0.380190 0.923602 -0.000000 0.000000 0.000000 0.000000 1.000000
0.990421 -0.111420 0.081565 0.000000 0.133361 0.925000 -0.355795 8.141900 -0.035805 0.363265 0.930998 0.000000 0.000000 0.000000 0.000000 1.000000
0.988016 -0.053768 0.144684 0.000000 0.099819 0.937548 -0.333227 8.141900 -0.117731 0.343676 0.931679 0.000000 0.000000 0.000000 0.000000 1.000000</float_array>
        <technique_common>
          <accessor source="#mixamorig_Spine2-Matrix-animation-output-transform-array" count="36" stride="16">
            <param type="float4x4"/>
          </accessor>
        </technique_common>
      </source>
      <source id="mixamorig_Spine2-Interpolations">
        <Name_array id="mixamorig_Spine2-Interpolations-array" count="36">
 LINEAR LINEAR LINEAR LINEAR LINEAR LINEAR LINEAR LINEAR LINEAR LINEAR LINEAR
LINEAR LINEAR LINEAR LINEAR LINEAR LINEAR LINEAR LINEAR LINEAR LINEAR LINEAR LINEAR
LINEAR LINEAR LINEAR LINEAR LINEAR LINEAR LINEAR LINEAR LINEAR LINEAR LINEAR LINEAR
LINEAR</Name_array>
        <technique_common>
          <accessor source="#mixamorig_Spine2-Interpolations-array" count="36">
            <param type="name"/>
          </accessor>
        </technique_common>
      </source>
      <sampler id="mixamorig_Spine2-Matrix-animation-transform">
        <input semantic="INPUT" source="#mixamorig_Spine2-Matrix-animation-input"/>
        <input semantic="OUTPUT" source="#mixamorig_Spine2-Matrix-animation-output-transform"/>
        <input semantic="INTERPOLATION" source="#mixamorig_Spine2-Interpolations"/>
      </sampler>
      <channel source="#mixamorig_Spine2-Matrix-animation-transform" target="mixamorig_Spine2/matrix"/>
    </animation>
    <animation id="mixamorig_Neck-anim" name="mixamorig_Neck">
      <source id="mixamorig_Neck-Matrix-animation-input">
        <float_array id="mixamorig_Neck-Matrix-animation-input-array" count="36">

0.000000 0.033333 0.066667 0.100000 0.133333 0.166667 0.200000 0.233333 0.266667 0.300000 0.333333 0.366667 0.400000 0.433333 0.466667 0.500000
0.533333 0.566667 0.600000 0.633333 0.666667 0.700000 0.733333 0.766667 0.800000 0.833333 0.866667 0.900000 0.933333 0.966667 1.000000 1.033333
1.066667 1.100000 1.133333 1.166667</float_array>
        <technique_common>
          <accessor source="#mixamorig_Neck-Matrix-animation-input-array" count="36">
            <param name="TIME" type="float"/>
          </accessor>
        </technique_common>
      </source>
      <source id="mixamorig_Neck-Matrix-animation-output-transform">
        <float_array id="mixamorig_Neck-Matrix-animation-output-transform-array" count="576">

0.995420 0.095427 0.005643 -0.112200 -0.095505 0.995304 0.015745 18.919500 -0.004114 -0.016212 0.999860 -3.736100 0.000000 0.000000 0.000000 1.000000
0.994363 0.105169 0.013456 -0.112200 -0.104632 0.993867 -0.035771 18.919500 -0.017135 0.034162 0.999269 -3.736100 0.000000 0.000000 0.000000 1.000000
0.992855 0.117423 0.021222 -0.112200 -0.116250 0.991963 -0.049950 18.919500 -0.026917 0.047126 0.998526 -3.736100 0.000000 0.000000 0.000000 1.000000
0.991854 0.122773 0.033941 -0.112200 -0.121450 0.991846 -0.038629 18.919500 -0.038406 0.034192 0.998677 -3.736100 0.000000 0.000000 0.000000 1.000000
0.992359 0.112603 0.050442 -0.112200 -0.112082 0.993613 -0.013042 18.919500 -0.051588 0.007289 0.998642 -3.736100 0.000000 0.000000 0.000000 1.000000
0.994774 0.080404 0.062928 -0.112200 -0.081582 0.996532 0.016374 18.919500 -0.061393 -0.021422 0.997884 -3.736100 0.000000 0.000000 0.000000 1.000000
0.998015 0.019150 0.059991 -0.112200 -0.021699 0.998877 0.042117 18.919500 -0.059117 -0.043335 0.997310 -3.736100 0.000000 0.000000 0.000000 1.000000
0.993182 -0.113806 0.025254 -0.112200 0.111567 0.990759 0.077128 18.919500 -0.033798 -0.073785 0.996701 -3.736100 0.000000 0.000000 0.000000 1.000000
0.981286 -0.192267 -0.010549 -0.112200 0.191919 0.972115 0.134759 18.919500 -0.015655 -0.134262 0.990822 -3.736100 0.000000 0.000000 0.000000 1.000000
0.988810 -0.148366 -0.015590 -0.112200 0.148690 0.971670 0.183710 18.919500 -0.012108 -0.183972 0.982857 -3.736100 0.000000 0.000000 0.000000 1.000000
0.995113 -0.097693 -0.014392 -0.112200 0.098741 0.986044 0.134044 18.919500 0.001095 -0.134810 0.990871 -3.736100 0.000000 0.000000 0.000000 1.000000
0.999637 -0.022314 -0.015116 -0.112200 0.023025 0.998550 0.048653 18.919500 0.014008 -0.048984 0.998701 -3.736100 0.000000 0.000000 0.000000 1.000000
0.997484 0.069995 -0.011279 -0.112200 -0.070243 0.997256 -0.023362 18.919500 0.009612 0.024096 0.999663 -3.736100 0.000000 0.000000 0.000000 1.000000
0.988752 0.149438 -0.006133 -0.112200 -0.149413 0.985088 -0.085304 18.919500 -0.006706 0.085261 0.996336 -3.736100 0.000000 0.000000 0.000000 1.000000
0.978747 0.205060 -0.002241 -0.112200 -0.203289 0.968741 -0.142175 18.919500 -0.026984 0.139609 0.989839 -3.736100 0.000000 0.000000 0.000000 1.000000
0.986522 0.163251 -0.011144 -0.112200 -0.162142 0.966112 -0.200844 18.919500 -0.022022 0.199944 0.979560 -3.736100 0.000000 0.000000 0.000000 1.000000
0.996488 0.080405 -0.023371 -0.112200 -0.083709 0.963278 -0.255125 18.919500 0.002000 0.256185 0.966626 -3.736100 0.000000 0.000000 0.000000 1.000000
0.998100 -0.043695 -0.043449 -0.112200 0.029312 0.956892 -0.288962 18.919500 0.054202 0.287139 0.956354 -3.736100 0.000000 0.000000 0.000000 1.000000
0.977346 -0.198536 -0.073341 -0.112200 0.167085 0.936459 -0.308426 18.919500 0.129915 0.289185 0.948417 -3.736100 0.000000 0.000000 0.000000 1.000000
0.931997 -0.353513 -0.080060 -0.112200 0.313709 0.897352 -0.310398 18.919500 0.181572 0.264175 0.947229 -3.736100 0.000000 0.000000 0.000000 1.000000
0.874332 -0.481316 -0.062279 -0.112200 0.442904 0.843776 -0.303114 18.919500 0.198444 0.237439 0.950917 -3.736100 0.000000 0.000000 0.000000 1.000000
0.885101 -0.460186 -0.069457 -0.112200 0.427208 0.862577 -0.271024 18.919500 0.184633 0.210211 0.960063 -3.736100 0.000000 0.000000 0.000000 1.000000
0.978832 -0.203491 -0.021879 -0.112200 0.194821 0.959174 -0.205012 18.919500 0.062704 0.196410 0.978515 -3.736100 0.000000 0.000000 0.000000 1.000000
0.997870 0.060249 0.025010 -0.112200 -0.055678 0.986389 -0.154717 18.919500 -0.033992 0.152995 0.987642 -3.736100 0.000000 0.000000 0.000000 1.000000
0.996113 0.070368 -0.052980 -0.112200 -0.075140 0.992710 -0.094240 18.919500 0.045963 0.097854 0.994139 -3.736100 0.000000 0.000000 0.000000 1.000000
0.980668 -0.053422 -0.188245 -0.112200 0.043471 0.997450 -0.056598 18.919500 0.190788 0.047321 0.980490 -3.736100 0.000000 0.000000 0.000000 1.000000
0.943747 -0.167085 -0.285350 -0.112200 0.157832 0.985917 -0.055294 18.919500 0.290570 0.007146 0.956827 -3.736100 0.000000 0.000000 0.000000 1.000000
0.934019 -0.184928 -0.305632 -0.112200 0.178851 0.982703 -0.048029 18.919500 0.309227 -0.009802 0.950938 -3.736100 0.000000 0.000000 0.000000 1.000000
0.940571 -0.169321 -0.294375 -0.112200 0.164987 0.985497 -0.039688 18.919500 0.296826 -0.011239 0.954865 -3.736100 0.000000 0.000000 0.000000 1.000000
0.955414 -0.134556 -0.262827 -0.112200 0.130818 0.990898 -0.031753 18.919500 0.264707 -0.004045 0.964320 -3.736100 0.000000 0.000000 0.000000 1.000000
0.972566 -0.086437 -0.215973 -0.112200 0.083056 0.996239 -0.024701 18.919500 0.217296 0.006086 0.976087 -3.736100 0.000000 0.000000 0.000000 1.000000
0.986691 -0.032099 -0.159410 -0.112200 0.029416 0.999383 -0.019168 18.919500 0.159927 0.014224 0.987026 -3.736100 0.000000 0.000000 0.000000 1.000000
0.994775 0.020789 -0.099957 -0.112200 -0.022339 0.999647 -0.014415 18.919500 0.099622 0.016573 0.994887 -3.736100 0.000000 0.000000 0.000000 1.000000
0.996873 0.064370 -0.045843 -0.112200 -0.064799 0.997867 -0.007951 18.919500 0.045234 0.010897 0.998917 -3.736100 0.000000 0.000000 0.000000 1.000000
0.995816 0.091186 -0.005946 -0.112200 -0.091163 0.995828 0.004004 18.919500 0.006286 -0.003445 0.999974 -3.736100 0.000000 0.000000 0.000000 1.000000
0.995411 0.095114 0.010504 -0.112200 -0.095356 0.995115 0.025566 18.919500 -0.008021 -0.026450 0.999618 -3.736100 0.000000 0.000000 0.000000 1.000000</float_array>
        <technique_common>
          <accessor source="#mixamorig_Neck-Matrix-animation-output-transform-array" count="36" stride="16">
            <param type="float4x4"/>
          </accessor>
        </technique_common>
      </source>
      <source id="mixamorig_Neck-Interpolations">
        <Name_array id="mixamorig_Neck-Interpolations-array" count="36">
 LINEAR LINEAR LINEAR LINEAR LINEAR LINEAR LINEAR LINEAR LINEAR LINEAR LINEAR
LINEAR LINEAR LINEAR LINEAR LINEAR LINEAR LINEAR LINEAR LINEAR LINEAR LINEAR LINEAR
LINEAR LINEAR LINEAR LINEAR LINEAR LINEAR LINEAR LINEAR LINEAR LINEAR LINEAR LINEAR
LINEAR</Name_array>
        <technique_common>
          <accessor source="#mixamorig_Neck-Interpolations-array" count="36">
            <param type="name"/>
          </accessor>
        </technique_common>
      </source>
      <sampler id="mixamorig_Neck-Matrix-animation-transform">
        <input semantic="INPUT" source="#mixamorig_Neck-Matrix-animation-input"/>
        <input semantic="OUTPUT" source="#mixamorig_Neck-Matrix-animation-output-transform"/>
        <input semantic="INTERPOLATION" source="#mixamorig_Neck-Interpolations"/>
      </sampler>
      <channel source="#mixamorig_Neck-Matrix-animation-transform" target="mixamorig_Neck/matrix"/>
    </animation>
    <animation id="mixamorig_Head-anim" name="mixamorig_Head">
      <source id="mixamorig_Head-Matrix-animation-input">
        <float_array id="mixamorig_Head-Matrix-animation-input-array" count="36">

0.000000 0.033333 0.066667 0.100000 0.133333 0.166667 0.200000 0.233333 0.266667 0.300000 0.333333 0.366667 0.400000 0.433333 0.466667 0.500000
0.533333 0.566667 0.600000 0.633333 0.666667 0.700000 0.733333 0.766667 0.800000 0.833333 0.866667 0.900000 0.933333 0.966667 1.000000 1.033333
1.066667 1.100000 1.133333 1.166667</float_array>
        <technique_common>
          <accessor source="#mixamorig_Head-Matrix-animation-input-array" count="36">
            <param name="TIME" type="float"/>
          </accessor>
        </technique_common>
      </source>
      <source id="mixamorig_Head-Matrix-animation-output-transform">
        <float_array id="mixamorig_Head-Matrix-animation-output-transform-array" count="576">

0.981682 0.190526 0.000797 -0.000000 -0.162892 0.837115 0.522212 8.673000 0.098828 -0.512776 0.852815 3.319300 0.000000 0.000000 0.000000 1.000000
0.989722 0.137040 0.040860 0.000000 -0.135749 0.810513 0.569773 8.673000 0.044964 -0.569463 0.820786 3.319300 0.000000 0.000000 0.000000 1.000000
0.995461 0.051022 0.080341 0.000000 -0.089542 0.788169 0.608911 8.673000 -0.032255 -0.613341 0.789159 3.319300 0.000000 0.000000 0.000000 1.000000
