<?xml version="1.0" encoding="utf-8"?>
<COLLADA xmlns="http://www.collada.org/2005/11/COLLADASchema" version="1.4.1">
  <asset>
    <contributor>
      <author>Mixamo</author>
      <authoring_tool>COLLADA Mixamo exporter</authoring_tool>
      <comments/>
    </contributor>
    <created>2024-11-02T01:50:50Z</created>
    <modified>2024-11-02T01:50:50Z</modified>
    <revision/>
    <title/>
    <unit meter="0.010000"/>
    <up_axis>Y_UP</up_axis>
  </asset>
  <library_animations>
    <animation id="mixamorig_Hips-anim" name="mixamorig_Hips">
      <source id="mixamorig_Hips-Matrix-animation-input">
        <float_array id="mixamorig_Hips-Matrix-animation-input-array" count="44">

0.000000 0.033333 0.066667 0.100000 0.133333 0.166667 0.200000 0.233333 0.266667 0.300000 0.333333 0.366667 0.400000 0.433333 0.466667 0.500000
0.533333 0.566667 0.600000 0.633333 0.666667 0.700000 0.733333 0.766667 0.800000 0.833333 0.866667 0.900000 0.933333 0.966667 1.000000 1.033333
1.066667 1.100000 1.133333 1.166667 1.200000 1.233333 1.266667 1.300000 1.333333 1.366667 1.400000 1.433333</float_array>
        <technique_common>
          <accessor source="#mixamorig_Hips-Matrix-animation-input-array" count="44">
            <param name="TIME" type="float"/>
          </accessor>
        </technique_common>
      </source>
      <source id="mixamorig_Hips-Matrix-animation-output-transform">
        <float_array id="mixamorig_Hips-Matrix-animation-output-transform-array" count="704">

0.691778 0.003676 -0.722101 -0.797053 0.062689 0.995906 0.065126 83.311546 0.719384 -0.090321 0.688716 0.696718 0.000000 0.000000 0.000000 1.000000
0.727922 0.014072 -0.685516 -1.811787 0.087016 0.989810 0.112717 83.810989 0.680116 -0.141700 0.719280 1.099786 0.000000 0.000000 0.000000 1.000000
0.801387 0.025820 -0.597589 -4.097127 0.122785 0.970691 0.206599 85.252533 0.585409 -0.238941 0.774728 3.147768 0.000000 0.000000 0.000000 1.000000
0.872718 0.012754 -0.488058 -7.239731 0.168363 0.930477 0.325372 87.702972 0.458277 -0.366129 0.809897 6.648849 0.000000 0.000000 0.000000 1.000000
0.889208 -0.006450 -0.457458 -9.327918 0.213097 0.890651 0.401660 89.898994 0.404845 -0.454642 0.793348 9.184566 0.000000 0.000000 0.000000 1.000000
0.860973 -0.005007 -0.508626 -9.748460 0.254917 0.869558 0.422950 90.833252 0.440162 -0.493806 0.749942 9.569921 0.000000 0.000000 0.000000 1.000000
0.827230 -0.007004 -0.561820 -9.695024 0.297175 0.854067 0.426916 90.853638 0.476841 -0.520117 0.708591 9.103597 0.000000 0.000000 0.000000 1.000000
0.804015 -0.021054 -0.594236 -9.708067 0.337663 0.838765 0.427149 90.352715 0.489431 -0.544086 0.681489 8.603859 0.000000 0.000000 0.000000 1.000000
0.778927 -0.035139 -0.626130 -9.391484 0.372319 0.829334 0.416635 89.279388 0.504631 -0.557647 0.659073 7.828045 0.000000 0.000000 0.000000 1.000000
0.745619 -0.046222 -0.664768 -8.570065 0.404053 0.824644 0.395857 87.966026 0.529899 -0.563760 0.633547 6.757456 0.000000 0.000000 0.000000 1.000000
0.709610 -0.062370 -0.701829 -7.372477 0.432463 0.824935 0.363948 86.691010 0.556264 -0.561776 0.612355 5.581316 0.000000 0.000000 0.000000 1.000000
0.669895 -0.086596 -0.737389 -5.903720 0.456322 0.831468 0.316910 85.514969 0.585672 -0.548783 0.596512 4.337138 0.000000 0.000000 0.000000 1.000000
0.625014 -0.111695 -0.772581 -4.193884 0.473284 0.841277 0.261258 84.403160 0.620773 -0.528940 0.578673 3.049436 0.000000 0.000000 0.000000 1.000000
0.577851 -0.132813 -0.805264 -2.360519 0.481072 0.852469 0.204615 83.411453 0.659286 -0.505627 0.556492 1.761518 0.000000 0.000000 0.000000 1.000000
0.534513 -0.156773 -0.830493 -0.664997 0.477585 0.866744 0.143761 82.641876 0.697287 -0.473473 0.538159 0.477844 0.000000 0.000000 0.000000 1.000000
0.504269 -0.188185 -0.842792 0.712295 0.461841 0.883431 0.079075 82.111252 0.729668 -0.429111 0.532398 -0.819327 0.000000 0.000000 0.000000 1.000000
0.491703 -0.216313 -0.843467 1.830032 0.435987 0.899648 0.023440 81.738678 0.753753 -0.379266 0.536669 -2.177055 0.000000 0.000000 0.000000 1.000000
0.491182 -0.230569 -0.839987 2.809018 0.401732 0.915610 -0.016414 81.423538 0.772885 -0.329388 0.542358 -3.674492 0.000000 0.000000 0.000000 1.000000
0.497363 -0.236485 -0.834688 3.663644 0.358170 0.932278 -0.050713 81.127274 0.790154 -0.273738 0.548383 -5.339650 0.000000 0.000000 0.000000 1.000000
0.509711 -0.244143 -0.824978 4.376665 0.307762 0.947182 -0.090158 80.892258 0.803416 -0.207942 0.557927 -7.059021 0.000000 0.000000 0.000000 1.000000
0.522566 -0.250513 -0.814965 4.960348 0.255038 0.958022 -0.130955 80.770889 0.813560 -0.139414 0.564520 -8.573303 0.000000 0.000000 0.000000 1.000000
0.525400 -0.245308 -0.814726 5.377071 0.199459 0.966366 -0.162338 80.714104 0.827146 -0.077212 0.556657 -9.640828 0.000000 0.000000 0.000000 1.000000
0.516054 -0.227745 -0.825724 5.597425 0.140012 0.973467 -0.180991 80.670044 0.845035 -0.022210 0.534249 -10.214325 0.000000 0.000000 0.000000 1.000000
0.502371 -0.206557 -0.839618 5.716628 0.084398 0.978124 -0.190133 80.742439 0.860523 0.024655 0.508814 -10.387959 0.000000 0.000000 0.000000 1.000000
0.490172 -0.185315 -0.851698 5.819684 0.041749 0.981008 -0.189423 81.021301 0.870625 0.057292 0.488599 -10.210111 0.000000 0.000000 0.000000 1.000000
0.476056 -0.159903 -0.864755 5.814892 0.010777 0.984317 -0.176078 81.416847 0.879349 0.074504 0.470314 -9.714023 0.000000 0.000000 0.000000 1.000000
0.458398 -0.131178 -0.879013 5.569807 -0.013313 0.987923 -0.154373 81.754265 0.888647 0.082467 0.451115 -9.030210 0.000000 0.000000 0.000000 1.000000
0.444186 -0.105738 -0.889673 5.100962 -0.028262 0.990863 -0.131875 81.984344 0.895489 0.083721 0.437139 -8.280394 0.000000 0.000000 0.000000 1.000000
0.442858 -0.083967 -0.892651 4.495800 -0.029911 0.993667 -0.108308 82.179070 0.896093 0.074666 0.437542 -7.453292 0.000000 0.000000 0.000000 1.000000
0.458269 -0.060767 -0.886734 3.770354 -0.019932 0.996707 -0.078604 82.435440 0.888590 0.053697 0.455549 -6.503759 0.000000 0.000000 0.000000 1.000000
0.486945 -0.036649 -0.872663 2.920341 -0.003701 0.999024 -0.044021 82.799530 0.873425 0.024666 0.486334 -5.461295 0.000000 0.000000 0.000000 1.000000
0.520212 -0.016415 -0.853880 2.019964 0.013799 0.999846 -0.010814 83.241348 0.853926 -0.006157 0.520358 -4.369180 0.000000 0.000000 0.000000 1.000000
0.549486 -0.001939 -0.835500 1.213182 0.029202 0.999431 0.016886 83.671066 0.834992 -0.033677 0.549230 -3.293219 0.000000 0.000000 0.000000 1.000000
0.571495 0.006291 -0.820581 0.640995 0.040586 0.998530 0.035922 83.974808 0.819601 -0.053833 0.570400 -2.406545 0.000000 0.000000 0.000000 1.000000
0.589134 0.009797 -0.807976 0.258837 0.048875 0.997664 0.047735 84.157486 0.806556 -0.067613 0.587278 -1.727501 0.000000 0.000000 0.000000 1.000000
0.605347 0.011380 -0.795881 -0.052960 0.055864 0.996825 0.056744 84.293320 0.793999 -0.078811 0.602789 -1.129769 0.000000 0.000000 0.000000 1.000000
0.620222 0.011767 -0.784338 -0.307854 0.061621 0.996067 0.063671 84.383331 0.782002 -0.087822 0.617057 -0.601284 0.000000 0.000000 0.000000 1.000000
0.633793 0.011237 -0.773421 -0.506078 0.065984 0.995464 0.068535 84.416145 0.770683 -0.094471 0.630177 -0.155922 0.000000 0.000000 0.000000 1.000000
0.646600 0.010471 -0.762757 -0.673764 0.069255 0.994971 0.072367 84.404564 0.759679 -0.099617 0.642623 0.230290 0.000000 0.000000 0.000000 1.000000
0.658528 0.009722 -0.752494 -0.805416 0.070964 0.994659 0.074953 84.322998 0.749203 -0.102759 0.654321 0.529848 0.000000 0.000000 0.000000 1.000000
0.668289 0.008359 -0.743854 -0.837864 0.069611 0.994847 0.073718 84.096718 0.740637 -0.101045 0.664264 0.636642 0.000000 0.000000 0.000000 1.000000
0.676402 0.006504 -0.736503 -0.807246 0.066684 0.995313 0.070032 83.794220 0.733507 -0.096482 0.672799 0.628103 0.000000 0.000000 0.000000 1.000000
0.684383 0.004997 -0.729106 -0.797534 0.064546 0.995635 0.067411 83.537682 0.726260 -0.093196 0.681073 0.655719 0.000000 0.000000 0.000000 1.000000
0.691778 0.003676 -0.722101 -0.797054 0.062689 0.995906 0.065126 83.311531 0.719384 -0.090321 0.688716 0.696721 0.000000 0.000000 0.000000 1.000000</float_array>
        <technique_common>
          <accessor source="#mixamorig_Hips-Matrix-animation-output-transform-array" count="44" stride="16">
            <param type="float4x4"/>
          </accessor>
        </technique_common>
      </source>
      <source id="mixamorig_Hips-Interpolations">
        <Name_array id="mixamorig_Hips-Interpolations-array" count="44">
 LINEAR LINEAR LINEAR LINEAR LINEAR LINEAR LINEAR LINEAR LINEAR LINEAR LINEAR
LINEAR LINEAR LINEAR LINEAR LINEAR LINEAR LINEAR LINEAR LINEAR LINEAR LINEAR LINEAR
LINEAR LINEAR LINEAR LINEAR LINEAR LINEAR LINEAR LINEAR LINEAR LINEAR LINEAR LINEAR
LINEAR LINEAR LINEAR LINEAR LINEAR LINEAR LINEAR LINEAR LINEAR</Name_array>
        <technique_common>
          <accessor source="#mixamorig_Hips-Interpolations-array" count="44">
            <param type="name"/>
          </accessor>
        </technique_common>
      </source>
      <sampler id="mixamorig_Hips-Matrix-animation-transform">
        <input semantic="INPUT" source="#mixamorig_Hips-Matrix-animation-input"/>
        <input semantic="OUTPUT" source="#mixamorig_Hips-Matrix-animation-output-transform"/>
        <input semantic="INTERPOLATION" source="#mixamorig_Hips-Interpolations"/>
      </sampler>
      <channel source="#mixamorig_Hips-Matrix-animation-transform" target="mixamorig_Hips/matrix"/>
    </animation>
    <animation id="mixamorig_Spine-anim" name="mixamorig_Spine">
      <source id="mixamorig_Spine-Matrix-animation-input">
        <float_array id="mixamorig_Spine-Matrix-animation-input-array" count="44">

0.000000 0.033333 0.066667 0.100000 0.133333 0.166667 0.200000 0.233333 0.266667 0.300000 0.333333 0.366667 0.400000 0.433333 0.466667 0.500000
0.533333 0.566667 0.600000 0.633333 0.666667 0.700000 0.733333 0.766667 0.800000 0.833333 0.866667 0.900000 0.933333 0.966667 1.000000 1.033333
1.066667 1.100000 1.133333 1.166667 1.200000 1.233333 1.266667 1.300000 1.333333 1.366667 1.400000 1.433333</float_array>
        <technique_common>
          <accessor source="#mixamorig_Spine-Matrix-animation-input-array" count="44">
            <param name="TIME" type="float"/>
          </accessor>
        </technique_common>
      </source>
      <source id="mixamorig_Spine-Matrix-animation-output-transform">
        <float_array id="mixamorig_Spine-Matrix-animation-output-transform-array" count="704">

0.991754 0.004028 0.128092 -0.000000 -0.006216 0.999841 0.016687 10.198500 -0.128004 -0.017346 0.991622 -1.858500 0.000000 0.000000 0.000000 1.000000
0.994784 -0.000384 0.102002 -0.000000 -0.003234 0.999372 0.035298 10.198500 -0.101952 -0.035444 0.994158 -1.858500 0.000000 0.000000 0.000000 1.000000
0.995351 -0.013958 0.095299 0.000000 0.005344 0.995922 0.090058 10.198500 -0.096168 -0.089130 0.991367 -1.858500 0.000000 0.000000 0.000000 1.000000
0.992159 -0.031365 0.120985 0.000000 0.009674 0.984368 0.175861 10.198500 -0.124610 -0.173311 0.976952 -1.858500 0.000000 0.000000 0.000000 1.000000
0.987974 -0.042598 0.148638 0.000000 0.005520 0.970406 0.241415 10.198500 -0.154523 -0.237691 0.958971 -1.858500 0.000000 0.000000 0.000000 1.000000
0.987990 -0.052454 0.145344 0.000000 0.012257 0.964259 0.264679 10.198500 -0.154033 -0.259719 0.953321 -1.858500 0.000000 0.000000 0.000000 1.000000
0.990194 -0.069260 0.121318 -0.000000 0.034015 0.961842 0.271484 10.198500 -0.135492 -0.264695 0.954766 -1.858500 0.000000 0.000000 0.000000 1.000000
0.990448 -0.091355 0.103280 0.000000 0.059539 0.958952 0.277246 10.198500 -0.124368 -0.268448 0.955232 -1.858500 0.000000 0.000000 0.000000 1.000000
0.988228 -0.115256 0.100604 -0.000000 0.084108 0.958606 0.272028 10.198500 -0.127793 -0.260364 0.957016 -1.858500 0.000000 0.000000 0.000000 1.000000
0.985080 -0.138627 0.101980 0.000000 0.109360 0.961780 0.251036 10.198500 -0.132883 -0.236138 0.962591 -1.858500 0.000000 0.000000 0.000000 1.000000
0.982173 -0.159362 0.099704 0.000000 0.134130 0.965719 0.222254 10.198500 -0.131705 -0.204918 0.969878 -1.858500 0.000000 0.000000 0.000000 1.000000
0.979748 -0.176178 0.095160 0.000000 0.155470 0.968812 0.192958 10.198500 -0.126187 -0.174256 0.976582 -1.858500 0.000000 0.000000 0.000000 1.000000
0.977520 -0.189011 0.093432 0.000000 0.172724 0.972010 0.159258 10.198500 -0.120918 -0.139540 0.982806 -1.858500 0.000000 0.000000 0.000000 1.000000
0.975700 -0.197099 0.095713 0.000000 0.185364 0.975429 0.119074 10.198500 -0.116830 -0.098439 0.988261 -1.858500 0.000000 0.000000 0.000000 1.000000
0.974707 -0.200912 0.097878 0.000000 0.193112 0.977607 0.083625 10.198500 -0.112487 -0.062609 0.991679 -1.858500 0.000000 0.000000 0.000000 1.000000
0.974838 -0.201664 0.094991 0.000000 0.196587 0.978638 0.060174 10.198500 -0.105097 -0.039986 0.993658 -1.858500 0.000000 0.000000 0.000000 1.000000
0.976360 -0.197973 0.086762 0.000000 0.195368 0.980008 0.037639 10.198500 -0.092479 -0.019799 0.995518 -1.858500 0.000000 0.000000 0.000000 1.000000
0.979017 -0.188428 0.077595 -0.000000 0.188636 0.982036 0.004702 10.198500 -0.077087 0.010034 0.996974 -1.858500 0.000000 0.000000 0.000000 1.000000
0.982109 -0.174802 0.070039 0.000000 0.177370 0.983616 -0.032251 10.198500 -0.063254 0.044096 0.997023 -1.858500 0.000000 0.000000 0.000000 1.000000
0.985487 -0.157999 0.062062 0.000000 0.161763 0.984930 -0.061193 10.198500 -0.051458 0.070345 0.996195 -1.858500 0.000000 0.000000 0.000000 1.000000
0.989336 -0.135941 0.052285 0.000000 0.139872 0.986867 -0.080801 10.198500 -0.040614 0.087253 0.995358 -1.858500 0.000000 0.000000 0.000000 1.000000
0.993348 -0.107532 0.041202 -0.000000 0.111022 0.989295 -0.094712 10.198500 -0.030577 0.098656 0.994652 -1.858500 0.000000 0.000000 0.000000 1.000000
0.996753 -0.075766 0.027247 0.000000 0.078159 0.991767 -0.101435 10.198500 -0.019337 0.103235 0.994469 -1.858500 0.000000 0.000000 0.000000 1.000000
0.998911 -0.045455 0.010479 -0.000000 0.046274 0.993959 -0.099519 10.198500 -0.005892 0.099896 0.994980 -1.858500 0.000000 0.000000 0.000000 1.000000
0.999806 -0.019688 -0.001039 0.000000 0.019505 0.995434 -0.093434 10.198500 0.002874 0.093396 0.995625 -1.858500 0.000000 0.000000 0.000000 1.000000
0.999998 0.001655 0.000665 -0.000000 -0.001592 0.996323 -0.085667 10.198500 -0.000804 0.085666 0.996324 -1.858500 0.000000 0.000000 0.000000 1.000000
0.999701 0.020022 0.014068 0.000000 -0.018957 0.997217 -0.072099 10.198500 -0.015473 0.071811 0.997298 -1.858500 0.000000 0.000000 0.000000 1.000000
0.998866 0.035368 0.031869 0.000000 -0.033712 0.998125 -0.051097 10.198500 -0.033617 0.049965 0.998185 -1.858500 0.000000 0.000000 0.000000 1.000000
0.997745 0.045713 0.049153 0.000000 -0.044296 0.998582 -0.029535 10.198500 -0.050433 0.027291 0.998355 -1.858500 0.000000 0.000000 0.000000 1.000000
0.996746 0.050493 0.062834 0.000000 -0.049681 0.998661 -0.014428 10.198500 -0.063478 0.011259 0.997920 -1.858500 0.000000 0.000000 0.000000 1.000000
0.996196 0.052019 0.069916 0.000000 -0.051823 0.998646 -0.004610 10.198500 -0.070061 0.000969 0.997542 -1.858500 0.000000 0.000000 0.000000 1.000000
0.996113 0.051667 0.071333 0.000000 -0.052139 0.998628 0.004770 10.198500 -0.070989 -0.008471 0.997441 -1.858500 0.000000 0.000000 0.000000 1.000000
0.996200 0.048772 0.072161 0.000000 -0.049900 0.998657 0.013908 10.198500 -0.071386 -0.017456 0.997296 -1.858500 0.000000 0.000000 0.000000 1.000000
0.996198 0.043922 0.075236 -0.000000 -0.045523 0.998769 0.019706 10.198500 -0.074278 -0.023056 0.996971 -1.858500 0.000000 0.000000 0.000000 1.000000
0.996092 0.038601 0.079445 0.000000 -0.040514 0.998923 0.022607 10.198500 -0.078487 -0.025738 0.996583 -1.858500 0.000000 0.000000 0.000000 1.000000
0.995921 0.033157 0.083919 -0.000000 -0.035333 0.999073 0.024586 10.198500 -0.083026 -0.027450 0.996169 -1.858500 0.000000 0.000000 0.000000 1.000000
0.995668 0.027681 0.088761 0.000000 -0.030078 0.999215 0.025788 10.198500 -0.087977 -0.028346 0.995719 -1.858500 0.000000 0.000000 0.000000 1.000000
0.995326 0.022439 0.093926 0.000000 -0.025003 0.999344 0.026205 10.198500 -0.093277 -0.028431 0.995234 -1.858500 0.000000 0.000000 0.000000 1.000000
0.994907 0.017585 0.099254 0.000000 -0.020281 0.999450 0.026227 10.198500 -0.098738 -0.028106 0.994716 -1.858500 0.000000 0.000000 0.000000 1.000000
0.994401 0.013492 0.104809 -0.000000 -0.016273 0.999536 0.025731 10.198500 -0.104414 -0.027292 0.994159 -1.858500 0.000000 0.000000 0.000000 1.000000
0.993763 0.010699 0.111000 0.000000 -0.013416 0.999628 0.023759 10.198500 -0.110704 -0.025100 0.993536 -1.858500 0.000000 0.000000 0.000000 1.000000
0.993088 0.008328 0.117074 0.000000 -0.010856 0.999721 0.020971 10.198500 -0.116867 -0.022097 0.992902 -1.858500 0.000000 0.000000 0.000000 1.000000
0.992413 0.006096 0.122795 0.000000 -0.008459 0.999789 0.018736 10.198500 -0.122655 -0.019633 0.992255 -1.858500 0.000000 0.000000 0.000000 1.000000
0.991754 0.004028 0.128092 -0.000000 -0.006216 0.999841 0.016687 10.198500 -0.128004 -0.017346 0.991622 -1.858500 0.000000 0.000000 0.000000 1.000000</float_array>
        <technique_common>
          <accessor source="#mixamorig_Spine-Matrix-animation-output-transform-array" count="44" stride="16">
            <param type="float4x4"/>
          </accessor>
        </technique_common>
      </source>
      <source id="mixamorig_Spine-Interpolations">
        <Name_array id="mixamorig_Spine-Interpolations-array" count="44">
 LINEAR LINEAR LINEAR LINEAR LINEAR LINEAR LINEAR LINEAR LINEAR LINEAR LINEAR
LINEAR LINEAR LINEAR LINEAR LINEAR LINEAR LINEAR LINEAR LINEAR LINEAR LINEAR LINEAR
LINEAR LINEAR LINEAR LINEAR LINEAR LINEAR LINEAR LINEAR LINEAR LINEAR LINEAR LINEAR
LINEAR LINEAR LINEAR LINEAR LINEAR LINEAR LINEAR LINEAR LINEAR</Name_array>
        <technique_common>
          <accessor source="#mixamorig_Spine-Interpolations-array" count="44">
            <param type="name"/>
          </accessor>
        </technique_common>
      </source>
      <sampler id="mixamorig_Spine-Matrix-animation-transform">
        <input semantic="INPUT" source="#mixamorig_Spine-Matrix-animation-input"/>
        <input semantic="OUTPUT" source="#mixamorig_Spine-Matrix-animation-output-transform"/>
        <input semantic="INTERPOLATION" source="#mixamorig_Spine-Interpolations"/>
      </sampler>
      <channel source="#mixamorig_Spine-Matrix-animation-transform" target="mixamorig_Spine/matrix"/>
    </animation>
    <animation id="mixamorig_Spine1-anim" name="mixamorig_Spine1">
      <source id="mixamorig_Spine1-Matrix-animation-input">
        <float_array id="mixamorig_Spine1-Matrix-animation-input-array" count="44">

0.000000 0.033333 0.066667 0.100000 0.133333 0.166667 0.200000 0.233333 0.266667 0.300000 0.333333 0.366667 0.400000 0.433333 0.466667 0.500000
0.533333 0.566667 0.600000 0.633333 0.666667 0.700000 0.733333 0.766667 0.800000 0.833333 0.866667 0.900000 0.933333 0.966667 1.000000 1.033333
1.066667 1.100000 1.133333 1.166667 1.200000 1.233333 1.266667 1.300000 1.333333 1.366667 1.400000 1.433333</float_array>
        <technique_common>
          <accessor source="#mixamorig_Spine1-Matrix-animation-input-array" count="44">
            <param name="TIME" type="float"/>
          </accessor>
        </technique_common>
      </source>
      <source id="mixamorig_Spine1-Matrix-animation-output-transform">
        <float_array id="mixamorig_Spine1-Matrix-animation-output-transform-array" count="704">

0.999723 0.012622 0.019861 -0.000000 -0.011857 0.999202 -0.038153 12.094200 -0.020327 0.037907 0.999075 -0.000000 0.000000 0.000000 0.000000 1.000000
0.999721 0.017730 0.015595 0.000000 -0.016720 0.997894 -0.062678 12.094200 -0.016673 0.062400 0.997912 -0.000000 0.000000 0.000000 0.000000 1.000000
0.999465 0.017908 0.027385 -0.000000 -0.015998 0.997527 -0.068435 12.094200 -0.028543 0.067960 0.997280 0.000000 0.000000 0.000000 0.000000 1.000000
0.997746 0.020061 0.064039 -0.000000 -0.016698 0.998475 -0.052619 12.094200 -0.064997 0.051431 0.996559 0.000000 0.000000 0.000000 0.000000 1.000000
0.994330 0.029650 0.102122 -0.000000 -0.025129 0.998658 -0.045275 12.094200 -0.103327 0.042452 0.993741 -0.000000 0.000000 0.000000 0.000000 1.000000
0.992603 0.035789 0.116008 0.000000 -0.028839 0.997718 -0.061045 12.094200 -0.117928 0.057248 0.991371 0.000000 0.000000 0.000000 0.000000 1.000000
0.993280 0.028863 0.112078 -0.000000 -0.019941 0.996601 -0.079928 12.094200 -0.114004 0.077155 0.990480 0.000000 0.000000 0.000000 0.000000 1.000000
0.994045 0.013978 0.108066 0.000000 -0.004379 0.996062 -0.088549 12.094200 -0.108878 0.087549 0.990192 0.000000 0.000000 0.000000 0.000000 1.000000
0.994036 -0.002822 0.109013 0.000000 0.013151 0.995471 -0.094151 12.094200 -0.108254 0.095023 0.989571 -0.000000 0.000000 0.000000 0.000000 1.000000
0.993546 -0.018353 0.111937 0.000000 0.030789 0.993410 -0.110403 12.094200 -0.109173 0.113137 0.987563 0.000000 0.000000 0.000000 0.000000 1.000000
0.993138 -0.031880 0.112517 0.000000 0.046802 0.990067 -0.132581 12.094200 -0.107172 0.136937 0.984765 0.000000 0.000000 0.000000 0.000000 1.000000
0.992955 -0.041463 0.111001 -0.000000 0.058430 0.986300 -0.154269 12.094200 -0.103083 0.159668 0.981774 0.000000 0.000000 0.000000 0.000000 1.000000
0.992774 -0.047763 0.110087 0.000000 0.066803 0.982058 -0.176351 12.094200 -0.099689 0.182430 0.978152 0.000000 0.000000 0.000000 0.000000 1.000000
0.992462 -0.052906 0.110540 -0.000000 0.074333 0.977019 -0.199770 12.094200 -0.097431 0.206481 0.973588 -0.000000 0.000000 0.000000 0.000000 1.000000
0.992252 -0.057004 0.110395 0.000000 0.080190 0.972517 -0.218587 12.094200 -0.094901 0.225746 0.969553 0.000000 0.000000 0.000000 0.000000 1.000000
0.992494 -0.059183 0.107021 -0.000000 0.082551 0.969867 -0.229222 12.094200 -0.090230 0.236336 0.967473 0.000000 0.000000 0.000000 0.000000 1.000000
0.993212 -0.059397 0.100008 0.000000 0.081949 0.967494 -0.239247 12.094200 -0.082547 0.245819 0.965795 -0.000000 0.000000 0.000000 0.000000 1.000000
0.994076 -0.057711 0.092096 0.000000 0.079712 0.963157 -0.256854 12.094200 -0.073880 0.262674 0.962052 0.000000 0.000000 0.000000 0.000000 1.000000
0.994902 -0.053610 0.085418 -0.000000 0.075530 0.957353 -0.278873 12.094200 -0.066825 0.283903 0.956522 -0.000000 0.000000 0.000000 0.000000 1.000000
0.995808 -0.046040 0.079033 0.000000 0.067656 0.952248 -0.297737 12.094200 -0.061551 0.301836 0.951371 0.000000 0.000000 0.000000 0.000000 1.000000
0.996853 -0.034182 0.071518 -0.000000 0.054870 0.948700 -0.311379 12.094200 -0.057206 0.314323 0.947591 0.000000 0.000000 0.000000 0.000000 1.000000
0.997883 -0.019162 0.062147 0.000000 0.038085 0.946789 -0.319593 12.094200 -0.052716 0.321283 0.945515 0.000000 0.000000 0.000000 0.000000 1.000000
0.998754 -0.003309 0.049801 0.000000 0.019121 0.947044 -0.320533 12.094200 -0.046104 0.321086 0.945927 -0.000000 0.000000 0.000000 0.000000 1.000000
0.999281 0.012657 0.035726 -0.000000 -0.000723 0.948795 -0.315892 12.094200 -0.037895 0.315639 0.948122 0.000000 0.000000 0.000000 0.000000 1.000000
0.999259 0.028684 0.025666 0.000000 -0.019324 0.950543 -0.309991 12.094200 -0.033288 0.309265 0.950393 0.000000 0.000000 0.000000 0.000000 1.000000
0.998754 0.043462 0.024535 0.000000 -0.034001 0.952379 -0.303015 12.094200 -0.036536 0.301803 0.952670 -0.000000 0.000000 0.000000 0.000000 1.000000
0.998017 0.055090 0.030449 0.000000 -0.043959 0.956242 -0.289257 12.094200 -0.045051 0.287345 0.956767 -0.000000 0.000000 0.000000 0.000000 1.000000
0.997255 0.063290 0.038434 0.000000 -0.050767 0.962271 -0.267315 12.094200 -0.053903 0.264630 0.962843 0.000000 0.000000 0.000000 0.000000 1.000000
0.996606 0.068424 0.045759 0.000000 -0.055281 0.968243 -0.243824 12.094200 -0.060989 0.240467 0.968739 0.000000 0.000000 0.000000 0.000000 1.000000
0.996213 0.070691 0.050627 -0.000000 -0.057593 0.972683 -0.224880 12.094200 -0.065141 0.221113 0.973070 0.000000 0.000000 0.000000 0.000000 1.000000
0.996183 0.070922 0.050896 0.000000 -0.058772 0.975997 -0.209703 12.094200 -0.064547 0.205911 0.976440 0.000000 0.000000 0.000000 0.000000 1.000000
0.996464 0.069591 0.047079 -0.000000 -0.059176 0.979072 -0.194720 12.094200 -0.059644 0.191246 0.979728 0.000000 0.000000 0.000000 0.000000 1.000000
0.996891 0.066295 0.042581 -0.000000 -0.057656 0.982112 -0.179252 12.094200 -0.053703 0.176239 0.982881 0.000000 0.000000 0.000000 0.000000 1.000000
0.997329 0.061526 0.039353 0.000000 -0.054264 0.984873 -0.164564 12.094200 -0.048883 0.161989 0.985581 -0.000000 0.000000 0.000000 0.000000 1.000000
0.997737 0.056329 0.036713 0.000000 -0.050203 0.987334 -0.150506 12.094200 -0.044726 0.148322 0.987927 0.000000 0.000000 0.000000 0.000000 1.000000
0.998116 0.050993 0.034112 0.000000 -0.045894 0.989583 -0.136454 12.094200 -0.040715 0.134632 0.990059 -0.000000 0.000000 0.000000 0.000000 1.000000
0.998461 0.045545 0.031655 0.000000 -0.041348 0.991604 -0.122523 12.094200 -0.036970 0.121025 0.991961 0.000000 0.000000 0.000000 0.000000 1.000000
0.998764 0.040115 0.029356 0.000000 -0.036700 0.993381 -0.108846 12.094200 -0.033528 0.107635 0.993625 0.000000 0.000000 0.000000 0.000000 1.000000
0.999025 0.034807 0.027164 0.000000 -0.032070 0.994920 -0.095421 12.094200 -0.030348 0.094457 0.995066 0.000000 0.000000 0.000000 0.000000 1.000000
0.999241 0.029747 0.025162 -0.000000 -0.027582 0.996217 -0.082406 12.094200 -0.027518 0.081649 0.996281 0.000000 0.000000 0.000000 0.000000 1.000000
0.999402 0.025125 0.023738 0.000000 -0.023398 0.997244 -0.070408 12.094200 -0.025441 0.069810 0.997236 0.000000 0.000000 0.000000 0.000000 1.000000
0.999536 0.020693 0.022367 -0.000000 -0.019344 0.998074 -0.058942 12.094200 -0.023544 0.058482 0.998011 0.000000 0.000000 0.000000 0.000000 1.000000
0.999642 0.016507 0.021069 0.000000 -0.015477 0.998720 -0.048145 12.094200 -0.021837 0.047802 0.998618 0.000000 0.000000 0.000000 0.000000 1.000000
0.999723 0.012622 0.019861 0.000000 -0.011857 0.999202 -0.038153 12.094200 -0.020327 0.037907 0.999075 0.000000 0.000000 0.000000 0.000000 1.000000</float_array>
        <technique_common>
          <accessor source="#mixamorig_Spine1-Matrix-animation-output-transform-array" count="44" stride="16">
            <param type="float4x4"/>
          </accessor>
        </technique_common>
      </source>
      <source id="mixamorig_Spine1-Interpolations">
        <Name_array id="mixamorig_Spine1-Interpolations-array" count="44">
 LINEAR LINEAR LINEAR LINEAR LINEAR LINEAR LINEAR LINEAR LINEAR LINEAR LINEAR
LINEAR LINEAR LINEAR LINEAR LINEAR LINEAR LINEAR LINEAR LINEAR LINEAR LINEAR LINEAR
LINEAR LINEAR LINEAR LINEAR LINEAR LINEAR LINEAR LINEAR LINEAR LINEAR LINEAR LINEAR
LINEAR LINEAR LINEAR LINEAR LINEAR LINEAR LINEAR LINEAR LINEAR</Name_array>
        <technique_common>
          <accessor source="#mixamorig_Spine1-Interpolations-array" count="44">
            <param type="name"/>
          </accessor>
        </technique_common>
      </source>
      <sampler id="mixamorig_Spine1-Matrix-animation-transform">
        <input semantic="INPUT" source="#mixamorig_Spine1-Matrix-animation-input"/>
        <input semantic="OUTPUT" source="#mixamorig_Spine1-Matrix-animation-output-transform"/>
        <input semantic="INTERPOLATION" source="#mixamorig_Spine1-Interpolations"/>
      </sampler>
      <channel source="#mixamorig_Spine1-Matrix-animation-transform" target="mixamorig_Spine1/matrix"/>
    </animation>
    <animation id="mixamorig_Spine2-anim" name="mixamorig_Spine2">
      <source id="mixamorig_Spine2-Matrix-animation-input">
        <float_array id="mixamorig_Spine2-Matrix-animation-input-array" count="44">

0.000000 0.033333 0.066667 0.100000 0.133333 0.166667 0.200000 0.233333 0.266667 0.300000 0.333333 0.366667 0.400000 0.433333 0.466667 0.500000
0.533333 0.566667 0.600000 0.633333 0.666667 0.700000 0.733333 0.766667 0.800000 0.833333 0.866667 0.900000 0.933333 0.966667 1.000000 1.033333
1.066667 1.100000 1.133333 1.166667 1.200000 1.233333 1.266667 1.300000 1.333333 1.366667 1.400000 1.433333</float_array>
        <technique_common>
          <accessor source="#mixamorig_Spine2-Matrix-animation-input-array" count="44">
            <param name="TIME" type="float"/>
          </accessor>
        </technique_common>
      </source>
      <source id="mixamorig_Spine2-Matrix-animation-output-transform">
        <float_array id="mixamorig_Spine2-Matrix-animation-output-transform-array" count="704">

0.999731 0.012275 0.019671 0.000000 -0.011513 0.999195 -0.038417 13.821900 -0.020127 0.038180 0.999068 0.000000 0.000000 0.000000 0.000000 1.000000
0.999734 0.017455 0.015081 -0.000000 -0.016472 0.997877 -0.063005 13.821900 -0.016149 0.062740 0.997899 0.000000 0.000000 0.000000 0.000000 1.000000
0.999499 0.017433 0.026420 0.000000 -0.015579 0.997509 -0.068801 13.821900 -0.027554 0.068355 0.997280 0.000000 0.000000 0.000000 0.000000 1.000000
0.997852 0.019001 0.062699 0.000000 -0.015692 0.998480 -0.052841 13.821900 -0.063608 0.051744 0.996633 0.000000 0.000000 0.000000 0.000000 1.000000
0.994525 0.028059 0.100666 -0.000000 -0.023598 0.998697 -0.045238 13.821900 -0.101804 0.042615 0.993891 -0.000000 0.000000 0.000000 0.000000 1.000000
0.992829 0.034145 0.114560 0.000000 -0.027281 0.997767 -0.060958 13.821900 -0.116386 0.057396 0.991544 -0.000000 0.000000 0.000000 0.000000 1.000000
0.993489 0.027441 0.110575 0.000000 -0.018618 0.996617 -0.080053 13.821900 -0.112397 0.077473 0.990639 0.000000 0.000000 0.000000 0.000000 1.000000
0.994248 0.012618 0.106361 0.000000 -0.003131 0.996036 -0.088898 13.821900 -0.107061 0.088054 0.990346 0.000000 0.000000 0.000000 0.000000 1.000000
0.994254 -0.004366 0.106953 -0.000000 0.014549 0.995408 -0.094611 13.821900 -0.106049 0.095623 0.989752 0.000000 0.000000 0.000000 0.000000 1.000000
0.993785 -0.020102 0.109488 0.000000 0.032316 0.993301 -0.110949 13.821900 -0.106525 0.113798 0.987777 0.000000 0.000000 0.000000 0.000000 1.000000
0.993391 -0.033722 0.109711 -0.000000 0.048328 0.989893 -0.133325 13.821900 -0.104106 0.137746 0.984981 0.000000 0.000000 0.000000 0.000000 1.000000
0.993231 -0.043353 0.107758 0.000000 0.059898 0.986035 -0.155392 13.821900 -0.099517 0.160794 0.981958 -0.000000 0.000000 0.000000 0.000000 1.000000
0.993085 -0.049676 0.106372 0.000000 0.068165 0.981677 -0.177945 13.821900 -0.095583 0.183965 0.978274 -0.000000 0.000000 0.000000 0.000000 1.000000
0.992815 -0.054696 0.106425 0.000000 0.075429 0.976519 -0.201796 13.821900 -0.092888 0.208373 0.973628 0.000000 0.000000 0.000000 0.000000 1.000000
0.992632 -0.058482 0.106116 0.000000 0.080883 0.971923 -0.220962 13.821900 -0.090215 0.227917 0.969492 0.000000 0.000000 0.000000 0.000000 1.000000
0.992869 -0.060228 0.102876 -0.000000 0.082811 0.969235 -0.231788 13.821900 -0.085751 0.238654 0.967311 0.000000 0.000000 0.000000 0.000000 1.000000
0.993548 -0.059976 0.096254 -0.000000 0.081786 0.966889 -0.241736 13.821900 -0.078569 0.248049 0.965556 0.000000 0.000000 0.000000 0.000000 1.000000
0.994363 -0.057847 0.088859 -0.000000 0.079151 0.962610 -0.259068 13.821900 -0.070550 0.264641 0.961763 0.000000 0.000000 0.000000 0.000000 1.000000
0.995140 -0.053361 0.082763 -0.000000 0.074659 0.956868 -0.280766 13.821900 -0.064211 0.285581 0.956201 0.000000 0.000000 0.000000 0.000000 1.000000
0.995989 -0.045506 0.077034 0.000000 0.066637 0.951832 -0.299292 13.821900 -0.059704 0.303225 0.951047 0.000000 0.000000 0.000000 0.000000 1.000000
0.996973 -0.033490 0.070172 0.000000 0.053858 0.948365 -0.312576 13.821900 -0.056081 0.315409 0.947297 0.000000 0.000000 0.000000 0.000000 1.000000
0.997946 -0.018416 0.061360 -0.000000 0.037171 0.946528 -0.320472 13.821900 -0.052177 0.322094 0.945269 0.000000 0.000000 0.000000 0.000000 1.000000
0.998772 -0.002599 0.049470 0.000000 0.018372 0.946844 -0.321169 13.821900 -0.046006 0.321683 0.945729 -0.000000 0.000000 0.000000 0.000000 1.000000
0.999273 0.013258 0.035747 0.000000 -0.001269 0.948638 -0.316362 13.821900 -0.038105 0.316087 0.947965 0.000000 0.000000 0.000000 0.000000 1.000000
0.999236 0.029212 0.025968 0.000000 -0.019719 0.950416 -0.310356 13.821900 -0.033746 0.309607 0.950266 0.000000 0.000000 0.000000 0.000000 1.000000
0.998713 0.044045 0.025141 0.000000 -0.034363 0.952282 -0.303278 13.821900 -0.037299 0.302023 0.952571 0.000000 0.000000 0.000000 0.000000 1.000000
0.997950 0.055793 0.031364 0.000000 -0.044364 0.956191 -0.289362 13.821900 -0.046135 0.287377 0.956706 0.000000 0.000000 0.000000 0.000000 1.000000
0.997164 0.064054 0.039522 0.000000 -0.051221 0.962274 -0.267217 13.821900 -0.055147 0.264435 0.962826 0.000000 0.000000 0.000000 0.000000 1.000000
0.996506 0.069159 0.046825 -0.000000 -0.055756 0.968285 -0.243549 13.821900 -0.062184 0.240087 0.968758 0.000000 0.000000 0.000000 0.000000 1.000000
0.996119 0.071337 0.051560 -0.000000 -0.058042 0.972742 -0.224510 13.821900 -0.066171 0.220646 0.973107 0.000000 0.000000 0.000000 0.000000 1.000000
0.996106 0.071428 0.051675 0.000000 -0.059131 0.976055 -0.209332 13.821900 -0.065389 0.205461 0.976478 0.000000 0.000000 0.000000 0.000000 1.000000
0.996413 0.069907 0.047695 0.000000 -0.059387 0.979120 -0.194413 13.821900 -0.060290 0.190883 0.979760 0.000000 0.000000 0.000000 0.000000 1.000000
0.996864 0.066421 0.043016 0.000000 -0.057715 0.982149 -0.179034 13.821900 -0.054140 0.175990 0.982902 0.000000 0.000000 0.000000 0.000000 1.000000
0.997319 0.061520 0.039633 0.000000 -0.054219 0.984898 -0.164426 13.821900 -0.049150 0.161836 0.985593 0.000000 0.000000 0.000000 0.000000 1.000000
0.997736 0.056241 0.036885 0.000000 -0.050095 0.987351 -0.150427 13.821900 -0.044879 0.148239 0.987933 0.000000 0.000000 0.000000 0.000000 1.000000
0.998121 0.050842 0.034198 0.000000 -0.045733 0.989594 -0.136427 13.821900 -0.040779 0.134607 0.990060 0.000000 0.000000 0.000000 0.000000 1.000000
0.998469 0.045343 0.031669 0.000000 -0.041145 0.991610 -0.122543 13.821900 -0.036960 0.121053 0.991958 0.000000 0.000000 0.000000 0.000000 1.000000
0.998775 0.039874 0.029313 0.000000 -0.036462 0.993383 -0.108910 13.821900 -0.033461 0.107708 0.993619 0.000000 0.000000 0.000000 0.000000 1.000000
0.999037 0.034529 0.027070 0.000000 -0.031798 0.994919 -0.095528 13.821900 -0.030231 0.094575 0.995059 0.000000 0.000000 0.000000 0.000000 1.000000
0.999252 0.029492 0.025025 0.000000 -0.027335 0.996212 -0.082555 13.821900 -0.027365 0.081809 0.996272 0.000000 0.000000 0.000000 0.000000 1.000000
0.999413 0.024845 0.023586 0.000000 -0.023125 0.997238 -0.070585 13.821900 -0.025274 0.069998 0.997227 0.000000 0.000000 0.000000 0.000000 1.000000
0.999546 0.020389 0.022202 0.000000 -0.019046 0.998068 -0.059148 13.821900 -0.023365 0.058698 0.998002 0.000000 0.000000 0.000000 0.000000 1.000000
0.999651 0.016181 0.020891 0.000000 -0.015155 0.998714 -0.048380 13.821900 -0.021647 0.048047 0.998610 0.000000 0.000000 0.000000 0.000000 1.000000
0.999731 0.012275 0.019671 0.000000 -0.011513 0.999195 -0.038417 13.821900 -0.020127 0.038180 0.999068 -0.000000 0.000000 0.000000 0.000000 1.000000</float_array>
        <technique_common>
          <accessor source="#mixamorig_Spine2-Matrix-animation-output-transform-array" count="44" stride="16">
            <param type="float4x4"/>
          </accessor>
        </technique_common>
      </source>
      <source id="mixamorig_Spine2-Interpolations">
        <Name_array id="mixamorig_Spine2-Interpolations-array" count="44">
 LINEAR LINEAR LINEAR LINEAR LINEAR LINEAR LINEAR LINEAR LINEAR LINEAR LINEAR
LINEAR LINEAR LINEAR LINEAR LINEAR LINEAR LINEAR LINEAR LINEAR LINEAR LINEAR LINEAR
LINEAR LINEAR LINEAR LINEAR LINEAR LINEAR LINEAR LINEAR LINEAR LINEAR LINEAR LINEAR
LINEAR LINEAR LINEAR LINEAR LINEAR LINEAR LINEAR LINEAR LINEAR</Name_array>
        <technique_common>
          <accessor source="#mixamorig_Spine2-Interpolations-array" count="44">
            <param type="name"/>
          </accessor>
        </technique_common>
      </source>
      <sampler id="mixamorig_Spine2-Matrix-animation-transform">
        <input semantic="INPUT" source="#mixamorig_Spine2-Matrix-animation-input"/>
        <input semantic="OUTPUT" source="#mixamorig_Spine2-Matrix-animation-output-transform"/>
        <input semantic="INTERPOLATION" source="#mixamorig_Spine2-Interpolations"/>
      </sampler>
      <channel source="#mixamorig_Spine2-Matrix-animation-transform" target="mixamorig_Spine2/matrix"/>
    </animation>
    <animation id="mixamorig_Neck-anim" name="mixamorig_Neck">
      <source id="mixamorig_Neck-Matrix-animation-input">
        <float_array id="mixamorig_Neck-Matrix-animation-input-array" count="44">

0.000000 0.033333 0.066667 0.100000 0.133333 0.166667 0.200000 0.233333 0.266667 0.300000 0.333333 0.366667 0.400000 0.433333 0.466667 0.500000
0.533333 0.566667 0.600000 0.633333 0.666667 0.700000 0.733333 0.766667 0.800000 0.833333 0.866667 0.900000 0.933333 0.966667 1.000000 1.033333
1.066667 1.100000 1.133333 1.166667 1.200000 1.233333 1.266667 1.300000 1.333333 1.366667 1.400000 1.433333</float_array>
        <technique_common>
          <accessor source="#mixamorig_Neck-Matrix-animation-input-array" count="44">
            <param name="TIME" type="float"/>
          </accessor>
        </technique_common>
      </source>
      <source id="mixamorig_Neck-Matrix-animation-output-transform">
        <float_array id="mixamorig_Neck-Matrix-animation-output-transform-array" count="704">

0.970444 -0.077035 0.228700 0.000000 0.119034 0.977176 -0.175946 15.549600 -0.209926 0.197969 0.957465 0.000000 0.000000 0.000000 0.000000 1.000000
0.979304 -0.053636 0.195157 0.000000 0.091038 0.977929 -0.188063 15.549600 -0.180763 0.201938 0.962573 0.000000 0.000000 0.000000 0.000000 1.000000
0.988547 -0.012814 0.150368 -0.000000 0.040164 0.982792 -0.180296 15.549600 -0.145470 0.184271 0.972051 0.000000 0.000000 0.000000 0.000000 1.000000
0.994895 0.025367 0.097677 -0.000000 -0.013670 0.992847 -0.118612 15.549600 -0.099987 0.116671 0.988125 0.000000 0.000000 0.000000 0.000000 1.000000
0.998548 0.026170 0.047093 0.000000 -0.024854 0.999290 -0.028321 15.549600 -0.047801 0.027109 0.998489 0.000000 0.000000 0.000000 0.000000 1.000000
0.999991 -0.002314 0.003631 0.000000 0.002168 0.999204 0.039844 15.549600 -0.003721 -0.039836 0.999199 0.000000 0.000000 0.000000 0.000000 1.000000
0.999186 -0.020937 -0.034493 0.000000 0.023538 0.996768 0.076809 15.549600 0.032774 -0.077559 0.996449 -0.000000 0.000000 0.000000 0.000000 1.000000
0.997776 -0.018088 -0.064162 0.000000 0.023766 0.995760 0.088871 15.549600 0.062283 -0.090198 0.993974 0.000000 0.000000 0.000000 0.000000 1.000000
0.996957 -0.007849 -0.077553 0.000000 0.013830 0.996944 0.076883 15.549600 0.076713 -0.077722 0.994019 -0.000000 0.000000 0.000000 0.000000 1.000000
0.996748 0.001492 -0.080563 0.000000 0.002616 0.998702 0.050865 15.549600 0.080534 -0.050910 0.995451 -0.000000 0.000000 0.000000 0.000000 1.000000
0.996824 0.002716 -0.079589 0.000000 -0.000887 0.999735 0.023001 15.549600 0.079630 -0.022858 0.996562 0.000000 0.000000 0.000000 0.000000 1.000000
0.996777 -0.007649 -0.079852 -0.000000 0.007009 0.999941 -0.008298 15.549600 0.079911 0.007711 0.996772 -0.000000 0.000000 0.000000 0.000000 1.000000
0.996245 -0.023330 -0.083377 -0.000000 0.019637 0.998801 -0.044840 15.549600 0.084323 0.043035 0.995509 0.000000 0.000000 0.000000 0.000000 1.000000
0.995375 -0.033596 -0.090004 0.000000 0.026141 0.996226 -0.082763 15.549600 0.092445 0.080027 0.992497 0.000000 0.000000 0.000000 0.000000 1.000000
0.994703 -0.033421 -0.097203 0.000000 0.021413 0.992292 -0.122055 15.549600 0.100533 0.119328 0.987752 -0.000000 0.000000 0.000000 0.000000 1.000000
0.994450 -0.026763 -0.101746 0.000000 0.009873 0.986575 -0.163012 15.549600 0.104743 0.161102 0.981364 0.000000 0.000000 0.000000 0.000000 1.000000
0.994521 -0.018940 -0.102804 0.000000 -0.001833 0.980137 -0.198311 15.549600 0.104518 0.197413 0.974733 0.000000 0.000000 0.000000 0.000000 1.000000
0.994859 -0.008651 -0.100901 0.000000 -0.013991 0.975050 -0.221546 15.549600 0.100300 0.221819 0.969916 -0.000000 0.000000 0.000000 0.000000 1.000000
