<?xml version="1.0" encoding="utf-8"?>
<COLLADA xmlns="http://www.collada.org/2005/11/COLLADASchema" version="1.4.1">
  <asset>
    <contributor>
      <author>Mixamo</author>
      <authoring_tool>COLLADA Mixamo exporter</authoring_tool>
      <comments/>
    </contributor>
    <created>2024-10-30T20:23:36Z</created>
    <modified>2024-10-30T20:23:36Z</modified>
    <revision/>
    <title/>
    <unit meter="0.010000"/>
    <up_axis>Y_UP</up_axis>
  </asset>
  <library_animations>
    <animation id="mixamorig_Hips-anim" name="mixamorig_Hips">
      <source id="mixamorig_Hips-Matrix-animation-input">
        <float_array id="mixamorig_Hips-Matrix-animation-input-array" count="46">

0.000000 0.033333 0.066667 0.100000 0.133333 0.166667 0.200000 0.233333 0.266667 0.300000 0.333333 0.366667 0.400000 0.433333 0.466667 0.500000
0.533333 0.566667 0.600000 0.633333 0.666667 0.700000 0.733333 0.766667 0.800000 0.833333 0.866667 0.900000 0.933333 0.966667 1.000000 1.033333
1.066667 1.100000 1.133333 1.166667 1.200000 1.233333 1.266667 1.300000 1.333333 1.366667 1.400000 1.433333 1.466667 1.500000</float_array>
        <technique_common>
          <accessor source="#mixamorig_Hips-Matrix-animation-input-array" count="46">
            <param name="TIME" type="float"/>
          </accessor>
        </technique_common>
      </source>
      <source id="mixamorig_Hips-Matrix-animation-output-transform">
        <float_array id="mixamorig_Hips-Matrix-animation-output-transform-array" count="736">

0.583251 -0.119302 -0.803483 -0.525473 -0.017464 0.987085 -0.159240 82.747421 0.812104 0.106909 0.573635 0.463595 0.000000 0.000000 0.000000 1.000000
0.573367 -0.142777 -0.806762 -0.164380 0.005281 0.985322 -0.170625 82.774139 0.819281 0.093570 0.565705 -0.096591 0.000000 0.000000 0.000000 1.000000
0.564434 -0.167233 -0.808361 0.359616 0.029049 0.982681 -0.183013 82.760864 0.824967 0.079817 0.559517 -0.035687 0.000000 0.000000 0.000000 1.000000
0.554130 -0.191011 -0.810219 0.994036 0.052323 0.979385 -0.195108 82.727547 0.830784 0.065722 0.552701 0.362753 0.000000 0.000000 0.000000 1.000000
0.540267 -0.212472 -0.814228 1.653916 0.073711 0.975828 -0.205732 82.657745 0.838259 0.051133 0.542869 1.095012 0.000000 0.000000 0.000000 1.000000
0.520509 -0.229618 -0.822402 2.220580 0.091221 0.972604 -0.213821 82.499313 0.848969 0.036275 0.527196 2.218226 0.000000 0.000000 0.000000 1.000000
0.489251 -0.239105 -0.838726 2.371294 0.100966 0.970747 -0.217846 82.096214 0.866279 0.021899 0.499080 4.166575 0.000000 0.000000 0.000000 1.000000
0.463490 -0.263341 -0.846066 2.238209 0.112192 0.964574 -0.238766 81.652962 0.878971 0.015744 0.476616 6.583444 0.000000 0.000000 0.000000 1.000000
0.443133 -0.286185 -0.849548 1.983073 0.111342 0.957906 -0.264611 81.072769 0.889515 0.022667 0.456344 9.096449 0.000000 0.000000 0.000000 1.000000
0.448893 -0.304792 -0.839998 2.047040 0.106354 0.951573 -0.288441 80.375565 0.887234 0.040142 0.459571 11.762522 0.000000 0.000000 0.000000 1.000000
0.487165 -0.313151 -0.815234 2.562572 0.097420 0.947160 -0.305610 79.683205 0.867859 0.069463 0.491930 14.636058 0.000000 0.000000 0.000000 1.000000
0.545302 -0.294326 -0.784868 3.223251 0.075313 0.949745 -0.303830 79.512230 0.834849 0.106568 0.540065 17.703049 0.000000 0.000000 0.000000 1.000000
0.625408 -0.250701 -0.738928 3.742333 0.038839 0.955809 -0.291411 79.585930 0.779331 0.153551 0.607508 21.204670 0.000000 0.000000 0.000000 1.000000
0.725051 -0.186617 -0.662929 4.099681 -0.007303 0.960450 -0.278358 79.683563 0.688656 0.206665 0.695013 25.171101 0.000000 0.000000 0.000000 1.000000
0.848293 -0.113045 -0.517320 4.390789 -0.032317 0.964073 -0.263663 78.853973 0.528540 0.240382 0.814163 29.659214 0.000000 0.000000 0.000000 1.000000
0.941435 -0.051586 -0.333224 4.827363 -0.035184 0.967805 -0.249229 77.221466 0.335353 0.246357 0.909311 33.727673 0.000000 0.000000 0.000000 1.000000
0.986439 -0.040710 -0.159002 5.180362 0.001371 0.970760 -0.240048 75.232071 0.164125 0.236574 0.957651 36.548294 0.000000 0.000000 0.000000 1.000000
0.998778 -0.049392 0.001656 5.411625 0.048454 0.972122 -0.229416 73.335159 0.009721 0.229216 0.973327 38.893044 0.000000 0.000000 0.000000 1.000000
0.990364 -0.048976 0.129541 5.439909 0.079315 0.967369 -0.240636 72.060516 -0.113529 0.248591 0.961932 41.089390 0.000000 0.000000 0.000000 1.000000
0.974161 -0.032127 0.223558 5.335132 0.093793 0.957989 -0.271036 71.375778 -0.205459 0.285001 0.936249 43.090004 0.000000 0.000000 0.000000 1.000000
0.957242 -0.008726 0.289158 5.114055 0.103107 0.944194 -0.312835 71.034798 -0.270291 0.329273 0.904722 44.735489 0.000000 0.000000 0.000000 1.000000
0.945215 0.016260 0.326043 4.791124 0.108833 0.925924 -0.361690 70.954071 -0.307772 0.377359 0.873428 45.923309 0.000000 0.000000 0.000000 1.000000
0.938164 0.043475 0.343451 4.387858 0.110505 0.902577 -0.416106 71.057968 -0.328081 0.428329 0.841960 46.810726 0.000000 0.000000 0.000000 1.000000
0.932213 0.071473 0.354781 3.972811 0.111733 0.875577 -0.469979 71.188324 -0.344229 0.477762 0.808239 47.608902 0.000000 0.000000 0.000000 1.000000
0.927482 0.099113 0.360490 3.568881 0.112036 0.846226 -0.520912 71.324539 -0.356685 0.523524 0.773756 48.307480 0.000000 0.000000 0.000000 1.000000
0.926192 0.123683 0.356189 3.227133 0.107807 0.818365 -0.564497 71.477127 -0.361311 0.561232 0.744629 48.775181 0.000000 0.000000 0.000000 1.000000
0.936605 0.135672 0.323054 3.157743 0.084937 0.806581 -0.584989 71.719078 -0.339936 0.575343 0.743925 48.484520 0.000000 0.000000 0.000000 1.000000
0.948864 0.143454 0.281209 3.165879 0.056336 0.799542 -0.597963 71.986397 -0.310618 0.583227 0.750574 47.979572 0.000000 0.000000 0.000000 1.000000
0.961959 0.146562 0.230553 3.246303 0.023404 0.796605 -0.604047 72.271454 -0.272190 0.586464 0.762871 47.289890 0.000000 0.000000 0.000000 1.000000
0.977900 0.137803 0.157229 3.514239 -0.017745 0.804031 -0.594323 72.583679 -0.208316 0.578399 0.788707 46.135658 0.000000 0.000000 0.000000 1.000000
0.990052 0.120925 0.071934 3.842915 -0.057485 0.814264 -0.577641 72.828812 -0.128425 0.567759 0.813115 44.823780 0.000000 0.000000 0.000000 1.000000
0.994736 0.083055 -0.060015 4.316589 -0.102287 0.839733 -0.533279 72.910049 0.006105 0.536611 0.843808 42.845993 0.000000 0.000000 0.000000 1.000000
0.970185 0.062692 -0.234118 4.459970 -0.166685 0.873841 -0.456747 72.964989 0.175947 0.482153 0.858237 40.715176 0.000000 0.000000 0.000000 1.000000
0.910572 0.044806 -0.410915 4.563964 -0.210206 0.906159 -0.367001 73.281845 0.355910 0.420557 0.834541 38.323715 0.000000 0.000000 0.000000 1.000000
0.842967 0.021129 -0.537551 4.284669 -0.205744 0.935926 -0.285852 74.576729 0.497068 0.351561 0.793302 35.346436 0.000000 0.000000 0.000000 1.000000
0.789151 -0.014056 -0.614039 3.739127 -0.179919 0.950593 -0.252988 75.929321 0.587257 0.310122 0.747632 31.530275 0.000000 0.000000 0.000000 1.000000
0.754792 -0.050996 -0.653979 3.201809 -0.147319 0.958327 -0.244757 77.073792 0.639207 0.281084 0.715825 27.419123 0.000000 0.000000 0.000000 1.000000
0.722701 -0.086074 -0.685780 2.656925 -0.112987 0.964155 -0.240083 78.194557 0.681863 0.250993 0.687070 23.089703 0.000000 0.000000 0.000000 1.000000
0.692359 -0.116870 -0.712025 2.114511 -0.080040 0.968266 -0.236758 79.227783 0.717100 0.220912 0.661033 18.716240 0.000000 0.000000 0.000000 1.000000
0.664620 -0.139341 -0.734074 1.549932 -0.053427 0.971080 -0.232701 80.040588 0.745269 0.193877 0.637954 14.557729 0.000000 0.000000 0.000000 1.000000
0.635135 -0.148792 -0.757934 1.005288 -0.036383 0.974418 -0.221779 80.737938 0.771544 0.168436 0.613473 10.857743 0.000000 0.000000 0.000000 1.000000
0.618174 -0.145958 -0.772371 0.653600 -0.029625 0.977585 -0.208449 81.215050 0.785483 0.151739 0.599994 8.379252 0.000000 0.000000 0.000000 1.000000
0.606959 -0.140521 -0.782211 0.351559 -0.025455 0.980302 -0.195859 81.626221 0.794326 0.138790 0.591426 6.262596 0.000000 0.000000 0.000000 1.000000
0.599079 -0.133664 -0.789454 0.069238 -0.022754 0.982728 -0.183654 82.000595 0.800366 0.127987 0.585691 4.358377 0.000000 0.000000 0.000000 1.000000
0.592033 -0.126285 -0.795958 -0.215492 -0.020520 0.984964 -0.171534 82.365356 0.805652 0.117887 0.580540 2.483212 0.000000 0.000000 0.000000 1.000000
0.583251 -0.119302 -0.803484 -0.525474 -0.017464 0.987085 -0.159240 82.747421 0.812104 0.106909 0.573635 0.463599 0.000000 0.000000 0.000000 1.000000</float_array>
        <technique_common>
          <accessor source="#mixamorig_Hips-Matrix-animation-output-transform-array" count="46" stride="16">
            <param type="float4x4"/>
          </accessor>
        </technique_common>
      </source>
      <source id="mixamorig_Hips-Interpolations">
        <Name_array id="mixamorig_Hips-Interpolations-array" count="46">
 LINEAR LINEAR LINEAR LINEAR LINEAR LINEAR LINEAR LINEAR LINEAR LINEAR LINEAR
LINEAR LINEAR LINEAR LINEAR LINEAR LINEAR LINEAR LINEAR LINEAR LINEAR LINEAR LINEAR
LINEAR LINEAR LINEAR LINEAR LINEAR LINEAR LINEAR LINEAR LINEAR LINEAR LINEAR LINEAR
LINEAR LINEAR LINEAR LINEAR LINEAR LINEAR LINEAR LINEAR LINEAR LINEAR LINEAR</Name_array>
        <technique_common>
          <accessor source="#mixamorig_Hips-Interpolations-array" count="46">
            <param type="name"/>
          </accessor>
        </technique_common>
      </source>
      <sampler id="mixamorig_Hips-Matrix-animation-transform">
        <input semantic="INPUT" source="#mixamorig_Hips-Matrix-animation-input"/>
        <input semantic="OUTPUT" source="#mixamorig_Hips-Matrix-animation-output-transform"/>
        <input semantic="INTERPOLATION" source="#mixamorig_Hips-Interpolations"/>
      </sampler>
      <channel source="#mixamorig_Hips-Matrix-animation-transform" target="mixamorig_Hips/matrix"/>
    </animation>
    <animation id="mixamorig_Spine-anim" name="mixamorig_Spine">
      <source id="mixamorig_Spine-Matrix-animation-input">
        <float_array id="mixamorig_Spine-Matrix-animation-input-array" count="46">

0.000000 0.033333 0.066667 0.100000 0.133333 0.166667 0.200000 0.233333 0.266667 0.300000 0.333333 0.366667 0.400000 0.433333 0.466667 0.500000
0.533333 0.566667 0.600000 0.633333 0.666667 0.700000 0.733333 0.766667 0.800000 0.833333 0.866667 0.900000 0.933333 0.966667 1.000000 1.033333
1.066667 1.100000 1.133333 1.166667 1.200000 1.233333 1.266667 1.300000 1.333333 1.366667 1.400000 1.433333 1.466667 1.500000</float_array>
        <technique_common>
          <accessor source="#mixamorig_Spine-Matrix-animation-input-array" count="46">
            <param name="TIME" type="float"/>
          </accessor>
        </technique_common>
      </source>
      <source id="mixamorig_Spine-Matrix-animation-output-transform">
        <float_array id="mixamorig_Spine-Matrix-animation-output-transform-array" count="736">

0.996789 0.039337 0.069746 -0.000000 -0.042954 0.997767 0.051151 10.198500 -0.067578 -0.053982 0.996253 -1.858500 0.000000 0.000000 0.000000 1.000000
0.997938 0.019654 0.061103 -0.000000 -0.023021 0.998226 0.054902 10.198500 -0.059916 -0.056195 0.996620 -1.858500 0.000000 0.000000 0.000000 1.000000
0.999176 0.002244 0.040523 0.000000 -0.004312 0.998689 0.051015 10.198500 -0.040355 -0.051148 0.997875 -1.858500 0.000000 0.000000 0.000000 1.000000
0.999847 -0.012920 0.011834 -0.000000 0.012456 0.999181 0.038492 10.198500 -0.012322 -0.038339 0.999189 -1.858500 0.000000 0.000000 0.000000 1.000000
0.999444 -0.025722 -0.021193 0.000000 0.026207 0.999393 0.022968 10.198500 0.020590 -0.023511 0.999512 -1.858500 0.000000 0.000000 0.000000 1.000000
0.997848 -0.036592 -0.054413 -0.000000 0.037187 0.999259 0.009958 10.198500 0.054008 -0.011960 0.998469 -1.858500 0.000000 0.000000 0.000000 1.000000
0.995432 -0.045606 -0.083877 0.000000 0.046481 0.998883 0.008504 10.198500 0.083395 -0.012363 0.996440 -1.858500 0.000000 0.000000 0.000000 1.000000
0.992162 -0.052147 -0.113558 -0.000000 0.055693 0.998047 0.028279 10.198500 0.111862 -0.034382 0.993129 -1.858500 0.000000 0.000000 0.000000 1.000000
0.988831 -0.056842 -0.137773 0.000000 0.064415 0.996612 0.051140 10.198500 0.134400 -0.059444 0.989143 -1.858500 0.000000 0.000000 0.000000 1.000000
0.986164 -0.059174 -0.154849 0.000000 0.071361 0.994674 0.074366 10.198500 0.149624 -0.084387 0.985135 -1.858500 0.000000 0.000000 0.000000 1.000000
0.985053 -0.057904 -0.162228 0.000000 0.074674 0.992256 0.099255 10.198500 0.155224 -0.109886 0.981749 -1.858500 0.000000 0.000000 0.000000 1.000000
0.988585 -0.049893 -0.142164 -0.000000 0.064225 0.993104 0.098078 10.198500 0.136290 -0.106089 0.984972 -1.858500 0.000000 0.000000 0.000000 1.000000
0.994897 -0.038904 -0.093092 0.000000 0.047154 0.994993 0.088126 10.198500 0.089197 -0.092066 0.991750 -1.858500 0.000000 0.000000 0.000000 1.000000
0.999423 -0.027496 -0.019926 0.000000 0.028847 0.997058 0.071017 10.198500 0.017915 -0.071550 0.997276 -1.858500 0.000000 0.000000 0.000000 1.000000
0.998602 -0.010932 0.051709 0.000000 0.008642 0.998981 0.044305 10.198500 -0.052141 -0.043796 0.997679 -1.858500 0.000000 0.000000 0.000000 1.000000
0.994776 0.015848 0.100841 -0.000000 -0.016779 0.999824 0.008390 10.198500 -0.100691 -0.010038 0.994867 -1.858500 0.000000 0.000000 0.000000 1.000000
0.989720 0.066744 0.126489 0.000000 -0.061994 0.997229 -0.041125 10.198500 -0.128884 0.032861 0.991115 -1.858500 0.000000 0.000000 0.000000 1.000000
0.981374 0.122982 0.147581 0.000000 -0.110240 0.989671 -0.091644 10.198500 -0.157327 0.073668 0.984795 -1.858500 0.000000 0.000000 0.000000 1.000000
0.968745 0.161291 0.188465 -0.000000 -0.139281 0.982359 -0.124786 10.198500 -0.205267 0.094636 0.974120 -1.858500 0.000000 0.000000 0.000000 1.000000
0.950714 0.183088 0.250245 -0.000000 -0.151173 0.978334 -0.141455 10.198500 -0.270722 0.096653 0.957793 -1.858500 0.000000 0.000000 0.000000 1.000000
0.931912 0.204144 0.299777 -0.000000 -0.164320 0.974500 -0.152804 10.198500 -0.323327 0.093141 0.941692 -1.858500 0.000000 0.000000 0.000000 1.000000
0.917974 0.228599 0.324138 0.000000 -0.184440 0.969501 -0.161398 10.198500 -0.351148 0.088375 0.932140 -1.858500 0.000000 0.000000 0.000000 1.000000
0.907214 0.252869 0.336184 0.000000 -0.207154 0.964096 -0.166150 10.198500 -0.366128 0.081092 0.927025 -1.858500 0.000000 0.000000 0.000000 1.000000
0.896822 0.276720 0.345161 0.000000 -0.230134 0.958157 -0.170217 10.198500 -0.377821 0.073221 0.922979 -1.858500 0.000000 0.000000 0.000000 1.000000
0.887019 0.299524 0.351402 0.000000 -0.252693 0.951866 -0.173485 10.198500 -0.386451 0.065088 0.920011 -1.858500 0.000000 0.000000 0.000000 1.000000
0.879936 0.319020 0.352049 -0.000000 -0.273406 0.946045 -0.173919 10.198500 -0.388538 0.056785 0.919681 -1.858500 0.000000 0.000000 0.000000 1.000000
0.883644 0.326755 0.335268 -0.000000 -0.286948 0.943871 -0.163613 10.198500 -0.369911 0.048371 0.927807 -1.858500 0.000000 0.000000 0.000000 1.000000
0.889915 0.331184 0.313638 0.000000 -0.297982 0.942718 -0.149966 10.198500 -0.345338 0.039998 0.937626 -1.858500 0.000000 0.000000 0.000000 1.000000
0.897771 0.333080 0.288210 0.000000 -0.306670 0.942364 -0.133801 10.198500 -0.316165 0.031737 0.948173 -1.858500 0.000000 0.000000 0.000000 1.000000
0.909425 0.328998 0.254374 -0.000000 -0.309949 0.944031 -0.112861 10.198500 -0.277268 0.023796 0.960498 -1.858500 0.000000 0.000000 0.000000 1.000000
0.920505 0.322506 0.220592 -0.000000 -0.309509 0.946423 -0.092128 10.198500 -0.238485 0.016529 0.971006 -1.858500 0.000000 0.000000 0.000000 1.000000
0.931452 0.314094 0.183692 0.000000 -0.305953 0.949331 -0.071850 10.198500 -0.196952 0.010724 0.980354 -1.858500 0.000000 0.000000 0.000000 1.000000
0.940988 0.303197 0.150375 0.000000 -0.297085 0.952828 -0.062117 10.198500 -0.162116 0.013777 0.986676 -1.858500 0.000000 0.000000 0.000000 1.000000
0.950537 0.290578 0.109748 0.000000 -0.285731 0.956558 -0.057921 10.198500 -0.121811 0.023698 0.992270 -1.858500 0.000000 0.000000 0.000000 1.000000
0.958108 0.275622 0.077858 -0.000000 -0.272522 0.960942 -0.048182 10.198500 -0.088097 0.024945 0.995800 -1.858500 0.000000 0.000000 0.000000 1.000000
0.964582 0.258880 0.050622 -0.000000 -0.257914 0.965848 -0.024871 10.198500 -0.055332 0.010934 0.998408 -1.858500 0.000000 0.000000 0.000000 1.000000
0.970015 0.240574 0.034563 0.000000 -0.240740 0.970589 0.000672 10.198500 -0.033385 -0.008972 0.999402 -1.858500 0.000000 0.000000 0.000000 1.000000
0.974909 0.221735 0.019653 -0.000000 -0.222219 0.974615 0.027292 10.198500 -0.013102 -0.030975 0.999434 -1.858500 0.000000 0.000000 0.000000 1.000000
0.979377 0.201836 0.009091 0.000000 -0.202038 0.978134 0.049351 10.198500 0.001068 -0.050170 0.998740 -1.858500 0.000000 0.000000 0.000000 1.000000
0.983660 0.179698 0.011064 0.000000 -0.180037 0.982001 0.057098 10.198500 -0.000604 -0.058157 0.998307 -1.858500 0.000000 0.000000 0.000000 1.000000
0.987561 0.155969 0.019910 0.000000 -0.156769 0.986447 0.048442 10.198500 -0.012084 -0.050961 0.998628 -1.858500 0.000000 0.000000 0.000000 1.000000
0.990675 0.132937 0.029831 0.000000 -0.134167 0.989986 0.043896 10.198500 -0.023696 -0.047489 0.998591 -1.858500 0.000000 0.000000 0.000000 1.000000
0.993163 0.109750 0.039776 -0.000000 -0.111452 0.992820 0.043434 10.198500 -0.034724 -0.047570 0.998264 -1.858500 0.000000 0.000000 0.000000 1.000000
0.995010 0.086484 0.049754 0.000000 -0.088759 0.995013 0.045511 10.198500 -0.045570 -0.049700 0.997724 -1.858500 0.000000 0.000000 0.000000 1.000000
0.996224 0.062994 0.059753 0.000000 -0.065935 0.996640 0.048596 10.198500 -0.056491 -0.052352 0.997030 -1.858500 0.000000 0.000000 0.000000 1.000000
0.996789 0.039337 0.069746 -0.000000 -0.042954 0.997767 0.051151 10.198500 -0.067578 -0.053982 0.996253 -1.858500 0.000000 0.000000 0.000000 1.000000</float_array>
        <technique_common>
          <accessor source="#mixamorig_Spine-Matrix-animation-output-transform-array" count="46" stride="16">
            <param type="float4x4"/>
          </accessor>
        </technique_common>
      </source>
      <source id="mixamorig_Spine-Interpolations">
        <Name_array id="mixamorig_Spine-Interpolations-array" count="46">
 LINEAR LINEAR LINEAR LINEAR LINEAR LINEAR LINEAR LINEAR LINEAR LINEAR LINEAR
LINEAR LINEAR LINEAR LINEAR LINEAR LINEAR LINEAR LINEAR LINEAR LINEAR LINEAR LINEAR
LINEAR LINEAR LINEAR LINEAR LINEAR LINEAR LINEAR LINEAR LINEAR LINEAR LINEAR LINEAR
LINEAR LINEAR LINEAR LINEAR LINEAR LINEAR LINEAR LINEAR LINEAR LINEAR LINEAR</Name_array>
        <technique_common>
          <accessor source="#mixamorig_Spine-Interpolations-array" count="46">
            <param type="name"/>
          </accessor>
        </technique_common>
      </source>
      <sampler id="mixamorig_Spine-Matrix-animation-transform">
        <input semantic="INPUT" source="#mixamorig_Spine-Matrix-animation-input"/>
        <input semantic="OUTPUT" source="#mixamorig_Spine-Matrix-animation-output-transform"/>
        <input semantic="INTERPOLATION" source="#mixamorig_Spine-Interpolations"/>
      </sampler>
      <channel source="#mixamorig_Spine-Matrix-animation-transform" target="mixamorig_Spine/matrix"/>
    </animation>
    <animation id="mixamorig_Spine1-anim" name="mixamorig_Spine1">
      <source id="mixamorig_Spine1-Matrix-animation-input">
        <float_array id="mixamorig_Spine1-Matrix-animation-input-array" count="46">

0.000000 0.033333 0.066667 0.100000 0.133333 0.166667 0.200000 0.233333 0.266667 0.300000 0.333333 0.366667 0.400000 0.433333 0.466667 0.500000
0.533333 0.566667 0.600000 0.633333 0.666667 0.700000 0.733333 0.766667 0.800000 0.833333 0.866667 0.900000 0.933333 0.966667 1.000000 1.033333
1.066667 1.100000 1.133333 1.166667 1.200000 1.233333 1.266667 1.300000 1.333333 1.366667 1.400000 1.433333 1.466667 1.500000</float_array>
        <technique_common>
          <accessor source="#mixamorig_Spine1-Matrix-animation-input-array" count="46">
            <param name="TIME" type="float"/>
          </accessor>
        </technique_common>
      </source>
      <source id="mixamorig_Spine1-Matrix-animation-output-transform">
        <float_array id="mixamorig_Spine1-Matrix-animation-output-transform-array" count="736">

0.998870 -0.044344 0.017120 0.000000 0.044704 0.998775 -0.021223 12.094200 -0.016158 0.021964 0.999628 0.000000 0.000000 0.000000 0.000000 1.000000
0.999047 -0.040846 0.015413 -0.000000 0.041008 0.999105 -0.010343 12.094200 -0.014977 0.010965 0.999828 0.000000 0.000000 0.000000 0.000000 1.000000
0.999436 -0.031792 0.010841 0.000000 0.031735 0.999482 0.005377 12.094200 -0.011006 -0.005030 0.999927 0.000000 0.000000 0.000000 0.000000 1.000000
0.999804 -0.019341 0.004243 0.000000 0.019294 0.999756 0.010750 12.094200 -0.004450 -0.010666 0.999933 0.000000 0.000000 0.000000 0.000000 1.000000
0.999978 -0.005658 -0.003499 0.000000 0.005706 0.999887 0.013873 12.094200 0.003420 -0.013893 0.999898 0.000000 0.000000 0.000000 0.000000 1.000000
0.999909 0.007088 -0.011508 0.000000 -0.006896 0.999838 0.016641 12.094200 0.011624 -0.016560 0.999795 0.000000 0.000000 0.000000 0.000000 1.000000
0.999681 0.016730 -0.018912 0.000000 -0.016385 0.999699 0.018272 12.094200 0.019212 -0.017957 0.999654 0.000000 0.000000 0.000000 0.000000 1.000000
0.999397 0.021539 -0.027231 0.000000 -0.020960 0.999551 0.021394 12.094200 0.027680 -0.020811 0.999400 0.000000 0.000000 0.000000 0.000000 1.000000
0.999085 0.025429 -0.034394 0.000000 -0.024630 0.999421 0.023462 12.094200 0.034971 -0.022593 0.999133 0.000000 0.000000 0.000000 0.000000 1.000000
0.998824 0.027807 -0.039724 -0.000000 -0.026809 0.999317 0.025445 12.094200 0.040404 -0.024350 0.998887 0.000000 0.000000 0.000000 0.000000 1.000000
0.998686 0.029243 -0.042093 0.000000 -0.028054 0.999198 0.028557 12.094200 0.042894 -0.027339 0.998705 0.000000 0.000000 0.000000 0.000000 1.000000
0.999031 0.024361 -0.036658 0.000000 -0.023318 0.999318 0.028638 12.094200 0.037330 -0.027756 0.998917 0.000000 0.000000 0.000000 0.000000 1.000000
0.999618 0.013951 -0.023877 0.000000 -0.013225 0.999454 0.030281 12.094200 0.024287 -0.029954 0.999256 -0.000000 0.000000 0.000000 0.000000 1.000000
0.999987 -0.000345 -0.005161 0.000000 0.000517 0.999446 0.033274 12.094200 0.005147 -0.033276 0.999433 0.000000 0.000000 0.000000 0.000000 1.000000
0.999844 -0.011611 0.013330 0.000000 0.011201 0.999474 0.030421 12.094200 -0.013676 -0.030267 0.999448 0.000000 0.000000 0.000000 0.000000 1.000000
0.999505 -0.013301 0.028519 -0.000000 0.012610 0.999625 0.024304 12.094200 -0.028832 -0.023933 0.999298 0.000000 0.000000 0.000000 0.000000 1.000000
0.999191 -0.008767 0.039258 0.000000 0.008262 0.999881 0.013005 12.094200 -0.039368 -0.012670 0.999144 0.000000 0.000000 0.000000 0.000000 1.000000
0.998786 -0.001390 0.049230 -0.000000 0.001399 0.999999 -0.000161 12.094200 -0.049230 0.000230 0.998787 -0.000000 0.000000 0.000000 0.000000 1.000000
0.997962 0.006914 0.063429 0.000000 -0.006101 0.999897 -0.013011 12.094200 -0.063513 0.012597 0.997902 0.000000 0.000000 0.000000 0.000000 1.000000
0.996459 0.016698 0.082410 0.000000 -0.014572 0.999547 -0.026342 12.094200 -0.082813 0.025048 0.996250 0.000000 0.000000 0.000000 0.000000 1.000000
0.994863 0.027250 0.097490 0.000000 -0.023622 0.998992 -0.038176 12.094200 -0.098432 0.035677 0.994504 -0.000000 0.000000 0.000000 0.000000 1.000000
0.993757 0.037797 0.104972 0.000000 -0.032997 0.998345 -0.047098 12.094200 -0.106578 0.043340 0.993359 0.000000 0.000000 0.000000 0.000000 1.000000
0.992935 0.048178 0.108435 0.000000 -0.042470 0.997618 -0.054350 12.094200 -0.110795 0.049361 0.992617 -0.000000 0.000000 0.000000 0.000000 1.000000
0.992103 0.058450 0.110975 0.000000 -0.051882 0.996777 -0.061184 12.094200 -0.114194 0.054944 0.991938 0.000000 0.000000 0.000000 0.000000 1.000000
0.991265 0.068410 0.112757 0.000000 -0.061053 0.995852 -0.067460 12.094200 -0.116904 0.059986 0.991330 -0.000000 0.000000 0.000000 0.000000 1.000000
0.990587 0.077334 0.112948 0.000000 -0.069452 0.994974 -0.072134 12.094200 -0.117959 0.063610 0.990979 -0.000000 0.000000 0.000000 0.000000 1.000000
0.990719 0.082442 0.108073 -0.000000 -0.075024 0.994651 -0.071004 12.094200 -0.113348 0.062237 0.991604 0.000000 0.000000 0.000000 0.000000 1.000000
0.991051 0.086345 0.101795 0.000000 -0.079643 0.994490 -0.068162 12.094200 -0.107119 0.059445 0.992467 0.000000 0.000000 0.000000 0.000000 1.000000
0.991581 0.088666 0.094374 0.000000 -0.082858 0.994518 -0.063777 12.094200 -0.099511 0.055420 0.993492 -0.000000 0.000000 0.000000 0.000000 1.000000
0.992708 0.086189 0.084276 0.000000 -0.081664 0.995100 -0.055747 12.094200 -0.088667 0.048458 0.994882 -0.000000 0.000000 0.000000 0.000000 1.000000
0.994144 0.079019 0.073711 0.000000 -0.075694 0.996029 -0.046865 12.094200 -0.077122 0.041011 0.996178 0.000000 0.000000 0.000000 0.000000 1.000000
0.996286 0.060718 0.061059 0.000000 -0.058662 0.997667 -0.034925 12.094200 -0.063037 0.031214 0.997523 -0.000000 0.000000 0.000000 0.000000 1.000000
0.997535 0.048357 0.050853 -0.000000 -0.047101 0.998562 -0.025611 12.094200 -0.052019 0.023153 0.998378 -0.000000 0.000000 0.000000 0.000000 1.000000
0.998373 0.041390 0.039214 0.000000 -0.040831 0.999055 -0.014929 12.094200 -0.039795 0.013304 0.999119 0.000000 0.000000 0.000000 0.000000 1.000000
0.998950 0.035526 0.028931 0.000000 -0.035309 0.999344 -0.007998 12.094200 -0.029196 0.006968 0.999549 0.000000 0.000000 0.000000 0.000000 1.000000
0.999262 0.031793 0.021554 0.000000 -0.031727 0.999491 -0.003412 12.094200 -0.021651 0.002725 0.999762 0.000000 0.000000 0.000000 0.000000 1.000000
0.999410 0.030471 0.015880 -0.000000 -0.030484 0.999535 0.000584 12.094200 -0.015855 -0.001068 0.999874 0.000000 0.000000 0.000000 0.000000 1.000000
0.999475 0.030606 0.010607 -0.000000 -0.030664 0.999516 0.005312 12.094200 -0.010439 -0.005634 0.999930 0.000000 0.000000 0.000000 0.000000 1.000000
0.999494 0.031092 0.006776 -0.000000 -0.031155 0.999469 0.009544 12.094200 -0.006475 -0.009750 0.999931 0.000000 0.000000 0.000000 0.000000 1.000000
0.999507 0.030598 0.006974 0.000000 -0.030679 0.999459 0.011819 12.094200 -0.006609 -0.012027 0.999906 0.000000 0.000000 0.000000 0.000000 1.000000
0.999576 0.027609 0.009251 0.000000 -0.027712 0.999554 0.011123 12.094200 -0.008940 -0.011374 0.999895 -0.000000 0.000000 0.000000 0.000000 1.000000
0.999802 0.016532 0.011101 -0.000000 -0.016601 0.999844 0.006113 12.094200 -0.010998 -0.006296 0.999920 0.000000 0.000000 0.000000 0.000000 1.000000
0.999916 0.002553 0.012713 -0.000000 -0.002550 0.999997 -0.000225 12.094200 -0.012714 0.000193 0.999919 0.000000 0.000000 0.000000 0.000000 1.000000
0.999814 -0.013084 0.014187 -0.000000 0.013188 0.999886 -0.007290 12.094200 -0.014090 0.007475 0.999873 0.000000 0.000000 0.000000 0.000000 1.000000
0.999453 -0.029132 0.015623 0.000000 0.029358 0.999464 -0.014485 12.094200 -0.015192 0.014935 0.999773 -0.000000 0.000000 0.000000 0.000000 1.000000
0.998870 -0.044344 0.017120 0.000000 0.044704 0.998775 -0.021223 12.094200 -0.016158 0.021964 0.999628 0.000000 0.000000 0.000000 0.000000 1.000000</float_array>
        <technique_common>
          <accessor source="#mixamorig_Spine1-Matrix-animation-output-transform-array" count="46" stride="16">
            <param type="float4x4"/>
          </accessor>
        </technique_common>
      </source>
      <source id="mixamorig_Spine1-Interpolations">
        <Name_array id="mixamorig_Spine1-Interpolations-array" count="46">
 LINEAR LINEAR LINEAR LINEAR LINEAR LINEAR LINEAR LINEAR LINEAR LINEAR LINEAR
LINEAR LINEAR LINEAR LINEAR LINEAR LINEAR LINEAR LINEAR LINEAR LINEAR LINEAR LINEAR
LINEAR LINEAR LINEAR LINEAR LINEAR LINEAR LINEAR LINEAR LINEAR LINEAR LINEAR LINEAR
LINEAR LINEAR LINEAR LINEAR LINEAR LINEAR LINEAR LINEAR LINEAR LINEAR LINEAR</Name_array>
        <technique_common>
          <accessor source="#mixamorig_Spine1-Interpolations-array" count="46">
            <param type="name"/>
          </accessor>
        </technique_common>
      </source>
      <sampler id="mixamorig_Spine1-Matrix-animation-transform">
        <input semantic="INPUT" source="#mixamorig_Spine1-Matrix-animation-input"/>
        <input semantic="OUTPUT" source="#mixamorig_Spine1-Matrix-animation-output-transform"/>
        <input semantic="INTERPOLATION" source="#mixamorig_Spine1-Interpolations"/>
      </sampler>
      <channel source="#mixamorig_Spine1-Matrix-animation-transform" target="mixamorig_Spine1/matrix"/>
    </animation>
    <animation id="mixamorig_Spine2-anim" name="mixamorig_Spine2">
      <source id="mixamorig_Spine2-Matrix-animation-input">
        <float_array id="mixamorig_Spine2-Matrix-animation-input-array" count="46">

0.000000 0.033333 0.066667 0.100000 0.133333 0.166667 0.200000 0.233333 0.266667 0.300000 0.333333 0.366667 0.400000 0.433333 0.466667 0.500000
0.533333 0.566667 0.600000 0.633333 0.666667 0.700000 0.733333 0.766667 0.800000 0.833333 0.866667 0.900000 0.933333 0.966667 1.000000 1.033333
1.066667 1.100000 1.133333 1.166667 1.200000 1.233333 1.266667 1.300000 1.333333 1.366667 1.400000 1.433333 1.466667 1.500000</float_array>
        <technique_common>
          <accessor source="#mixamorig_Spine2-Matrix-animation-input-array" count="46">
            <param name="TIME" type="float"/>
          </accessor>
        </technique_common>
      </source>
      <source id="mixamorig_Spine2-Matrix-animation-output-transform">
        <float_array id="mixamorig_Spine2-Matrix-animation-output-transform-array" count="736">

0.999575 -0.022083 0.019016 -0.000000 0.022156 0.999748 -0.003649 13.821900 -0.018931 0.004069 0.999813 0.000000 0.000000 0.000000 0.000000 1.000000
0.999628 -0.020934 0.017457 -0.000000 0.020860 0.999773 0.004394 13.821900 -0.017545 -0.004028 0.999838 0.000000 0.000000 0.000000 0.000000 1.000000
0.999791 -0.015505 0.013351 0.000000 0.015300 0.999765 0.015346 13.821900 -0.013586 -0.015139 0.999793 0.000000 0.000000 0.000000 0.000000 1.000000
0.999959 -0.005162 0.007389 0.000000 0.005037 0.999846 0.016794 13.821900 -0.007474 -0.016756 0.999832 0.000000 0.000000 0.000000 0.000000 1.000000
0.999981 0.006102 -0.000055 -0.000000 -0.006101 0.999848 0.016334 13.821900 0.000154 -0.016334 0.999867 0.000000 0.000000 0.000000 0.000000 1.000000
0.999859 0.014448 -0.008598 0.000000 -0.014304 0.999760 0.016572 13.821900 0.008835 -0.016447 0.999826 0.000000 0.000000 0.000000 0.000000 1.000000
0.999656 0.019439 -0.017605 0.000000 -0.019120 0.999653 0.018136 13.821900 0.017951 -0.017793 0.999681 0.000000 0.000000 0.000000 0.000000 1.000000
0.999373 0.023788 -0.026209 0.000000 -0.023236 0.999505 0.021191 13.821900 0.026700 -0.020569 0.999432 -0.000000 0.000000 0.000000 0.000000 1.000000
0.999059 0.027201 -0.033771 0.000000 -0.026424 0.999381 0.023227 13.821900 0.034382 -0.022313 0.999160 0.000000 0.000000 0.000000 0.000000 1.000000
0.998790 0.029364 -0.039450 0.000000 -0.028378 0.999276 0.025331 13.821900 0.040165 -0.024181 0.998900 0.000000 0.000000 0.000000 0.000000 1.000000
0.998675 0.029928 -0.041870 0.000000 -0.028768 0.999192 0.028056 13.821900 0.042675 -0.026815 0.998729 0.000000 0.000000 0.000000 0.000000 1.000000
0.999025 0.024972 -0.036418 0.000000 -0.023863 0.999248 0.030571 13.821900 0.037154 -0.029672 0.998869 0.000000 0.000000 0.000000 0.000000 1.000000
0.999615 0.014337 -0.023737 0.000000 -0.013562 0.999380 0.032490 13.821900 0.024188 -0.032155 0.999190 0.000000 0.000000 0.000000 0.000000 1.000000
0.999986 -0.000280 -0.005215 0.000000 0.000454 0.999444 0.033330 13.821900 0.005203 -0.033332 0.999431 0.000000 0.000000 0.000000 0.000000 1.000000
0.999843 -0.011880 0.013157 0.000000 0.011474 0.999468 0.030545 13.821900 -0.013513 -0.030389 0.999447 0.000000 0.000000 0.000000 0.000000 1.000000
0.999496 -0.013718 0.028616 0.000000 0.013009 0.999607 0.024831 13.821900 -0.028945 -0.024446 0.999282 0.000000 0.000000 0.000000 0.000000 1.000000
0.999163 -0.009116 0.039865 0.000000 0.008561 0.999864 0.014095 13.821900 -0.039988 -0.013742 0.999106 0.000000 0.000000 0.000000 0.000000 1.000000
0.998731 -0.001514 0.050342 0.000000 0.001442 0.999998 0.001464 13.821900 -0.050345 -0.001389 0.998731 0.000000 0.000000 0.000000 0.000000 1.000000
0.997873 0.007340 0.064773 0.000000 -0.006648 0.999919 -0.010887 13.821900 -0.064848 0.010433 0.997841 -0.000000 0.000000 0.000000 0.000000 1.000000
0.996325 0.018041 0.083731 0.000000 -0.016105 0.999589 -0.023737 13.821900 -0.084125 0.022301 0.996206 0.000000 0.000000 0.000000 0.000000 1.000000
0.994695 0.029378 0.098583 0.000000 -0.025993 0.999033 -0.035452 13.821900 -0.099530 0.032701 0.994497 0.000000 0.000000 0.000000 0.000000 1.000000
0.993567 0.040404 0.105791 0.000000 -0.035840 0.998358 -0.044693 13.821900 -0.107423 0.040614 0.993383 -0.000000 0.000000 0.000000 0.000000 1.000000
0.992721 0.051165 0.109026 -0.000000 -0.045648 0.997577 -0.052509 13.821900 -0.111448 0.047150 0.992651 -0.000000 0.000000 0.000000 0.000000 1.000000
0.991858 0.061793 0.111357 -0.000000 -0.055362 0.996665 -0.059947 13.821900 -0.114690 0.053294 0.991971 0.000000 0.000000 0.000000 0.000000 1.000000
0.990981 0.072075 0.112971 0.000000 -0.064798 0.995659 -0.066814 13.821900 -0.117297 0.058891 0.991349 0.000000 0.000000 0.000000 0.000000 1.000000
0.990254 0.081233 0.113129 -0.000000 -0.073375 0.994704 -0.071979 13.821900 -0.118377 0.062977 0.990970 0.000000 0.000000 0.000000 0.000000 1.000000
0.990369 0.086134 0.108394 -0.000000 -0.078721 0.994371 -0.070913 13.821900 -0.113892 0.061697 0.991576 0.000000 0.000000 0.000000 0.000000 1.000000
0.990706 0.089692 0.102260 -0.000000 -0.082989 0.994226 -0.068020 13.821900 -0.107771 0.058901 0.992429 0.000000 0.000000 0.000000 0.000000 1.000000
0.991283 0.091492 0.094798 0.000000 -0.085696 0.994295 -0.063514 13.821900 -0.100068 0.054837 0.993468 -0.000000 0.000000 0.000000 0.000000 1.000000
0.992551 0.088085 0.084165 -0.000000 -0.083614 0.994965 -0.055252 13.821900 -0.088608 0.047803 0.994919 -0.000000 0.000000 0.000000 0.000000 1.000000
0.994070 0.080175 0.073456 0.000000 -0.076903 0.995961 -0.046349 13.821900 -0.076875 0.040425 0.996221 -0.000000 0.000000 0.000000 0.000000 1.000000
0.996248 0.061333 0.061056 0.000000 -0.059292 0.997638 -0.034691 13.821900 -0.063040 0.030940 0.997531 0.000000 0.000000 0.000000 0.000000 1.000000
0.997498 0.048767 0.051183 0.000000 -0.047520 0.998550 -0.025304 13.821900 -0.052343 0.022808 0.998369 -0.000000 0.000000 0.000000 0.000000 1.000000
0.998336 0.041603 0.039931 0.000000 -0.041052 0.999052 -0.014510 13.821900 -0.040497 0.012846 0.999097 0.000000 0.000000 0.000000 0.000000 1.000000
0.998918 0.035669 0.029851 0.000000 -0.035458 0.999343 -0.007546 13.821900 -0.030101 0.006479 0.999526 0.000000 0.000000 0.000000 0.000000 1.000000
0.999235 0.031971 0.022528 0.000000 -0.031916 0.999487 -0.002819 13.821900 -0.022607 0.002098 0.999742 -0.000000 0.000000 0.000000 0.000000 1.000000
0.999389 0.030659 0.016757 0.000000 -0.030683 0.999529 0.001135 13.821900 -0.016714 -0.001648 0.999859 0.000000 0.000000 0.000000 0.000000 1.000000
0.999463 0.030766 0.011294 0.000000 -0.030832 0.999508 0.005705 13.821900 -0.011113 -0.006051 0.999920 0.000000 0.000000 0.000000 0.000000 1.000000
0.999486 0.031234 0.007248 -0.000000 -0.031304 0.999462 0.009753 13.821900 -0.006939 -0.009975 0.999926 -0.000000 0.000000 0.000000 0.000000 1.000000
0.999502 0.030719 0.007280 0.000000 -0.030804 0.999454 0.011931 13.821900 -0.006910 -0.012150 0.999902 -0.000000 0.000000 0.000000 0.000000 1.000000
0.999568 0.027803 0.009490 -0.000000 -0.027910 0.999546 0.011317 13.821900 -0.009171 -0.011577 0.999891 0.000000 0.000000 0.000000 0.000000 1.000000
0.999738 0.019773 0.011551 -0.000000 -0.019874 0.999764 0.008744 13.821900 -0.011375 -0.008971 0.999895 0.000000 0.000000 0.000000 0.000000 1.000000
0.999859 0.010039 0.013477 -0.000000 -0.010118 0.999932 0.005765 13.821900 -0.013418 -0.005901 0.999893 0.000000 0.000000 0.000000 0.000000 1.000000
0.999882 -0.000669 0.015325 0.000000 0.000629 0.999996 0.002579 13.821900 -0.015327 -0.002569 0.999879 0.000000 0.000000 0.000000 0.000000 1.000000
0.999785 -0.011619 0.017153 -0.000000 0.011632 0.999932 -0.000622 13.821900 -0.017144 0.000821 0.999853 0.000000 0.000000 0.000000 0.000000 1.000000
0.999575 -0.022083 0.019016 0.000000 0.022156 0.999748 -0.003649 13.821900 -0.018931 0.004069 0.999813 0.000000 0.000000 0.000000 0.000000 1.000000</float_array>
        <technique_common>
          <accessor source="#mixamorig_Spine2-Matrix-animation-output-transform-array" count="46" stride="16">
            <param type="float4x4"/>
          </accessor>
        </technique_common>
      </source>
      <source id="mixamorig_Spine2-Interpolations">
        <Name_array id="mixamorig_Spine2-Interpolations-array" count="46">
 LINEAR LINEAR LINEAR LINEAR LINEAR LINEAR LINEAR LINEAR LINEAR LINEAR LINEAR
LINEAR LINEAR LINEAR LINEAR LINEAR LINEAR LINEAR LINEAR LINEAR LINEAR LINEAR LINEAR
LINEAR LINEAR LINEAR LINEAR LINEAR LINEAR LINEAR LINEAR LINEAR LINEAR LINEAR LINEAR
LINEAR LINEAR LINEAR LINEAR LINEAR LINEAR LINEAR LINEAR LINEAR LINEAR LINEAR</Name_array>
        <technique_common>
          <accessor source="#mixamorig_Spine2-Interpolations-array" count="46">
            <param type="name"/>
          </accessor>
        </technique_common>
      </source>
      <sampler id="mixamorig_Spine2-Matrix-animation-transform">
        <input semantic="INPUT" source="#mixamorig_Spine2-Matrix-animation-input"/>
        <input semantic="OUTPUT" source="#mixamorig_Spine2-Matrix-animation-output-transform"/>
        <input semantic="INTERPOLATION" source="#mixamorig_Spine2-Interpolations"/>
      </sampler>
      <channel source="#mixamorig_Spine2-Matrix-animation-transform" target="mixamorig_Spine2/matrix"/>
    </animation>
    <animation id="mixamorig_Neck-anim" name="mixamorig_Neck">
      <source id="mixamorig_Neck-Matrix-animation-input">
        <float_array id="mixamorig_Neck-Matrix-animation-input-array" count="46">

0.000000 0.033333 0.066667 0.100000 0.133333 0.166667 0.200000 0.233333 0.266667 0.300000 0.333333 0.366667 0.400000 0.433333 0.466667 0.500000
0.533333 0.566667 0.600000 0.633333 0.666667 0.700000 0.733333 0.766667 0.800000 0.833333 0.866667 0.900000 0.933333 0.966667 1.000000 1.033333
1.066667 1.100000 1.133333 1.166667 1.200000 1.233333 1.266667 1.300000 1.333333 1.366667 1.400000 1.433333 1.466667 1.500000</float_array>
        <technique_common>
          <accessor source="#mixamorig_Neck-Matrix-animation-input-array" count="46">
            <param name="TIME" type="float"/>
          </accessor>
        </technique_common>
      </source>
      <source id="mixamorig_Neck-Matrix-animation-output-transform">
        <float_array id="mixamorig_Neck-Matrix-animation-output-transform-array" count="736">

0.985070 0.027001 0.170026 0.000000 -0.002049 0.989393 -0.145247 15.549600 -0.172145 0.142730 0.974677 0.000000 0.000000 0.000000 0.000000 1.000000
0.984299 0.029752 0.173984 0.000000 -0.005490 0.990375 -0.138299 15.549600 -0.176424 0.135172 0.974989 0.000000 0.000000 0.000000 0.000000 1.000000
0.983443 0.032710 0.178239 0.000000 -0.009272 0.991369 -0.130772 15.549600 -0.180978 0.126954 0.975259 0.000000 0.000000 0.000000 0.000000 1.000000
0.982001 0.037474 0.185123 0.000000 -0.015640 0.992887 -0.118026 15.549600 -0.188229 0.113006 0.975602 -0.000000 0.000000 0.000000 0.000000 1.000000
0.980000 0.043680 0.194142 0.000000 -0.024460 0.994655 -0.100315 15.549600 -0.197487 0.093560 0.975831 0.000000 0.000000 0.000000 0.000000 1.000000
0.977803 0.050029 0.203465 0.000000 -0.034238 0.996174 -0.080406 15.549600 -0.206709 0.071655 0.975775 0.000000 0.000000 0.000000 0.000000 1.000000
0.975656 0.055793 0.212091 0.000000 -0.044095 0.997254 -0.059494 15.549600 -0.214828 0.048694 0.975437 0.000000 0.000000 0.000000 0.000000 1.000000
0.973854 0.060243 0.219041 0.000000 -0.053020 0.997843 -0.038711 15.549600 -0.220901 0.026085 0.974947 0.000000 0.000000 0.000000 0.000000 1.000000
0.972724 0.062649 0.223343 0.000000 -0.059885 0.998022 -0.019131 15.549600 -0.224100 0.005234 0.974552 0.000000 0.000000 0.000000 0.000000 1.000000
