<?xml version="1.0" encoding="utf-8"?>
<COLLADA xmlns="http://www.collada.org/2005/11/COLLADASchema" version="1.4.1">
  <asset>
    <contributor>
      <author>Mixamo</author>
      <authoring_tool>COLLADA Mixamo exporter</authoring_tool>
      <comments/>
    </contributor>
    <created>2024-11-01T00:05:13Z</created>
    <modified>2024-11-01T00:05:13Z</modified>
    <revision/>
    <title/>
    <unit meter="0.010000"/>
    <up_axis>Y_UP</up_axis>
  </asset>
  <library_animations>
    <animation id="mixamorig_Hips-anim" name="mixamorig_Hips">
      <source id="mixamorig_Hips-Matrix-animation-input">
        <float_array id="mixamorig_Hips-Matrix-animation-input-array" count="21">

0.000000 0.033333 0.066667 0.100000 0.133333 0.166667 0.200000 0.233333 0.266667 0.300000 0.333333 0.366667 0.400000 0.433333 0.466667 0.500000
0.533333 0.566667 0.600000 0.633333 0.666667</float_array>
        <technique_common>
          <accessor source="#mixamorig_Hips-Matrix-animation-input-array" count="21">
            <param name="TIME" type="float"/>
          </accessor>
        </technique_common>
      </source>
      <source id="mixamorig_Hips-Matrix-animation-output-transform">
        <float_array id="mixamorig_Hips-Matrix-animation-output-transform-array" count="336">

0.766899 0.187584 0.613741 -1.516983 -0.009918 0.959679 -0.280924 79.792526 -0.641691 0.209353 0.737837 -1.960122 0.000000 0.000000 0.000000 1.000000
0.764096 0.180986 0.619195 -1.473242 -0.014580 0.964438 -0.263906 80.418884 -0.644938 0.192622 0.739562 -9.712601 0.000000 0.000000 0.000000 1.000000
0.759155 0.170358 0.628221 -1.567877 -0.018304 0.970349 -0.241015 82.266914 -0.650652 0.171468 0.739764 -17.917488 0.000000 0.000000 0.000000 1.000000
0.751225 0.172778 0.637031 -1.883380 -0.020614 0.970802 -0.238995 84.107620 -0.659724 0.166407 0.732852 -25.678238 0.000000 0.000000 0.000000 1.000000
0.739168 0.192230 0.645506 -2.474833 -0.017534 0.963573 -0.266872 85.715042 -0.673293 0.185945 0.715612 -33.112827 0.000000 0.000000 0.000000 1.000000
0.726329 0.202138 0.656953 -3.513746 0.014822 0.950951 -0.308986 86.935120 -0.687188 0.234162 0.687707 -43.227173 0.000000 0.000000 0.000000 1.000000
0.718295 0.193443 0.668305 -4.768334 0.053979 0.942179 -0.330733 87.637360 -0.693642 0.273638 0.666321 -53.736919 0.000000 0.000000 0.000000 1.000000
0.716620 0.168327 0.676847 -5.934976 0.104511 0.933568 -0.342824 87.718056 -0.689589 0.316413 0.651421 -63.637321 0.000000 0.000000 0.000000 1.000000
0.717675 0.146520 0.680789 -6.690183 0.137431 0.928587 -0.344729 87.245575 -0.682682 0.340966 0.646288 -73.354073 0.000000 0.000000 0.000000 1.000000
0.726109 0.150682 0.670865 -6.984041 0.153858 0.915343 -0.372122 86.690201 -0.670144 0.373420 0.641455 -82.755081 0.000000 0.000000 0.000000 1.000000
0.729726 0.162109 0.664244 -6.950197 0.163939 0.901666 -0.400153 86.386223 -0.663795 0.400898 0.631393 -91.574799 0.000000 0.000000 0.000000 1.000000
0.728269 0.170025 0.663864 -6.744498 0.159560 0.900038 -0.405552 86.669830 -0.666457 0.401277 0.628340 -100.161598 0.000000 0.000000 0.000000 1.000000
0.722961 0.161267 0.671804 -6.357717 0.131336 0.922566 -0.362799 87.882996 -0.678291 0.350521 0.645799 -108.307648 0.000000 0.000000 0.000000 1.000000
0.720792 0.155739 0.675429 -5.834075 0.104710 0.938785 -0.328206 89.364243 -0.685197 0.307292 0.660361 -116.833336 0.000000 0.000000 0.000000 1.000000
0.726438 0.168605 0.666228 -5.140505 0.111891 0.927485 -0.356724 90.631493 -0.678062 0.333683 0.654895 -125.636971 0.000000 0.000000 0.000000 1.000000
0.735421 0.187137 0.651257 -4.287493 0.128051 0.905409 -0.404767 91.460312 -0.665401 0.381069 0.641894 -135.858505 0.000000 0.000000 0.000000 1.000000
0.748214 0.196251 0.633767 -3.319772 0.139590 0.887301 -0.439558 90.712715 -0.648606 0.417351 0.636497 -146.450012 0.000000 0.000000 0.000000 1.000000
0.761558 0.189633 0.619733 -2.508891 0.111857 0.903426 -0.413895 87.768852 -0.638371 0.384527 0.666800 -156.701462 0.000000 0.000000 0.000000 1.000000
0.767750 0.185480 0.613317 -1.937086 0.064086 0.930158 -0.361522 84.218643 -0.637537 0.316863 0.702242 -166.586365 0.000000 0.000000 0.000000 1.000000
0.768043 0.187690 0.612276 -1.649155 0.007822 0.953266 -0.302031 81.201088 -0.640350 0.236762 0.730681 -176.490417 0.000000 0.000000 0.000000 1.000000
0.766899 0.187579 0.613743 -1.517076 -0.009911 0.959679 -0.280924 79.792229 -0.641692 0.209357 0.737836 -185.926712 0.000000 0.000000 0.000000 1.000000</float_array>
        <technique_common>
          <accessor source="#mixamorig_Hips-Matrix-animation-output-transform-array" count="21" stride="16">
            <param type="float4x4"/>
          </accessor>
        </technique_common>
      </source>
      <source id="mixamorig_Hips-Interpolations">
        <Name_array id="mixamorig_Hips-Interpolations-array" count="21">
 LINEAR LINEAR LINEAR LINEAR LINEAR LINEAR LINEAR LINEAR LINEAR LINEAR LINEAR
LINEAR LINEAR LINEAR LINEAR LINEAR LINEAR LINEAR LINEAR LINEAR LINEAR</Name_array>
        <technique_common>
          <accessor source="#mixamorig_Hips-Interpolations-array" count="21">
            <param type="name"/>
          </accessor>
        </technique_common>
      </source>
      <sampler id="mixamorig_Hips-Matrix-animation-transform">
        <input semantic="INPUT" source="#mixamorig_Hips-Matrix-animation-input"/>
        <input semantic="OUTPUT" source="#mixamorig_Hips-Matrix-animation-output-transform"/>
        <input semantic="INTERPOLATION" source="#mixamorig_Hips-Interpolations"/>
      </sampler>
      <channel source="#mixamorig_Hips-Matrix-animation-transform" target="mixamorig_Hips/matrix"/>
    </animation>
    <animation id="mixamorig_Spine-anim" name="mixamorig_Spine">
      <source id="mixamorig_Spine-Matrix-animation-input">
        <float_array id="mixamorig_Spine-Matrix-animation-input-array" count="21">

0.000000 0.033333 0.066667 0.100000 0.133333 0.166667 0.200000 0.233333 0.266667 0.300000 0.333333 0.366667 0.400000 0.433333 0.466667 0.500000
0.533333 0.566667 0.600000 0.633333 0.666667</float_array>
        <technique_common>
          <accessor source="#mixamorig_Spine-Matrix-animation-input-array" count="21">
            <param name="TIME" type="float"/>
          </accessor>
        </technique_common>
      </source>
      <source id="mixamorig_Spine-Matrix-animation-output-transform">
        <float_array id="mixamorig_Spine-Matrix-animation-output-transform-array" count="336">

0.973214 -0.186556 0.134356 -0.000000 0.229776 0.769993 -0.595242 9.226300 0.007592 0.610170 0.792234 1.577100 0.000000 0.000000 0.000000 1.000000
0.972993 -0.179929 0.144605 -0.000000 0.230661 0.782221 -0.578728 9.226300 -0.008983 0.596453 0.802598 1.577100 0.000000 0.000000 0.000000 1.000000
0.972630 -0.175484 0.152305 -0.000000 0.230663 0.808282 -0.541734 9.226300 -0.028040 0.562037 0.826636 1.577100 0.000000 0.000000 0.000000 1.000000
0.972003 -0.175133 0.156647 0.000000 0.230799 0.836650 -0.496738 9.226300 -0.044063 0.518985 0.853647 1.577100 0.000000 0.000000 0.000000 1.000000
0.971409 -0.180865 0.153794 0.000000 0.232340 0.857413 -0.459196 9.226300 -0.048813 0.481799 0.874921 1.577100 0.000000 0.000000 0.000000 1.000000
0.971457 -0.190262 0.141674 0.000000 0.235110 0.851653 -0.468413 9.226300 -0.031536 0.488352 0.872077 1.577100 0.000000 0.000000 0.000000 1.000000
0.970731 -0.205317 0.124606 0.000000 0.240162 0.834355 -0.496159 9.226300 -0.002096 0.511562 0.859244 1.577100 0.000000 0.000000 0.000000 1.000000
0.970148 -0.221107 0.099618 0.000000 0.240055 0.817230 -0.523935 9.226300 0.034435 0.532209 0.845913 1.577100 0.000000 0.000000 0.000000 1.000000
0.968324 -0.237377 0.077464 0.000000 0.240299 0.801590 -0.547458 9.226300 0.067860 0.548731 0.833240 1.577100 0.000000 0.000000 0.000000 1.000000
0.966092 -0.251268 0.059412 0.000000 0.242337 0.803015 -0.544464 9.226300 0.089097 0.540400 0.836678 1.577100 0.000000 0.000000 0.000000 1.000000
0.963236 -0.265046 0.043895 0.000000 0.247704 0.812921 -0.527070 9.226300 0.104014 0.518566 0.848688 1.577100 0.000000 0.000000 0.000000 1.000000
0.960288 -0.277199 0.031744 0.000000 0.252539 0.815164 -0.521279 9.226300 0.118621 0.508595 0.852796 1.577100 0.000000 0.000000 0.000000 1.000000
0.957360 -0.287717 0.026085 -0.000000 0.254712 0.798021 -0.546154 9.226300 0.136321 0.529510 0.837279 1.577100 0.000000 0.000000 0.000000 1.000000
0.956353 -0.291060 0.025956 0.000000 0.255646 0.790339 -0.556785 9.226300 0.141544 0.539118 0.830251 1.577100 0.000000 0.000000 0.000000 1.000000
0.958922 -0.282174 0.029105 0.000000 0.254700 0.811272 -0.526276 9.226300 0.124890 0.512070 0.849815 1.577100 0.000000 0.000000 0.000000 1.000000
0.962512 -0.268452 0.038775 0.000000 0.252848 0.836299 -0.486488 9.226300 0.098171 0.478055 0.872826 1.577100 0.000000 0.000000 0.000000 1.000000
0.967116 -0.249090 0.051386 0.000000 0.243721 0.849889 -0.467214 9.226300 0.072706 0.464374 0.882650 1.577100 0.000000 0.000000 0.000000 1.000000
0.970234 -0.231443 0.071277 0.000000 0.236090 0.838435 -0.491211 9.226300 0.053926 0.493418 0.868119 1.577100 0.000000 0.000000 0.000000 1.000000
0.971854 -0.216136 0.093730 -0.000000 0.232137 0.810753 -0.537393 9.226300 0.040158 0.544026 0.838107 1.577100 0.000000 0.000000 0.000000 1.000000
0.972484 -0.202027 0.116018 0.000000 0.231440 0.780798 -0.580336 9.226300 0.026656 0.591218 0.806071 1.577100 0.000000 0.000000 0.000000 1.000000
0.973216 -0.186552 0.134350 0.000000 0.229769 0.769995 -0.595243 9.226300 0.007595 0.610169 0.792235 1.577100 0.000000 0.000000 0.000000 1.000000</float_array>
        <technique_common>
          <accessor source="#mixamorig_Spine-Matrix-animation-output-transform-array" count="21" stride="16">
            <param type="float4x4"/>
          </accessor>
        </technique_common>
      </source>
      <source id="mixamorig_Spine-Interpolations">
        <Name_array id="mixamorig_Spine-Interpolations-array" count="21">
 LINEAR LINEAR LINEAR LINEAR LINEAR LINEAR LINEAR LINEAR LINEAR LINEAR LINEAR
LINEAR LINEAR LINEAR LINEAR LINEAR LINEAR LINEAR LINEAR LINEAR LINEAR</Name_array>
        <technique_common>
          <accessor source="#mixamorig_Spine-Interpolations-array" count="21">
            <param type="name"/>
          </accessor>
        </technique_common>
      </source>
      <sampler id="mixamorig_Spine-Matrix-animation-transform">
        <input semantic="INPUT" source="#mixamorig_Spine-Matrix-animation-input"/>
        <input semantic="OUTPUT" source="#mixamorig_Spine-Matrix-animation-output-transform"/>
        <input semantic="INTERPOLATION" source="#mixamorig_Spine-Interpolations"/>
      </sampler>
      <channel source="#mixamorig_Spine-Matrix-animation-transform" target="mixamorig_Spine/matrix"/>
    </animation>
    <animation id="mixamorig_Spine1-anim" name="mixamorig_Spine1">
      <source id="mixamorig_Spine1-Matrix-animation-input">
        <float_array id="mixamorig_Spine1-Matrix-animation-input-array" count="21">

0.000000 0.033333 0.066667 0.100000 0.133333 0.166667 0.200000 0.233333 0.266667 0.300000 0.333333 0.366667 0.400000 0.433333 0.466667 0.500000
0.533333 0.566667 0.600000 0.633333 0.666667</float_array>
        <technique_common>
          <accessor source="#mixamorig_Spine1-Matrix-animation-input-array" count="21">
            <param name="TIME" type="float"/>
          </accessor>
        </technique_common>
      </source>
      <source id="mixamorig_Spine1-Matrix-animation-output-transform">
        <float_array id="mixamorig_Spine1-Matrix-animation-output-transform-array" count="336">

0.998620 -0.048384 0.020434 0.000000 0.049708 0.996291 -0.070237 16.254900 -0.016959 0.071155 0.997321 0.000000 0.000000 0.000000 0.000000 1.000000
0.998267 -0.053204 0.025163 0.000000 0.055101 0.995116 -0.081897 16.254900 -0.020683 0.083142 0.996323 0.000000 0.000000 0.000000 0.000000 1.000000
0.997763 -0.060114 0.029258 0.000000 0.062930 0.992223 -0.107398 16.254900 -0.022574 0.108999 0.993786 0.000000 0.000000 0.000000 0.000000 1.000000
0.997192 -0.067842 0.031695 0.000000 0.071370 0.989187 -0.128124 16.254900 -0.022660 0.130027 0.991252 0.000000 0.000000 0.000000 0.000000 1.000000
0.996753 -0.074235 0.031201 0.000000 0.077728 0.988205 -0.131945 16.254900 -0.021038 0.133941 0.990766 0.000000 0.000000 0.000000 0.000000 1.000000
0.997116 -0.071621 0.025112 0.000000 0.073920 0.991462 -0.107416 16.254900 -0.017204 0.108962 0.993897 0.000000 0.000000 0.000000 0.000000 1.000000
0.997775 -0.064181 0.018076 -0.000000 0.065469 0.994386 -0.083133 16.254900 -0.012639 0.084131 0.996375 0.000000 0.000000 0.000000 0.000000 1.000000
0.998626 -0.051547 0.009424 0.000000 0.052051 0.996534 -0.064893 16.254900 -0.006046 0.065294 0.997848 0.000000 0.000000 0.000000 0.000000 1.000000
0.999001 -0.044658 0.001732 0.000000 0.044685 0.997499 -0.054756 16.254900 0.000718 0.054778 0.998498 -0.000000 0.000000 0.000000 0.000000 1.000000
0.999104 -0.042239 -0.002830 -0.000000 0.042045 0.997866 -0.049963 16.254900 0.004934 0.049800 0.998747 -0.000000 0.000000 0.000000 0.000000 1.000000
0.998818 -0.047160 -0.011767 0.000000 0.046484 0.997549 -0.052291 16.254900 0.014204 0.051682 0.998563 -0.000000 0.000000 0.000000 0.000000 1.000000
0.997962 -0.060442 -0.020461 0.000000 0.059122 0.996452 -0.059908 16.254900 0.024009 0.058576 0.997994 0.000000 0.000000 0.000000 0.000000 1.000000
0.996444 -0.080324 -0.025436 0.000000 0.078143 0.993928 -0.077462 16.254900 0.031504 0.075199 0.996671 -0.000000 0.000000 0.000000 0.000000 1.000000
0.994859 -0.096712 -0.030035 0.000000 0.093434 0.990977 -0.096103 16.254900 0.039058 0.092802 0.994918 0.000000 0.000000 0.000000 0.000000 1.000000
0.994580 -0.096998 -0.037454 0.000000 0.092829 0.990606 -0.100407 16.254900 0.046841 0.096386 0.994241 -0.000000 0.000000 0.000000 0.000000 1.000000
0.995184 -0.087569 -0.044053 -0.000000 0.083162 0.992140 -0.093503 16.254900 0.051894 0.089389 0.994644 0.000000 0.000000 0.000000 0.000000 1.000000
0.996282 -0.072945 -0.045836 0.000000 0.069120 0.994385 -0.080130 16.254900 0.051424 0.076664 0.995730 -0.000000 0.000000 0.000000 0.000000 1.000000
0.997254 -0.065102 -0.035312 0.000000 0.062224 0.995068 -0.077256 16.254900 0.040167 0.074846 0.996386 0.000000 0.000000 0.000000 0.000000 1.000000
0.997915 -0.062166 -0.017326 -0.000000 0.060723 0.995399 -0.074119 16.254900 0.021854 0.072913 0.997099 0.000000 0.000000 0.000000 0.000000 1.000000
0.998124 -0.060943 0.005837 -0.000000 0.061208 0.995429 -0.073310 16.254900 -0.001343 0.073529 0.997292 0.000000 0.000000 0.000000 0.000000 1.000000
0.998620 -0.048383 0.020433 0.000000 0.049707 0.996291 -0.070235 16.254900 -0.016959 0.071154 0.997321 0.000000 0.000000 0.000000 0.000000 1.000000</float_array>
        <technique_common>
          <accessor source="#mixamorig_Spine1-Matrix-animation-output-transform-array" count="21" stride="16">
            <param type="float4x4"/>
          </accessor>
        </technique_common>
      </source>
      <source id="mixamorig_Spine1-Interpolations">
        <Name_array id="mixamorig_Spine1-Interpolations-array" count="21">
 LINEAR LINEAR LINEAR LINEAR LINEAR LINEAR LINEAR LINEAR LINEAR LINEAR LINEAR
LINEAR LINEAR LINEAR LINEAR LINEAR LINEAR LINEAR LINEAR LINEAR LINEAR</Name_array>
        <technique_common>
          <accessor source="#mixamorig_Spine1-Interpolations-array" count="21">
            <param type="name"/>
          </accessor>
        </technique_common>
      </source>
      <sampler id="mixamorig_Spine1-Matrix-animation-transform">
        <input semantic="INPUT" source="#mixamorig_Spine1-Matrix-animation-input"/>
        <input semantic="OUTPUT" source="#mixamorig_Spine1-Matrix-animation-output-transform"/>
        <input semantic="INTERPOLATION" source="#mixamorig_Spine1-Interpolations"/>
      </sampler>
      <channel source="#mixamorig_Spine1-Matrix-animation-transform" target="mixamorig_Spine1/matrix"/>
    </animation>
    <animation id="mixamorig_Spine2-anim" name="mixamorig_Spine2">
      <source id="mixamorig_Spine2-Matrix-animation-input">
        <float_array id="mixamorig_Spine2-Matrix-animation-input-array" count="21">

0.000000 0.033333 0.066667 0.100000 0.133333 0.166667 0.200000 0.233333 0.266667 0.300000 0.333333 0.366667 0.400000 0.433333 0.466667 0.500000
0.533333 0.566667 0.600000 0.633333 0.666667</float_array>
        <technique_common>
          <accessor source="#mixamorig_Spine2-Matrix-animation-input-array" count="21">
            <param name="TIME" type="float"/>
          </accessor>
        </technique_common>
      </source>
      <source id="mixamorig_Spine2-Matrix-animation-output-transform">
        <float_array id="mixamorig_Spine2-Matrix-animation-output-transform-array" count="336">

0.998661 -0.045709 0.024210 -0.000000 0.050276 0.967807 -0.246621 13.700700 -0.012158 0.247508 0.968810 0.000000 0.000000 0.000000 0.000000 1.000000
0.998334 -0.049441 0.029758 0.000000 0.055451 0.964664 -0.257580 13.700700 -0.015971 0.258801 0.965799 0.000000 0.000000 0.000000 0.000000 1.000000
0.997780 -0.057590 0.033432 0.000000 0.064698 0.957228 -0.282009 13.700700 -0.015761 0.283546 0.958829 0.000000 0.000000 0.000000 0.000000 1.000000
0.997173 -0.066195 0.035567 0.000000 0.073865 0.950446 -0.301988 13.700700 -0.013814 0.303761 0.952648 -0.000000 0.000000 0.000000 0.000000 1.000000
0.996781 -0.071768 0.035723 0.000000 0.079275 0.948718 -0.306023 13.700700 -0.011928 0.307870 0.951354 0.000000 0.000000 0.000000 0.000000 1.000000
0.997197 -0.068687 0.029680 0.000000 0.074285 0.956350 -0.282625 13.700700 -0.008972 0.284038 0.958771 -0.000000 0.000000 0.000000 0.000000 1.000000
0.997812 -0.062153 0.022560 0.000000 0.065880 0.963609 -0.259069 13.700700 -0.005637 0.259988 0.965595 0.000000 0.000000 0.000000 0.000000 1.000000
0.998609 -0.051124 0.012893 0.000000 0.052725 0.969035 -0.241230 13.700700 -0.000161 0.241574 0.970382 0.000000 0.000000 0.000000 0.000000 1.000000
0.998966 -0.045224 0.004747 0.000000 0.045096 0.971863 -0.231189 13.700700 0.005842 0.231163 0.972897 0.000000 0.000000 0.000000 0.000000 1.000000
0.999088 -0.042703 -0.000277 -0.000000 0.041530 0.973118 -0.226530 13.700700 0.009943 0.226312 0.974004 0.000000 0.000000 0.000000 0.000000 1.000000
0.998801 -0.048200 -0.008552 0.000000 0.044968 0.972438 -0.228785 13.700700 0.019344 0.228126 0.973439 0.000000 0.000000 0.000000 0.000000 1.000000
0.997911 -0.062870 -0.014857 0.000000 0.057604 0.970074 -0.235878 13.700700 0.029242 0.234529 0.971669 0.000000 0.000000 0.000000 0.000000 1.000000
0.996381 -0.083415 -0.016319 0.000000 0.076608 0.964511 -0.252684 13.700700 0.036817 0.250520 0.967411 -0.000000 0.000000 0.000000 0.000000 1.000000
0.994825 -0.099951 -0.018246 -0.000000 0.091333 0.958409 -0.270390 13.700700 0.044513 0.267324 0.962578 0.000000 0.000000 0.000000 0.000000 1.000000
0.994400 -0.102469 -0.025878 0.000000 0.091545 0.957480 -0.273590 13.700700 0.052812 0.269689 0.961498 0.000000 0.000000 0.000000 0.000000 1.000000
0.994893 -0.094752 -0.034800 0.000000 0.082213 0.960662 -0.265273 13.700700 0.058566 0.261057 0.963545 0.000000 0.000000 0.000000 0.000000 1.000000
0.995950 -0.080861 -0.039298 0.000000 0.068481 0.965525 -0.251142 13.700700 0.058250 0.247434 0.967152 0.000000 0.000000 0.000000 0.000000 1.000000
0.997006 -0.071254 -0.030019 0.000000 0.061585 0.966575 -0.248877 13.700700 0.046749 0.246283 0.968070 -0.000000 0.000000 0.000000 0.000000 1.000000
0.997794 -0.065303 -0.011924 0.000000 0.060343 0.967123 -0.247045 13.700700 0.027664 0.245780 0.968931 0.000000 0.000000 0.000000 0.000000 1.000000
0.998127 -0.060060 0.011631 -0.000000 0.061067 0.966863 -0.247884 13.700700 0.003643 0.248130 0.968720 0.000000 0.000000 0.000000 0.000000 1.000000
0.998661 -0.045708 0.024210 0.000000 0.050275 0.967807 -0.246620 13.700700 -0.012159 0.247507 0.968810 0.000000 0.000000 0.000000 0.000000 1.000000</float_array>
        <technique_common>
          <accessor source="#mixamorig_Spine2-Matrix-animation-output-transform-array" count="21" stride="16">
            <param type="float4x4"/>
          </accessor>
        </technique_common>
      </source>
      <source id="mixamorig_Spine2-Interpolations">
        <Name_array id="mixamorig_Spine2-Interpolations-array" count="21">
 LINEAR LINEAR LINEAR LINEAR LINEAR LINEAR LINEAR LINEAR LINEAR LINEAR LINEAR
LINEAR LINEAR LINEAR LINEAR LINEAR LINEAR LINEAR LINEAR LINEAR LINEAR</Name_array>
        <technique_common>
          <accessor source="#mixamorig_Spine2-Interpolations-array" count="21">
            <param type="name"/>
          </accessor>
        </technique_common>
      </source>
      <sampler id="mixamorig_Spine2-Matrix-animation-transform">
        <input semantic="INPUT" source="#mixamorig_Spine2-Matrix-animation-input"/>
        <input semantic="OUTPUT" source="#mixamorig_Spine2-Matrix-animation-output-transform"/>
        <input semantic="INTERPOLATION" source="#mixamorig_Spine2-Interpolations"/>
      </sampler>
      <channel source="#mixamorig_Spine2-Matrix-animation-transform" target="mixamorig_Spine2/matrix"/>
    </animation>
    <animation id="mixamorig_Neck-anim" name="mixamorig_Neck">
      <source id="mixamorig_Neck-Matrix-animation-input">
        <float_array id="mixamorig_Neck-Matrix-animation-input-array" count="21">

0.000000 0.033333 0.066667 0.100000 0.133333 0.166667 0.200000 0.233333 0.266667 0.300000 0.333333 0.366667 0.400000 0.433333 0.466667 0.500000
0.533333 0.566667 0.600000 0.633333 0.666667</float_array>
        <technique_common>
          <accessor source="#mixamorig_Neck-Matrix-animation-input-array" count="21">
            <param name="TIME" type="float"/>
          </accessor>
        </technique_common>
      </source>
      <source id="mixamorig_Neck-Matrix-animation-output-transform">
        <float_array id="mixamorig_Neck-Matrix-animation-output-transform-array" count="336">

0.899052 -0.408100 -0.158621 0.000000 0.437813 0.842124 0.314877 13.877500 0.005077 -0.352537 0.935784 -4.354200 0.000000 0.000000 0.000000 1.000000
0.897077 -0.409715 -0.165490 -0.000000 0.441818 0.837705 0.321010 13.877500 0.007109 -0.361087 0.932505 -4.354200 0.000000 0.000000 0.000000 1.000000
0.896991 -0.407704 -0.170835 0.000000 0.441788 0.840102 0.314727 13.877500 0.015203 -0.357780 0.933682 -4.354200 0.000000 0.000000 0.000000 1.000000
0.897055 -0.407066 -0.172015 0.000000 0.441366 0.844732 0.302695 13.877500 0.022090 -0.347456 0.937436 -4.354200 0.000000 0.000000 0.000000 1.000000
0.897543 -0.406524 -0.170747 0.000000 0.440046 0.850324 0.288632 13.877500 0.027855 -0.334197 0.942092 -4.354200 0.000000 0.000000 0.000000 1.000000
0.898675 -0.405601 -0.166945 0.000000 0.437557 0.855444 0.277055 13.877500 0.030438 -0.322031 0.946240 -4.354200 0.000000 0.000000 0.000000 1.000000
0.901518 -0.401733 -0.160860 0.000000 0.431815 0.859439 0.273679 13.877500 0.028304 -0.316189 0.948274 -4.354200 0.000000 0.000000 0.000000 1.000000
0.906294 -0.393963 -0.153053 -0.000000 0.422052 0.862818 0.278240 13.877500 0.022441 -0.316764 0.948239 -4.354200 0.000000 0.000000 0.000000 1.000000
0.912004 -0.383558 -0.145366 0.000000 0.409918 0.864948 0.289538 13.877500 0.014679 -0.323648 0.946064 -4.354200 0.000000 0.000000 0.000000 1.000000
0.916705 -0.374888 -0.138241 0.000000 0.399517 0.865308 0.302702 13.877500 0.006142 -0.332718 0.943006 -4.354200 0.000000 0.000000 0.000000 1.000000
0.920042 -0.368724 -0.132538 0.000000 0.391817 0.864311 0.315349 13.877500 -0.001723 -0.342065 0.939675 -4.354200 0.000000 0.000000 0.000000 1.000000
0.921095 -0.367247 -0.129283 0.000000 0.389259 0.861943 0.324857 13.877500 -0.007869 -0.349549 0.936885 -4.354200 0.000000 0.000000 0.000000 1.000000
0.917956 -0.374916 -0.129592 0.000000 0.396502 0.857377 0.328162 13.877500 -0.011924 -0.352622 0.935690 -4.354200 0.000000 0.000000 0.000000 1.000000
0.915416 -0.380584 -0.131033 0.000000 0.402344 0.855882 0.324938 13.877500 -0.011518 -0.350174 0.936614 -4.354200 0.000000 0.000000 0.000000 1.000000
0.916191 -0.378528 -0.131568 -0.000000 0.400683 0.859725 0.316742 13.877500 -0.006784 -0.342913 0.939343 -4.354200 0.000000 0.000000 0.000000 1.000000
0.917702 -0.374652 -0.132132 0.000000 0.397269 0.865189 0.305983 13.877500 -0.000317 -0.333293 0.942823 -4.354200 0.000000 0.000000 0.000000 1.000000
0.917509 -0.374564 -0.133712 0.000000 0.397672 0.868973 0.294521 13.877500 0.005875 -0.323399 0.946244 -4.354200 0.000000 0.000000 0.000000 1.000000
0.914267 -0.380756 -0.138347 0.000000 0.404980 0.867714 0.288209 13.877500 0.010309 -0.319528 0.947521 -4.354200 0.000000 0.000000 0.000000 1.000000
0.909625 -0.389543 -0.144357 0.000000 0.415243 0.862989 0.287788 13.877500 0.012473 -0.321723 0.946752 -4.354200 0.000000 0.000000 0.000000 1.000000
0.904450 -0.398913 -0.151125 0.000000 0.426468 0.853699 0.298871 13.877500 0.009792 -0.334764 0.942251 -4.354200 0.000000 0.000000 0.000000 1.000000
0.899046 -0.408112 -0.158622 -0.000000 0.437825 0.842118 0.314875 13.877500 0.005074 -0.352536 0.935784 -4.354200 0.000000 0.000000 0.000000 1.000000</float_array>
        <technique_common>
          <accessor source="#mixamorig_Neck-Matrix-animation-output-transform-array" count="21" stride="16">
            <param type="float4x4"/>
          </accessor>
        </technique_common>
      </source>
      <source id="mixamorig_Neck-Interpolations">
        <Name_array id="mixamorig_Neck-Interpolations-array" count="21">
 LINEAR LINEAR LINEAR LINEAR LINEAR LINEAR LINEAR LINEAR LINEAR LINEAR LINEAR
LINEAR LINEAR LINEAR LINEAR LINEAR LINEAR LINEAR LINEAR LINEAR LINEAR</Name_array>
        <technique_common>
          <accessor source="#mixamorig_Neck-Interpolations-array" count="21">
            <param type="name"/>
          </accessor>
        </technique_common>
      </source>
      <sampler id="mixamorig_Neck-Matrix-animation-transform">
        <input semantic="INPUT" source="#mixamorig_Neck-Matrix-animation-input"/>
        <input semantic="OUTPUT" source="#mixamorig_Neck-Matrix-animation-output-transform"/>
        <input semantic="INTERPOLATION" source="#mixamorig_Neck-Interpolations"/>
      </sampler>
      <channel source="#mixamorig_Neck-Matrix-animation-transform" target="mixamorig_Neck/matrix"/>
    </animation>
    <animation id="mixamorig_Neck1-anim" name="mixamorig_Neck1">
      <source id="mixamorig_Neck1-Matrix-animation-input">
        <float_array id="mixamorig_Neck1-Matrix-animation-input-array" count="21">

0.000000 0.033333 0.066667 0.100000 0.133333 0.166667 0.200000 0.233333 0.266667 0.300000 0.333333 0.366667 0.400000 0.433333 0.466667 0.500000
0.533333 0.566667 0.600000 0.633333 0.666667</float_array>
        <technique_common>
          <accessor source="#mixamorig_Neck1-Matrix-animation-input-array" count="21">
            <param name="TIME" type="float"/>
          </accessor>
        </technique_common>
      </source>
      <source id="mixamorig_Neck1-Matrix-animation-output-transform">
        <float_array id="mixamorig_Neck1-Matrix-animation-output-transform-array" count="336">

1.000000 0.000000 0.000000 0.000000 -0.000000 1.000000 -0.000000 4.340000 0.000000 0.000000 1.000000 0.926900 0.000000 0.000000 0.000000 1.000000
1.000000 0.000000 0.000000 0.000000 -0.000000 1.000000 0.000000 4.340000 0.000000 0.000000 1.000000 0.926900 0.000000 0.000000 0.000000 1.000000
1.000000 0.000000 -0.000000 0.000000 -0.000000 1.000000 0.000000 4.340000 -0.000000 0.000000 1.000000 0.926900 0.000000 0.000000 0.000000 1.000000
1.000000 0.000000 0.000000 0.000000 0.000000 1.000000 0.000000 4.340000 0.000000 0.000000 1.000000 0.926900 0.000000 0.000000 0.000000 1.000000
1.000000 -0.000000 0.000000 0.000000 -0.000000 1.000000 0.000000 4.340000 0.000000 0.000000 1.000000 0.926900 0.000000 0.000000 0.000000 1.000000
1.000000 -0.000000 -0.000000 -0.000000 -0.000000 1.000000 0.000000 4.340000 0.000000 -0.000000 1.000000 0.926900 0.000000 0.000000 0.000000 1.000000
1.000000 0.000000 -0.000000 0.000000 -0.000000 1.000000 -0.000000 4.340000 -0.000000 -0.000000 1.000000 0.926900 0.000000 0.000000 0.000000 1.000000
1.000000 0.000000 0.000000 0.000000 0.000000 1.000000 0.000000 4.340000 0.000000 -0.000000 1.000000 0.926900 0.000000 0.000000 0.000000 1.000000
1.000000 0.000000 0.000000 -0.000000 -0.000000 1.000000 0.000000 4.340000 0.000000 -0.000000 1.000000 0.926900 0.000000 0.000000 0.000000 1.000000
1.000000 0.000000 -0.000000 0.000000 -0.000000 1.000000 0.000000 4.340000 0.000000 0.000000 1.000000 0.926900 0.000000 0.000000 0.000000 1.000000
1.000000 0.000000 0.000000 0.000000 0.000000 1.000000 0.000000 4.340000 0.000000 -0.000000 1.000000 0.926900 0.000000 0.000000 0.000000 1.000000
1.000000 0.000000 -0.000000 0.000000 0.000000 1.000000 0.000000 4.340000 -0.000000 -0.000000 1.000000 0.926900 0.000000 0.000000 0.000000 1.000000
1.000000 0.000000 -0.000000 -0.000000 0.000000 1.000000 -0.000000 4.340000 0.000000 0.000000 1.000000 0.926900 0.000000 0.000000 0.000000 1.000000
1.000000 -0.000000 -0.000000 0.000000 0.000000 1.000000 0.000000 4.340000 -0.000000 0.000000 1.000000 0.926900 0.000000 0.000000 0.000000 1.000000
1.000000 0.000000 -0.000000 0.000000 0.000000 1.000000 0.000000 4.340000 0.000000 -0.000000 1.000000 0.926900 0.000000 0.000000 0.000000 1.000000
1.000000 -0.000000 -0.000000 -0.000000 0.000000 1.000000 0.000000 4.340000 -0.000000 0.000000 1.000000 0.926900 0.000000 0.000000 0.000000 1.000000
1.000000 -0.000000 -0.000000 0.000000 -0.000000 1.000000 -0.000000 4.340000 -0.000000 0.000000 1.000000 0.926900 0.000000 0.000000 0.000000 1.000000
1.000000 -0.000000 -0.000000 0.000000 -0.000000 1.000000 0.000000 4.340000 -0.000000 -0.000000 1.000000 0.926900 0.000000 0.000000 0.000000 1.000000
1.000000 -0.000000 -0.000000 0.000000 -0.000000 1.000000 -0.000000 4.340000 -0.000000 -0.000000 1.000000 0.926900 0.000000 0.000000 0.000000 1.000000
1.000000 -0.000000 0.000000 0.000000 -0.000000 1.000000 -0.000000 4.340000 0.000000 0.000000 1.000000 0.926900 0.000000 0.000000 0.000000 1.000000
1.000000 0.000000 -0.000000 0.000000 -0.000000 1.000000 0.000000 4.340000 -0.000000 0.000000 1.000000 0.926900 0.000000 0.000000 0.000000 1.000000</float_array>
        <technique_common>
          <accessor source="#mixamorig_Neck1-Matrix-animation-output-transform-array" count="21" stride="16">
            <param type="float4x4"/>
          </accessor>
        </technique_common>
      </source>
      <source id="mixamorig_Neck1-Interpolations">
        <Name_array id="mixamorig_Neck1-Interpolations-array" count="21">
 LINEAR LINEAR LINEAR LINEAR LINEAR LINEAR LINEAR LINEAR LINEAR LINEAR LINEAR
LINEAR LINEAR LINEAR LINEAR LINEAR LINEAR LINEAR LINEAR LINEAR LINEAR</Name_array>
        <technique_common>
          <accessor source="#mixamorig_Neck1-Interpolations-array" count="21">
            <param type="name"/>
          </accessor>
        </technique_common>
      </source>
      <sampler id="mixamorig_Neck1-Matrix-animation-transform">
        <input semantic="INPUT" source="#mixamorig_Neck1-Matrix-animation-input"/>
        <input semantic="OUTPUT" source="#mixamorig_Neck1-Matrix-animation-output-transform"/>
        <input semantic="INTERPOLATION" source="#mixamorig_Neck1-Interpolations"/>
      </sampler>
      <channel source="#mixamorig_Neck1-Matrix-animation-transform" target="mixamorig_Neck1/matrix"/>
    </animation>
    <animation id="mixamorig_Head-anim" name="mixamorig_Head">
      <source id="mixamorig_Head-Matrix-animation-input">
        <float_array id="mixamorig_Head-Matrix-animation-input-array" count="21">

0.000000 0.033333 0.066667 0.100000 0.133333 0.166667 0.200000 0.233333 0.266667 0.300000 0.333333 0.366667 0.400000 0.433333 0.466667 0.500000
0.533333 0.566667 0.600000 0.633333 0.666667</float_array>
        <technique_common>
          <accessor source="#mixamorig_Head-Matrix-animation-input-array" count="21">
            <param name="TIME" type="float"/>
          </accessor>
        </technique_common>
      </source>
      <source id="mixamorig_Head-Matrix-animation-output-transform">
        <float_array id="mixamorig_Head-Matrix-animation-output-transform-array" count="336">

0.928230 0.360659 -0.091182 0.000000 -0.173838 0.637230 0.750812 4.026600 0.328891 -0.681075 0.654192 0.858500 0.000000 0.000000 0.000000 1.000000
0.918783 0.377289 -0.116148 0.000000 -0.172917 0.649135 0.740759 4.026600 0.354876 -0.660513 0.661654 0.858500 0.000000 0.000000 0.000000 1.000000
0.907618 0.389795 -0.155850 0.000000 -0.158819 0.662491 0.732040 4.026600 0.388595 -0.639660 0.663196 0.858500 0.000000 0.000000 0.000000 1.000000
0.896831 0.398158 -0.192783 0.000000 -0.141145 0.670559 0.728305 4.026600 0.419252 -0.625956 0.657576 0.858500 0.000000 0.000000 0.000000 1.000000
0.890673 0.403872 -0.208781 0.000000 -0.129357 0.665353 0.735236 4.026600 0.435855 -0.627848 0.644855 0.858500 0.000000 0.000000 0.000000 1.000000
0.890344 0.411705 -0.194388 0.000000 -0.131659 0.641534 0.755712 4.026600 0.435836 -0.647250 0.625391 0.858500 0.000000 0.000000 0.000000 1.000000
0.893309 0.417429 -0.166591 0.000000 -0.144932 0.618405 0.772379 4.026600 0.425434 -0.665829 0.612926 0.858500 0.000000 0.000000 0.000000 1.000000
0.898573 0.418890 -0.130762 -0.000000 -0.165123 0.598839 0.783662 4.026600 0.406573 -0.682585 0.607269 0.858500 0.000000 0.000000 0.000000 1.000000
0.905504 0.414474 -0.090961 0.000000 -0.188981 0.585825 0.788096 4.026600 0.379933 -0.696434 0.608794 0.858500 0.000000 0.000000 0.000000 1.000000
0.912188 0.406875 -0.048649 -0.000000 -0.215004 0.576298 0.788450 4.026600 0.348836 -0.708755 0.613172 0.858500 0.000000 0.000000 0.000000 1.000000
0.916048 0.400968 -0.009028 0.000000 -0.242130 0.570833 0.784553 4.026600 0.319734 -0.716502 0.619996 0.858500 0.000000 0.000000 0.000000 1.000000
0.916782 0.398838 0.020946 0.000000 -0.267956 0.575349 0.772769 4.026600 0.296158 -0.714074 0.634341 0.858500 0.000000 0.000000 0.000000 1.000000
0.915274 0.400542 0.042889 -0.000000 -0.289880 0.580963 0.760560 4.026600 0.279720 -0.708553 0.647849 0.858500 0.000000 0.000000 0.000000 1.000000
0.914248 0.402098 0.049673 -0.000000 -0.299581 0.588376 0.751043 4.026600 0.272766 -0.701520 0.658383 0.858500 0.000000 0.000000 0.000000 1.000000
0.916247 0.398910 0.036906 -0.000000 -0.289856 0.596522 0.748429 4.026600 0.276540 -0.696443 0.662188 0.858500 0.000000 0.000000 0.000000 1.000000
0.919909 0.391792 0.016334 -0.000000 -0.270287 0.603340 0.750284 4.026600 0.284100 -0.694608 0.660913 0.858500 0.000000 0.000000 0.000000 1.000000
0.924839 0.380359 0.000224 -0.000000 -0.249919 0.607233 0.754194 4.026600 0.286729 -0.697564 0.656651 0.858500 0.000000 0.000000 0.000000 1.000000
0.928299 0.371703 -0.009886 0.000000 -0.235335 0.607898 0.758339 4.026600 0.287887 -0.701639 0.651786 0.858500 0.000000 0.000000 0.000000 1.000000
0.931337 0.363497 -0.021942 0.000000 -0.220248 0.610246 0.760980 4.026600 0.290004 -0.703896 0.648404 0.858500 0.000000 0.000000 0.000000 1.000000
0.931739 0.360039 -0.047269 0.000000 -0.201834 0.621685 0.756817 4.026600 0.301870 -0.695615 0.651916 0.858500 0.000000 0.000000 0.000000 1.000000
0.928229 0.360665 -0.091170 0.000000 -0.173853 0.637231 0.750808 4.026600 0.328886 -0.681071 0.654199 0.858500 0.000000 0.000000 0.000000 1.000000</float_array>
        <technique_common>
          <accessor source="#mixamorig_Head-Matrix-animation-output-transform-array" count="21" stride="16">
            <param type="float4x4"/>
          </accessor>
        </technique_common>
      </source>
      <source id="mixamorig_Head-Interpolations">
        <Name_array id="mixamorig_Head-Interpolations-array" count="21">
 LINEAR LINEAR LINEAR LINEAR LINEAR LINEAR LINEAR LINEAR LINEAR LINEAR LINEAR
LINEAR LINEAR LINEAR LINEAR LINEAR LINEAR LINEAR LINEAR LINEAR LINEAR</Name_array>
        <technique_common>
          <accessor source="#mixamorig_Head-Interpolations-array" count="21">
            <param type="name"/>
          </accessor>
        </technique_common>
      </source>
      <sampler id="mixamorig_Head-Matrix-animation-transform">
        <input semantic="INPUT" source="#mixamorig_Head-Matrix-animation-input"/>
        <input semantic="OUTPUT" source="#mixamorig_Head-Matrix-animation-output-transform"/>
        <input semantic="INTERPOLATION" source="#mixamorig_Head-Interpolations"/>
      </sampler>
      <channel source="#mixamorig_Head-Matrix-animation-transform" target="mixamorig_Head/matrix"/>
    </animation>
    <animation id="mixamorig_LeftShoulder-anim" name="mixamorig_LeftShoulder">
      <source id="mixamorig_LeftShoulder-Matrix-animation-input">
        <float_array id="mixamorig_LeftShoulder-Matrix-animation-input-array" count="21">

0.000000 0.033333 0.066667 0.100000 0.133333 0.166667 0.200000 0.233333 0.266667 0.300000 0.333333 0.366667 0.400000 0.433333 0.466667 0.500000
0.533333 0.566667 0.600000 0.633333 0.666667</float_array>
        <technique_common>
          <accessor source="#mixamorig_LeftShoulder-Matrix-animation-input-array" count="21">
            <param name="TIME" type="float"/>
          </accessor>
        </technique_common>
      </source>
      <source id="mixamorig_LeftShoulder-Matrix-animation-output-transform">
        <float_array id="mixamorig_LeftShoulder-Matrix-animation-output-transform-array" count="336">

0.160940 0.978946 -0.125549 6.148300 0.013011 -0.129301 -0.991520 10.174000 -0.986878 0.157941 -0.033547 -5.564600 0.000000 0.000000 0.000000 1.000000
0.151468 0.979803 -0.130552 6.148300 0.010433 -0.133653 -0.990973 10.174000 -0.988407 0.148739 -0.030466 -5.564600 0.000000 0.000000 0.000000 1.000000
0.155797 0.978483 -0.135273 6.148300 0.010820 -0.138627 -0.990285 10.174000 -0.987730 0.152820 -0.032185 -5.564600 0.000000 0.000000 0.000000 1.000000
0.167008 0.976031 -0.139543 6.148300 0.013033 -0.143704 -0.989535 10.174000 -0.985869 0.163442 -0.036720 -5.564600 0.000000 0.000000 0.000000 1.000000
0.178076 0.973391 -0.144222 6.148300 0.013599 -0.148985 -0.988746 10.174000 -0.983923 0.174110 -0.039768 -5.564600 0.000000 0.000000 0.000000 1.000000
0.182200 0.971724 -0.150187 6.148300 0.013908 -0.155276 -0.987773 10.174000 -0.983163 0.177883 -0.041806 -5.564600 0.000000 0.000000 0.000000 1.000000
0.175004 0.972020 -0.156687 6.148300 0.014461 -0.161664 -0.986740 10.174000 -0.984461 0.170418 -0.042348 -5.564600 0.000000 0.000000 0.000000 1.000000
0.160117 0.973632 -0.162492 6.148300 0.015278 -0.167041 -0.985832 10.174000 -0.986980 0.155366 -0.041621 -5.564600 0.000000 0.000000 0.000000 1.000000
0.143151 0.975647 -0.166194 6.148300 0.016084 -0.170195 -0.985279 10.174000 -0.989570 0.138371 -0.040056 -5.564600 0.000000 0.000000 0.000000 1.000000
0.129769 0.977489 -0.166362 6.148300 0.016433 -0.169877 -0.985328 10.174000 -0.991408 0.125131 -0.038108 -5.564600 0.000000 0.000000 0.000000 1.000000
0.125565 0.979044 -0.160333 6.148300 0.014429 -0.163397 -0.986455 10.174000 -0.991981 0.121550 -0.034643 -5.564600 0.000000 0.000000 0.000000 1.000000
0.138196 0.979320 -0.147766 6.148300 0.011710 -0.150803 -0.988494 10.174000 -0.990336 0.134875 -0.032308 -5.564600 0.000000 0.000000 0.000000 1.000000
0.167036 0.976843 -0.133704 6.148300 0.014955 -0.138104 -0.990305 10.174000 -0.985837 0.163417 -0.037677 -5.564600 0.000000 0.000000 0.000000 1.000000
0.197051 0.972674 -0.122787 6.148300 0.021743 -0.129548 -0.991335 10.174000 -0.980152 0.192673 -0.046676 -5.564600 0.000000 0.000000 0.000000 1.000000
0.213377 0.970070 -0.115909 6.148300 0.028367 -0.124743 -0.991783 10.174000 -0.976558 0.208336 -0.054135 -5.564600 0.000000 0.000000 0.000000 1.000000
0.216193 0.969879 -0.112225 6.148300 0.031645 -0.121844 -0.992045 10.174000 -0.975838 0.210921 -0.057034 -5.564600 0.000000 0.000000 0.000000 1.000000
0.212453 0.970758 -0.111769 6.148300 0.030714 -0.120958 -0.992182 10.174000 -0.976689 0.207359 -0.055514 -5.564600 0.000000 0.000000 0.000000 1.000000
0.203630 0.972389 -0.113990 6.148300 0.027261 -0.122015 -0.992154 10.174000 -0.978668 0.198925 -0.051354 -5.564600 0.000000 0.000000 0.000000 1.000000
