<?xml version="1.0" encoding="utf-8"?>
<COLLADA xmlns="http://www.collada.org/2005/11/COLLADASchema" version="1.4.1">
  <asset>
    <contributor>
      <author>Mixamo</author>
      <authoring_tool>COLLADA Mixamo exporter</authoring_tool>
      <comments/>
    </contributor>
    <created>2024-11-02T02:09:10Z</created>
    <modified>2024-11-02T02:09:10Z</modified>
    <revision/>
    <title/>
    <unit meter="0.010000"/>
    <up_axis>Y_UP</up_axis>
  </asset>
  <library_animations>
    <animation id="mixamorig_Hips-anim" name="mixamorig_Hips">
      <source id="mixamorig_Hips-Matrix-animation-input">
        <float_array id="mixamorig_Hips-Matrix-animation-input-array" count="136">

0.000000 0.033333 0.066667 0.100000 0.133333 0.166667 0.200000 0.233333 0.266667 0.300000 0.333333 0.366667 0.400000 0.433333 0.466667 0.500000
0.533333 0.566667 0.600000 0.633333 0.666667 0.700000 0.733333 0.766667 0.800000 0.833333 0.866667 0.900000 0.933333 0.966667 1.000000 1.033333
1.066667 1.100000 1.133333 1.166667 1.200000 1.233333 1.266667 1.300000 1.333333 1.366667 1.400000 1.433333 1.466667 1.500000 1.533333 1.566667
1.600000 1.633333 1.666667 1.700000 1.733333 1.766667 1.800000 1.833333 1.866667 1.900000 1.933333 1.966667 2.000000 2.033333 2.066667 2.100000
2.133333 2.166667 2.200000 2.233333 2.266667 2.300000 2.333333 2.366667 2.400000 2.433333 2.466667 2.500000 2.533333 2.566667 2.600000 2.633333
2.666667 2.700000 2.733333 2.766667 2.800000 2.833333 2.866667 2.900000 2.933333 2.966667 3.000000 3.033333 3.066667 3.100000 3.133333 3.166667
3.200000 3.233333 3.266667 3.300000 3.333333 3.366667 3.400000 3.433333 3.466667 3.500000 3.533333 3.566667 3.600000 3.633333 3.666667 3.700000
3.733333 3.766667 3.800000 3.833333 3.866667 3.900000 3.933333 3.966667 4.000000 4.033333 4.066667 4.100000 4.133333 4.166667 4.200000 4.233333
4.266667 4.300000 4.333333 4.366667 4.400000 4.433333 4.466667 4.500000</float_array>
        <technique_common>
          <accessor source="#mixamorig_Hips-Matrix-animation-input-array" count="136">
            <param name="TIME" type="float"/>
          </accessor>
        </technique_common>
      </source>
      <source id="mixamorig_Hips-Matrix-animation-output-transform">
        <float_array id="mixamorig_Hips-Matrix-animation-output-transform-array" count="2176">

0.989658 -0.018818 -0.142205 0.256866 0.036749 0.991534 0.124537 94.326790 0.138658 -0.128475 0.981972 1.387307 0.000000 0.000000 0.000000 1.000000
0.989629 -0.018367 -0.142465 0.236717 0.036312 0.991567 0.124401 94.319763 0.138979 -0.128284 0.981951 1.456245 0.000000 0.000000 0.000000 1.000000
0.989554 -0.017757 -0.143064 0.216712 0.035697 0.991662 0.123822 94.309837 0.139673 -0.127635 0.981937 1.548517 0.000000 0.000000 0.000000 1.000000
0.989370 -0.017720 -0.144338 0.212006 0.035681 0.991787 0.122820 94.278450 0.140976 -0.126665 0.981877 1.730067 0.000000 0.000000 0.000000 1.000000
0.989048 -0.018593 -0.146420 0.242769 0.036897 0.991683 0.123303 94.225044 0.142910 -0.127355 0.981508 2.105871 0.000000 0.000000 0.000000 1.000000
0.988041 -0.020200 -0.152865 0.352023 0.040692 0.990395 0.132144 94.192825 0.148727 -0.136784 0.979372 2.755257 0.000000 0.000000 0.000000 1.000000
0.985612 -0.022579 -0.167506 0.559266 0.048450 0.987191 0.152011 94.176849 0.161928 -0.157939 0.974081 3.661328 0.000000 0.000000 0.000000 1.000000
0.982258 -0.028241 -0.185394 0.797570 0.061835 0.982082 0.178018 94.133881 0.177045 -0.186324 0.966405 4.714427 0.000000 0.000000 0.000000 1.000000
0.979334 -0.037827 -0.198681 0.975684 0.079431 0.975360 0.205827 94.015457 0.186000 -0.217354 0.958207 5.768008 0.000000 0.000000 0.000000 1.000000
0.977358 -0.048315 -0.206001 1.060814 0.097248 0.967231 0.234535 93.755562 0.187919 -0.249258 0.950030 6.745165 0.000000 0.000000 0.000000 1.000000
0.976592 -0.056889 -0.207440 1.084595 0.112104 0.957674 0.265129 93.370255 0.183577 -0.282178 0.941634 7.650608 0.000000 0.000000 0.000000 1.000000
0.977248 -0.063730 -0.202300 1.146153 0.123315 0.946741 0.297446 92.970367 0.172570 -0.315625 0.933060 8.484290 0.000000 0.000000 0.000000 1.000000
0.978293 -0.070508 -0.194864 1.323188 0.132182 0.936520 0.324743 92.580673 0.159597 -0.343451 0.925511 9.149906 0.000000 0.000000 0.000000 1.000000
0.979058 -0.077353 -0.188315 1.559111 0.139463 0.928704 0.343596 92.267067 0.148311 -0.362663 0.920043 9.615925 0.000000 0.000000 0.000000 1.000000
0.980237 -0.084433 -0.178905 1.815818 0.145207 0.921264 0.360816 92.037422 0.134354 -0.379663 0.915317 9.998514 0.000000 0.000000 0.000000 1.000000
0.982192 -0.091817 -0.163916 2.180948 0.149050 0.911942 0.382289 91.818848 0.114381 -0.399913 0.909388 10.225389 0.000000 0.000000 0.000000 1.000000
0.984778 -0.097901 -0.143623 2.580216 0.148649 0.902613 0.403972 91.579163 0.090087 -0.419172 0.903426 10.135137 0.000000 0.000000 0.000000 1.000000
0.987390 -0.098963 -0.123564 2.901621 0.142714 0.894249 0.424206 91.343140 0.068516 -0.436491 0.897096 9.728815 0.000000 0.000000 0.000000 1.000000
0.989210 -0.096474 -0.110260 3.200943 0.135603 0.887817 0.439765 91.091698 0.055464 -0.449971 0.891319 9.093315 0.000000 0.000000 0.000000 1.000000
0.990243 -0.092577 -0.104152 3.539030 0.129657 0.885984 0.445221 90.795113 0.051060 -0.454381 0.889343 8.246473 0.000000 0.000000 0.000000 1.000000
0.991238 -0.087889 -0.098606 3.915819 0.122734 0.888774 0.441607 90.414970 0.048826 -0.449840 0.891773 7.241925 0.000000 0.000000 0.000000 1.000000
0.992319 -0.084132 -0.090690 4.185277 0.115663 0.891018 0.438987 90.369476 0.043874 -0.446105 0.893905 6.310337 0.000000 0.000000 0.000000 1.000000
0.993836 -0.077154 -0.079609 4.420699 0.104747 0.888708 0.446349 90.518913 0.036312 -0.451936 0.891311 5.572721 0.000000 0.000000 0.000000 1.000000
0.995410 -0.067533 -0.067814 4.701148 0.091145 0.885044 0.456498 90.615929 0.029190 -0.460584 0.887136 4.897817 0.000000 0.000000 0.000000 1.000000
0.996826 -0.055914 -0.056674 5.049770 0.075814 0.883959 0.461377 90.536224 0.024300 -0.464210 0.885392 4.139435 0.000000 0.000000 0.000000 1.000000
0.998154 -0.041735 -0.044129 5.400762 0.057469 0.884105 0.463741 90.307144 0.019660 -0.465421 0.884871 3.257587 0.000000 0.000000 0.000000 1.000000
0.999320 -0.027325 -0.024762 5.748874 0.035717 0.884236 0.465672 89.983131 0.009171 -0.466240 0.884611 2.233665 0.000000 0.000000 0.000000 1.000000
0.999868 -0.015446 0.005118 6.136603 0.011271 0.884306 0.466772 89.558754 -0.011735 -0.466652 0.884363 1.052956 0.000000 0.000000 0.000000 1.000000
0.999054 -0.007054 0.042921 6.537231 -0.013735 0.885113 0.465173 88.938438 -0.041272 -0.465322 0.884179 -0.345180 0.000000 0.000000 0.000000 1.000000
0.996939 -0.002913 0.078125 6.847438 -0.033510 0.886934 0.460679 88.287903 -0.070634 -0.461887 0.884122 -1.778899 0.000000 0.000000 0.000000 1.000000
0.994756 0.000167 0.102273 7.051251 -0.047147 0.888151 0.457127 87.915146 -0.090757 -0.459552 0.883502 -3.041952 0.000000 0.000000 0.000000 1.000000
0.993617 0.007943 0.112524 7.201843 -0.059105 0.886285 0.459353 87.876091 -0.096079 -0.463071 0.881098 -3.790680 0.000000 0.000000 0.000000 1.000000
0.993300 0.020203 0.113785 7.372720 -0.071277 0.882119 0.465602 88.046494 -0.090965 -0.470593 0.877649 -4.177947 0.000000 0.000000 0.000000 1.000000
0.993207 0.034770 0.111046 7.576846 -0.083566 0.877224 0.472753 88.280334 -0.080975 -0.478821 0.874170 -4.323140 0.000000 0.000000 0.000000 1.000000
0.992914 0.049769 0.107914 7.778305 -0.095842 0.872260 0.479559 88.548309 -0.070262 -0.486504 0.870849 -4.360638 0.000000 0.000000 0.000000 1.000000
0.992304 0.063338 0.106398 7.953938 -0.107342 0.868352 0.484193 88.819717 -0.061723 -0.491887 0.868468 -4.358741 0.000000 0.000000 0.000000 1.000000
0.991565 0.074572 0.106013 8.086028 -0.117107 0.865975 0.486182 89.073685 -0.055549 -0.494496 0.867403 -4.330509 0.000000 0.000000 0.000000 1.000000
0.990910 0.084647 0.104555 8.169622 -0.125180 0.864818 0.486230 89.295364 -0.049263 -0.494899 0.867553 -4.283653 0.000000 0.000000 0.000000 1.000000
0.990462 0.094505 0.100266 8.211370 -0.131625 0.864122 0.485766 89.473305 -0.040735 -0.494331 0.868319 -4.225224 0.000000 0.000000 0.000000 1.000000
0.990132 0.104496 0.093374 8.218030 -0.136948 0.862844 0.486566 89.605232 -0.029723 -0.494552 0.868640 -4.150449 0.000000 0.000000 0.000000 1.000000
0.989764 0.115022 0.084484 8.178878 -0.141745 0.861177 0.488141 89.694511 -0.016609 -0.495120 0.868666 -4.069689 0.000000 0.000000 0.000000 1.000000
0.989317 0.125323 0.074472 8.083619 -0.145758 0.859481 0.489945 89.741402 -0.002606 -0.495566 0.868566 -3.997398 0.000000 0.000000 0.000000 1.000000
0.988870 0.134218 0.064193 7.936438 -0.148377 0.857992 0.491766 89.751053 0.010927 -0.495818 0.868358 -3.942687 0.000000 0.000000 0.000000 1.000000
0.988502 0.141048 0.054495 7.744725 -0.149453 0.856592 0.493876 89.739799 0.022981 -0.496342 0.867823 -3.896189 0.000000 0.000000 0.000000 1.000000
0.988308 0.145484 0.045619 7.518227 -0.148821 0.855420 0.496093 89.724068 0.033150 -0.497082 0.867070 -3.849603 0.000000 0.000000 0.000000 1.000000
0.988365 0.147546 0.036935 7.257990 -0.146211 0.854752 0.498017 89.710045 0.041910 -0.497623 0.866380 -3.780359 0.000000 0.000000 0.000000 1.000000
0.988612 0.147725 0.028700 6.979030 -0.142172 0.854322 0.499921 89.684395 0.049332 -0.498308 0.865595 -3.680257 0.000000 0.000000 0.000000 1.000000
0.988991 0.146401 0.021522 6.680006 -0.137333 0.853953 0.501901 89.649551 0.055100 -0.499331 0.864657 -3.530127 0.000000 0.000000 0.000000 1.000000
0.989513 0.143655 0.015076 6.355883 -0.131634 0.853865 0.503574 89.598938 0.059468 -0.500278 0.863821 -3.329834 0.000000 0.000000 0.000000 1.000000
0.990257 0.138974 0.008778 6.005440 -0.124434 0.854833 0.503762 89.509552 0.062506 -0.499946 0.863798 -3.083250 0.000000 0.000000 0.000000 1.000000
0.991215 0.132219 0.003435 5.635440 -0.116085 0.857225 0.501687 89.368889 0.063388 -0.497678 0.865042 -2.805739 0.000000 0.000000 0.000000 1.000000
0.992368 0.123312 -0.000689 5.238965 -0.106622 0.860834 0.497591 89.162636 0.061952 -0.493719 0.867412 -2.495113 0.000000 0.000000 0.000000 1.000000
0.993655 0.112418 -0.003471 4.814753 -0.096159 0.865142 0.492222 88.893562 0.058338 -0.488765 0.870463 -2.143877 0.000000 0.000000 0.000000 1.000000
0.994979 0.099956 -0.004990 4.363309 -0.084929 0.869675 0.486264 88.591133 0.052945 -0.483399 0.873797 -1.742508 0.000000 0.000000 0.000000 1.000000
0.996307 0.085742 -0.004468 3.880993 -0.073105 0.874460 0.479558 88.301735 0.045025 -0.477460 0.877499 -1.297594 0.000000 0.000000 0.000000 1.000000
0.997548 0.069976 -0.001206 3.354802 -0.061099 0.879137 0.472636 88.047699 0.034133 -0.471403 0.881257 -0.803585 0.000000 0.000000 0.000000 1.000000
0.998577 0.053181 0.003874 2.777716 -0.048841 0.883093 0.466649 87.831993 0.021395 -0.466174 0.884434 -0.241309 0.000000 0.000000 0.000000 1.000000
0.999330 0.035780 0.007704 2.150473 -0.035290 0.886146 0.462061 87.623276 0.009705 -0.462023 0.886815 0.399938 0.000000 0.000000 0.000000 1.000000
0.999782 0.018906 0.008899 1.479283 -0.020883 0.889115 0.457207 87.403763 0.000732 -0.457293 0.889316 1.122030 0.000000 0.000000 0.000000 1.000000
0.999956 0.003742 0.008577 0.763307 -0.007200 0.893055 0.449890 87.161224 -0.005976 -0.449932 0.893043 1.889692 0.000000 0.000000 0.000000 1.000000
0.999921 -0.009647 0.008099 0.021093 0.005087 0.897486 0.441013 86.867218 -0.011523 -0.440937 0.897464 2.698766 0.000000 0.000000 0.000000 1.000000
0.999739 -0.021812 0.006851 -0.723801 0.016691 0.901096 0.433298 86.493454 -0.015625 -0.433070 0.901225 3.575835 0.000000 0.000000 0.000000 1.000000
0.999444 -0.033097 0.004030 -1.396511 0.028168 0.902834 0.429067 86.026245 -0.017839 -0.428715 0.903264 4.522093 0.000000 0.000000 0.000000 1.000000
0.999057 -0.043424 -0.000664 -1.996579 0.039539 0.903155 0.427490 85.409698 -0.017963 -0.427113 0.904020 5.559164 0.000000 0.000000 0.000000 1.000000
0.998554 -0.053546 -0.004860 -2.526994 0.050551 0.904216 0.424074 84.626717 -0.018313 -0.423706 0.905614 6.680674 0.000000 0.000000 0.000000 1.000000
0.997978 -0.062881 -0.009271 -2.976239 0.060965 0.905736 0.419434 83.668045 -0.017978 -0.419151 0.907738 7.927333 0.000000 0.000000 0.000000 1.000000
0.997486 -0.069116 -0.015625 -3.351035 0.069347 0.906843 0.415724 82.508621 -0.014564 -0.415763 0.909356 9.324735 0.000000 0.000000 0.000000 1.000000
0.997106 -0.072286 -0.023537 -3.668566 0.075547 0.907688 0.412791 81.099091 -0.008475 -0.413374 0.910522 10.878894 0.000000 0.000000 0.000000 1.000000
0.996664 -0.074188 -0.034018 -3.911295 0.081615 0.906985 0.413180 79.364220 0.000201 -0.414578 0.910014 12.603431 0.000000 0.000000 0.000000 1.000000
0.996130 -0.073107 -0.048790 -4.086031 0.086813 0.905135 0.416165 77.267540 0.013737 -0.418790 0.907979 14.520103 0.000000 0.000000 0.000000 1.000000
0.995286 -0.068317 -0.068840 -4.177512 0.091067 0.902457 0.421044 74.823189 0.033360 -0.425328 0.904424 16.688786 0.000000 0.000000 0.000000 1.000000
0.993826 -0.060544 -0.092972 -4.129966 0.094821 0.898588 0.428426 72.049522 0.057605 -0.434596 0.898781 19.186680 0.000000 0.000000 0.000000 1.000000
0.991763 -0.050548 -0.117694 -3.929384 0.097284 0.894968 0.435394 68.910110 0.083324 -0.443257 0.892513 22.021126 0.000000 0.000000 0.000000 1.000000
0.989333 -0.040770 -0.139851 -3.656957 0.099629 0.889766 0.445410 65.355080 0.106276 -0.454592 0.884337 25.218697 0.000000 0.000000 0.000000 1.000000
0.987318 -0.032570 -0.155378 -3.277447 0.101937 0.880376 0.463193 61.349628 0.121704 -0.473157 0.872531 28.808771 0.000000 0.000000 0.000000 1.000000
0.986191 -0.029962 -0.162877 -2.763253 0.104832 0.874311 0.473910 56.921963 0.128206 -0.484441 0.865379 32.615623 0.000000 0.000000 0.000000 1.000000
0.986021 -0.032370 -0.163449 -2.149562 0.106553 0.876653 0.469175 52.072647 0.128101 -0.480033 0.867847 36.376686 0.000000 0.000000 0.000000 1.000000
0.987178 -0.034829 -0.155776 -1.568383 0.101907 0.888656 0.447107 46.830105 0.122859 -0.457249 0.880811 39.784367 0.000000 0.000000 0.000000 1.000000
0.989562 -0.033981 -0.140047 -1.236647 0.087022 0.915518 0.392751 41.351948 0.114869 -0.400838 0.908919 42.328819 0.000000 0.000000 0.000000 1.000000
0.992023 -0.035219 -0.121034 -1.236409 0.068364 0.957022 0.281843 36.055962 0.105906 -0.287869 0.951796 43.493046 0.000000 0.000000 0.000000 1.000000
0.994745 -0.027600 -0.098589 -1.233462 0.040702 0.990217 0.133464 31.737751 0.093941 -0.136776 0.986138 43.441536 0.000000 0.000000 0.000000 1.000000
0.997182 -0.004498 -0.074888 -1.088567 0.003962 0.999965 -0.007309 29.181005 0.074918 0.006992 0.997165 43.084106 0.000000 0.000000 0.000000 1.000000
0.998537 0.007552 -0.053541 -1.139063 -0.015959 0.987249 -0.158385 27.942892 0.051662 0.159007 0.985925 42.949753 0.000000 0.000000 0.000000 1.000000
0.998901 0.009425 -0.045904 -1.436747 -0.024262 0.942069 -0.334541 27.758341 0.040092 0.335287 0.941263 43.291496 0.000000 0.000000 0.000000 1.000000
0.998785 0.011060 -0.048022 -1.805776 -0.033099 0.872512 -0.487471 28.470528 0.036509 0.488468 0.871818 44.574089 0.000000 0.000000 0.000000 1.000000
0.998133 0.012290 -0.059822 -2.032730 -0.045656 0.800748 -0.597259 29.622978 0.040562 0.598876 0.799814 47.118927 0.000000 0.000000 0.000000 1.000000
0.996849 0.008508 -0.078866 -2.021883 -0.059668 0.735535 -0.674854 30.492533 0.052267 0.677433 0.733725 50.680119 0.000000 0.000000 0.000000 1.000000
0.995119 -0.002817 -0.098644 -1.764907 -0.070317 0.681104 -0.728802 30.617054 0.069240 0.732181 0.677582 55.037849 0.000000 0.000000 0.000000 1.000000
0.992921 -0.024615 -0.116196 -1.241843 -0.073237 0.643308 -0.762097 29.749346 0.093509 0.765212 0.636951 60.047844 0.000000 0.000000 0.000000 1.000000
0.990104 -0.049005 -0.131505 -0.557857 -0.074247 0.612257 -0.787165 27.886410 0.119090 0.789139 0.602559 65.303856 0.000000 0.000000 0.000000 1.000000
0.987311 -0.065106 -0.144841 0.072772 -0.081924 0.572528 -0.815782 25.246943 0.136038 0.817296 0.559929 70.290764 0.000000 0.000000 0.000000 1.000000
0.984437 -0.078726 -0.157116 0.532544 -0.093271 0.523668 -0.846801 22.088516 0.148942 0.848277 0.508175 74.778679 0.000000 0.000000 0.000000 1.000000
0.981129 -0.096909 -0.167317 0.901687 -0.104869 0.460307 -0.881544 18.838377 0.162447 0.882455 0.441457 78.753487 0.000000 0.000000 0.000000 1.000000
0.976813 -0.114149 -0.181128 1.332122 -0.125861 0.378222 -0.917119 15.812634 0.173194 0.918650 0.355085 82.403664 0.000000 0.000000 0.000000 1.000000
0.970698 -0.127111 -0.203931 1.872542 -0.158338 0.300040 -0.940694 13.199811 0.180760 0.945420 0.271122 85.865677 0.000000 0.000000 0.000000 1.000000
0.966989 -0.136480 -0.215185 2.352157 -0.181395 0.224398 -0.957466 11.691707 0.178962 0.964893 0.192233 88.760315 0.000000 0.000000 0.000000 1.000000
0.967087 -0.139510 -0.212789 2.743481 -0.190984 0.154594 -0.969343 11.745274 0.168129 0.978079 0.122861 90.917366 0.000000 0.000000 0.000000 1.000000
0.967897 -0.138893 -0.209486 3.039940 -0.195863 0.105553 -0.974934 12.379554 0.157523 0.984666 0.074960 92.586220 0.000000 0.000000 0.000000 1.000000
0.969424 -0.133937 -0.205616 3.254567 -0.198361 0.065577 -0.977933 12.561185 0.144465 0.988818 0.037004 93.926842 0.000000 0.000000 0.000000 1.000000
0.970258 -0.127777 -0.205603 3.299002 -0.203664 0.028198 -0.978635 12.302396 0.130845 0.991402 0.001336 94.806534 0.000000 0.000000 0.000000 1.000000
0.971438 -0.120322 -0.204528 3.220287 -0.205410 0.005154 -0.978662 12.085443 0.118809 0.992721 -0.019708 95.328735 0.000000 0.000000 0.000000 1.000000
0.973297 -0.111168 -0.200837 3.120131 -0.202699 -0.005588 -0.979225 11.911699 0.107736 0.993786 -0.027972 95.723549 0.000000 0.000000 0.000000 1.000000
0.975133 -0.102556 -0.196461 2.984930 -0.198525 -0.010220 -0.980042 11.752939 0.098501 0.994675 -0.030326 95.985260 0.000000 0.000000 0.000000 1.000000
0.976621 -0.095208 -0.192736 2.790825 -0.194342 -0.007803 -0.980903 11.676421 0.091886 0.995427 -0.026123 96.080963 0.000000 0.000000 0.000000 1.000000
0.978098 -0.088784 -0.188258 2.607401 -0.189174 -0.001943 -0.981942 11.690340 0.086815 0.996049 -0.018696 96.117569 0.000000 0.000000 0.000000 1.000000
0.979221 -0.082020 -0.185471 2.409006 -0.185670 0.005255 -0.982598 11.742578 0.081567 0.996617 -0.010082 96.102509 0.000000 0.000000 0.000000 1.000000
0.980069 -0.075235 -0.183859 2.197967 -0.183496 0.011763 -0.982950 11.830654 0.076115 0.997096 -0.002277 96.051376 0.000000 0.000000 0.000000 1.000000
0.980541 -0.070597 -0.183183 2.010588 -0.182280 0.019077 -0.983062 11.946428 0.072896 0.997322 0.005837 96.038620 0.000000 0.000000 0.000000 1.000000
0.980706 -0.067603 -0.183429 1.918619 -0.181968 0.027226 -0.982927 12.092072 0.071443 0.997341 0.014399 96.044861 0.000000 0.000000 0.000000 1.000000
0.981007 -0.063489 -0.183290 1.965587 -0.181275 0.036215 -0.982765 12.279873 0.069033 0.997325 0.024018 95.965889 0.000000 0.000000 0.000000 1.000000
0.981192 -0.057374 -0.184308 2.077901 -0.181795 0.046361 -0.982243 12.406528 0.064900 0.997276 0.035058 95.804550 0.000000 0.000000 0.000000 1.000000
0.981185 -0.048247 -0.186943 2.233000 -0.184181 0.056486 -0.981268 12.486885 0.057903 0.997237 0.046537 95.590553 0.000000 0.000000 0.000000 1.000000
0.981130 -0.035851 -0.189995 2.422002 -0.187439 0.064716 -0.980142 12.551112 0.047434 0.997260 0.056775 95.219513 0.000000 0.000000 0.000000 1.000000
0.981167 -0.025265 -0.191501 2.542596 -0.189354 0.070022 -0.979409 12.567923 0.038154 0.997225 0.063919 94.952293 0.000000 0.000000 0.000000 1.000000
0.981358 -0.017463 -0.191396 2.634074 -0.189658 0.073147 -0.979122 12.549895 0.031099 0.997168 0.068471 94.722267 0.000000 0.000000 0.000000 1.000000
0.981043 -0.014201 -0.193269 2.659665 -0.191669 0.076049 -0.978509 12.493255 0.028594 0.997003 0.071886 94.517181 0.000000 0.000000 0.000000 1.000000
0.980848 -0.013794 -0.194287 2.635906 -0.192628 0.079014 -0.978085 12.471514 0.028843 0.996778 0.074844 94.411644 0.000000 0.000000 0.000000 1.000000
0.980875 -0.013821 -0.194148 2.604124 -0.192416 0.081483 -0.977925 12.475982 0.029336 0.996579 0.077266 94.389015 0.000000 0.000000 0.000000 1.000000
0.980960 -0.013442 -0.193745 2.580302 -0.191993 0.083208 -0.977863 12.481348 0.029265 0.996442 0.079043 94.379677 0.000000 0.000000 0.000000 1.000000
0.981146 -0.013925 -0.192764 2.562975 -0.190967 0.083559 -0.978034 12.492052 0.029726 0.996406 0.079325 94.397491 0.000000 0.000000 0.000000 1.000000
0.981399 -0.015584 -0.191348 2.551759 -0.189449 0.082722 -0.978400 12.504091 0.031076 0.996451 0.078231 94.459023 0.000000 0.000000 0.000000 1.000000
0.981641 -0.017806 -0.189903 2.543659 -0.187882 0.081320 -0.978819 12.509263 0.032872 0.996529 0.076482 94.553375 0.000000 0.000000 0.000000 1.000000
0.981705 -0.019685 -0.189388 2.537607 -0.187263 0.080224 -0.979028 12.507269 0.034466 0.996582 0.075070 94.656441 0.000000 0.000000 0.000000 1.000000
0.981643 -0.021128 -0.189551 2.529320 -0.187345 0.079458 -0.979075 12.506343 0.035747 0.996614 0.074041 94.738922 0.000000 0.000000 0.000000 1.000000
0.981601 -0.022218 -0.189649 2.522690 -0.187388 0.078744 -0.979125 12.500435 0.036688 0.996647 0.073132 94.803001 0.000000 0.000000 0.000000 1.000000
0.981668 -0.022367 -0.189284 2.520167 -0.187030 0.078282 -0.979230 12.492204 0.036720 0.996680 0.072663 94.854935 0.000000 0.000000 0.000000 1.000000
0.981733 -0.021696 -0.189024 2.523361 -0.186814 0.078443 -0.979258 12.477825 0.036073 0.996682 0.072957 94.888771 0.000000 0.000000 0.000000 1.000000
0.981669 -0.020680 -0.189469 2.528688 -0.187309 0.079113 -0.979110 12.457839 0.035237 0.996651 0.073789 94.891808 0.000000 0.000000 0.000000 1.000000
0.981609 -0.019511 -0.189904 2.534678 -0.187801 0.079919 -0.978950 12.443666 0.034277 0.996610 0.074785 94.867813 0.000000 0.000000 0.000000 1.000000
0.981613 -0.018479 -0.189987 2.534440 -0.187920 0.081146 -0.978827 12.427913 0.033505 0.996531 0.076181 94.834747 0.000000 0.000000 0.000000 1.000000
0.981708 -0.018006 -0.189538 2.533546 -0.187476 0.082122 -0.978830 12.414996 0.033190 0.996460 0.077244 94.802925 0.000000 0.000000 0.000000 1.000000
0.981736 -0.017472 -0.189445 2.531246 -0.187386 0.083295 -0.978748 12.403214 0.032880 0.996372 0.078500 94.779945 0.000000 0.000000 0.000000 1.000000
0.981692 -0.017120 -0.189706 2.529747 -0.187646 0.084162 -0.978624 12.392511 0.032720 0.996305 0.079409 94.769318 0.000000 0.000000 0.000000 1.000000
0.981597 -0.017347 -0.190173 2.529537 -0.188087 0.084364 -0.978522 12.381010 0.033018 0.996284 0.079549 94.773544 0.000000 0.000000 0.000000 1.000000
0.981528 -0.017263 -0.190540 2.529100 -0.188467 0.084105 -0.978472 12.374629 0.032916 0.996307 0.079298 94.785027 0.000000 0.000000 0.000000 1.000000
0.981461 -0.017375 -0.190873 2.526847 -0.188805 0.083682 -0.978443 12.369774 0.032973 0.996341 0.078850 94.795792 0.000000 0.000000 0.000000 1.000000</float_array>
        <technique_common>
          <accessor source="#mixamorig_Hips-Matrix-animation-output-transform-array" count="136" stride="16">
            <param type="float4x4"/>
          </accessor>
        </technique_common>
      </source>
      <source id="mixamorig_Hips-Interpolations">
        <Name_array id="mixamorig_Hips-Interpolations-array" count="136">
 LINEAR LINEAR LINEAR LINEAR LINEAR LINEAR LINEAR LINEAR LINEAR LINEAR LINEAR
LINEAR LINEAR LINEAR LINEAR LINEAR LINEAR LINEAR LINEAR LINEAR LINEAR LINEAR LINEAR
LINEAR LINEAR LINEAR LINEAR LINEAR LINEAR LINEAR LINEAR LINEAR LINEAR LINEAR LINEAR
LINEAR LINEAR LINEAR LINEAR LINEAR LINEAR LINEAR LINEAR LINEAR LINEAR LINEAR LINEAR
LINEAR LINEAR LINEAR LINEAR LINEAR LINEAR LINEAR LINEAR LINEAR LINEAR LINEAR LINEAR
LINEAR LINEAR LINEAR LINEAR LINEAR LINEAR LINEAR LINEAR LINEAR LINEAR LINEAR LINEAR
LINEAR LINEAR LINEAR LINEAR LINEAR LINEAR LINEAR LINEAR LINEAR LINEAR LINEAR LINEAR
LINEAR LINEAR LINEAR LINEAR LINEAR LINEAR LINEAR LINEAR LINEAR LINEAR LINEAR LINEAR
LINEAR LINEAR LINEAR LINEAR LINEAR LINEAR LINEAR LINEAR LINEAR LINEAR LINEAR LINEAR
LINEAR LINEAR LINEAR LINEAR LINEAR LINEAR LINEAR LINEAR LINEAR LINEAR LINEAR LINEAR
LINEAR LINEAR LINEAR LINEAR LINEAR LINEAR LINEAR LINEAR LINEAR LINEAR LINEAR LINEAR
LINEAR LINEAR LINEAR LINEAR LINEAR</Name_array>
        <technique_common>
          <accessor source="#mixamorig_Hips-Interpolations-array" count="136">
            <param type="name"/>
          </accessor>
        </technique_common>
      </source>
      <sampler id="mixamorig_Hips-Matrix-animation-transform">
        <input semantic="INPUT" source="#mixamorig_Hips-Matrix-animation-input"/>
        <input semantic="OUTPUT" source="#mixamorig_Hips-Matrix-animation-output-transform"/>
        <input semantic="INTERPOLATION" source="#mixamorig_Hips-Interpolations"/>
      </sampler>
      <channel source="#mixamorig_Hips-Matrix-animation-transform" target="mixamorig_Hips/matrix"/>
    </animation>
    <animation id="mixamorig_Spine-anim" name="mixamorig_Spine">
      <source id="mixamorig_Spine-Matrix-animation-input">
        <float_array id="mixamorig_Spine-Matrix-animation-input-array" count="136">

0.000000 0.033333 0.066667 0.100000 0.133333 0.166667 0.200000 0.233333 0.266667 0.300000 0.333333 0.366667 0.400000 0.433333 0.466667 0.500000
0.533333 0.566667 0.600000 0.633333 0.666667 0.700000 0.733333 0.766667 0.800000 0.833333 0.866667 0.900000 0.933333 0.966667 1.000000 1.033333
1.066667 1.100000 1.133333 1.166667 1.200000 1.233333 1.266667 1.300000 1.333333 1.366667 1.400000 1.433333 1.466667 1.500000 1.533333 1.566667
1.600000 1.633333 1.666667 1.700000 1.733333 1.766667 1.800000 1.833333 1.866667 1.900000 1.933333 1.966667 2.000000 2.033333 2.066667 2.100000
2.133333 2.166667 2.200000 2.233333 2.266667 2.300000 2.333333 2.366667 2.400000 2.433333 2.466667 2.500000 2.533333 2.566667 2.600000 2.633333
2.666667 2.700000 2.733333 2.766667 2.800000 2.833333 2.866667 2.900000 2.933333 2.966667 3.000000 3.033333 3.066667 3.100000 3.133333 3.166667
3.200000 3.233333 3.266667 3.300000 3.333333 3.366667 3.400000 3.433333 3.466667 3.500000 3.533333 3.566667 3.600000 3.633333 3.666667 3.700000
3.733333 3.766667 3.800000 3.833333 3.866667 3.900000 3.933333 3.966667 4.000000 4.033333 4.066667 4.100000 4.133333 4.166667 4.200000 4.233333
4.266667 4.300000 4.333333 4.366667 4.400000 4.433333 4.466667 4.500000</float_array>
        <technique_common>
          <accessor source="#mixamorig_Spine-Matrix-animation-input-array" count="136">
            <param name="TIME" type="float"/>
          </accessor>
        </technique_common>
      </source>
      <source id="mixamorig_Spine-Matrix-animation-output-transform">
        <float_array id="mixamorig_Spine-Matrix-animation-output-transform-array" count="2176">

0.999664 0.024198 0.009312 -0.000000 -0.023668 0.998296 -0.053330 9.226300 -0.010587 0.053092 0.998534 1.577100 0.000000 0.000000 0.000000 1.000000
0.999662 0.024207 0.009526 0.000000 -0.023669 0.998314 -0.053006 9.226300 -0.010793 0.052762 0.998549 1.577100 0.000000 0.000000 0.000000 1.000000
0.999661 0.024100 0.009811 -0.000000 -0.023557 0.998362 -0.052144 9.226300 -0.011052 0.051895 0.998591 1.577100 0.000000 0.000000 0.000000 1.000000
0.999662 0.023924 0.010181 0.000000 -0.023385 0.998466 -0.050179 9.226300 -0.011366 0.049924 0.998688 1.577100 0.000000 0.000000 0.000000 1.000000
0.999663 0.023755 0.010494 0.000000 -0.023239 0.998634 -0.046795 9.226300 -0.011591 0.046535 0.998849 1.577100 0.000000 0.000000 0.000000 1.000000
0.999657 0.023883 0.010731 0.000000 -0.023402 0.998806 -0.042884 9.226300 -0.011743 0.042618 0.999022 1.577100 0.000000 0.000000 0.000000 1.000000
0.999633 0.025017 0.010434 -0.000000 -0.024590 0.998928 -0.039224 9.226300 -0.011404 0.038953 0.999176 1.577100 0.000000 0.000000 0.000000 1.000000
0.999612 0.026695 0.007900 0.000000 -0.026396 0.999009 -0.035840 9.226300 -0.008849 0.035617 0.999326 1.577100 0.000000 0.000000 0.000000 1.000000
0.999593 0.028307 0.003591 0.000000 -0.028174 0.999063 -0.032845 9.226300 -0.004518 0.032730 0.999454 1.577100 0.000000 0.000000 0.000000 1.000000
0.999544 0.030198 0.000733 0.000000 -0.030163 0.999105 -0.029648 9.226300 -0.001628 0.029612 0.999560 1.577100 0.000000 0.000000 0.000000 1.000000
0.999487 0.032002 0.001176 -0.000000 -0.031960 0.999146 -0.026185 9.226300 -0.002013 0.026134 0.999656 1.577100 0.000000 0.000000 0.000000 1.000000
0.999468 0.032410 0.003665 -0.000000 -0.032318 0.999218 -0.022792 9.226300 -0.004401 0.022661 0.999734 1.577100 0.000000 0.000000 0.000000 1.000000
0.999446 0.032288 0.008105 0.000000 -0.032135 0.999315 -0.018340 9.226300 -0.008691 0.018069 0.999799 1.577100 0.000000 0.000000 0.000000 1.000000
0.999375 0.032504 0.013875 0.000000 -0.032340 0.999406 -0.011875 9.226300 -0.014252 0.011419 0.999833 1.577100 0.000000 0.000000 0.000000 1.000000
0.999267 0.032809 0.019731 -0.000000 -0.032708 0.999450 -0.005405 9.226300 -0.019897 0.004755 0.999791 1.577100 0.000000 0.000000 0.000000 1.000000
0.999137 0.032843 0.025429 0.000000 -0.032823 0.999460 -0.001211 9.226300 -0.025455 0.000376 0.999676 1.577100 0.000000 0.000000 0.000000 1.000000
0.999014 0.032601 0.030143 0.000000 -0.032641 0.999467 0.000850 9.226300 -0.030100 -0.001833 0.999545 1.577100 0.000000 0.000000 0.000000 1.000000
0.998941 0.031623 0.033424 0.000000 -0.031685 0.999497 0.001319 9.226300 -0.033366 -0.002377 0.999440 1.577100 0.000000 0.000000 0.000000 1.000000
0.998954 0.029137 0.035249 0.000000 -0.029213 0.999572 0.001637 9.226300 -0.035187 -0.002665 0.999377 1.577100 0.000000 0.000000 0.000000 1.000000
0.999074 0.024605 0.035302 0.000000 -0.024729 0.999689 0.003102 9.226300 -0.035214 -0.003972 0.999372 1.577100 0.000000 0.000000 0.000000 1.000000
0.999151 0.022274 0.034665 -0.000000 -0.022417 0.999742 0.003740 9.226300 -0.034573 -0.004514 0.999392 1.577100 0.000000 0.000000 0.000000 1.000000
0.999023 0.027174 0.034865 0.000000 -0.027339 0.999617 0.004249 9.226300 -0.034736 -0.005198 0.999383 1.577100 0.000000 0.000000 0.000000 1.000000
0.998853 0.032902 0.034795 -0.000000 -0.033067 0.999444 0.004183 9.226300 -0.034638 -0.005329 0.999386 1.577100 0.000000 0.000000 0.000000 1.000000
0.998698 0.037496 0.034579 0.000000 -0.037641 0.999285 0.003547 9.226300 -0.034421 -0.004844 0.999396 1.577100 0.000000 0.000000 0.000000 1.000000
0.998600 0.040532 0.033981 -0.000000 -0.040663 0.999168 0.003177 9.226300 -0.033824 -0.004555 0.999417 1.577100 0.000000 0.000000 0.000000 1.000000
0.998521 0.043120 0.033120 0.000000 -0.043227 0.999062 0.002499 9.226300 -0.032982 -0.003927 0.999448 1.577100 0.000000 0.000000 0.000000 1.000000
0.998449 0.045834 0.031607 0.000000 -0.045895 0.998946 0.001206 9.226300 -0.031518 -0.002654 0.999500 1.577100 0.000000 0.000000 0.000000 1.000000
0.998332 0.049531 0.029666 0.000000 -0.049519 0.998773 -0.001149 9.226300 -0.029686 -0.000322 0.999559 1.577100 0.000000 0.000000 0.000000 1.000000
0.998220 0.053204 0.026944 0.000000 -0.053084 0.998577 -0.005145 9.226300 -0.027179 0.003705 0.999624 1.577100 0.000000 0.000000 0.000000 1.000000
0.998019 0.057596 0.025327 0.000000 -0.057364 0.998305 -0.009797 9.226300 -0.025849 0.008324 0.999631 1.577100 0.000000 0.000000 0.000000 1.000000
0.997726 0.062510 0.025213 0.000000 -0.062179 0.997971 -0.013694 9.226300 -0.026018 0.012096 0.999588 1.577100 0.000000 0.000000 0.000000 1.000000
0.997455 0.066454 0.025846 0.000000 -0.066033 0.997676 -0.016804 9.226300 -0.026902 0.015054 0.999525 1.577100 0.000000 0.000000 0.000000 1.000000
0.997180 0.069931 0.027227 0.000000 -0.069435 0.997410 -0.018764 9.226300 -0.028469 0.016820 0.999453 1.577100 0.000000 0.000000 0.000000 1.000000
0.996896 0.073220 0.028940 -0.000000 -0.072665 0.997161 -0.019760 9.226300 -0.030305 0.017596 0.999386 1.577100 0.000000 0.000000 0.000000 1.000000
0.996631 0.076276 0.030157 0.000000 -0.075692 0.996930 -0.020028 9.226300 -0.031592 0.017677 0.999345 1.577100 0.000000 0.000000 0.000000 1.000000
0.996414 0.078746 0.030959 0.000000 -0.078169 0.996751 -0.019443 9.226300 -0.032390 0.016954 0.999332 1.577100 0.000000 0.000000 0.000000 1.000000
0.996199 0.081238 0.031422 -0.000000 -0.080690 0.996571 -0.018331 9.226300 -0.032803 0.015726 0.999338 1.577100 0.000000 0.000000 0.000000 1.000000
0.995983 0.083648 0.031966 -0.000000 -0.083140 0.996395 -0.016894 9.226300 -0.033264 0.014168 0.999346 1.577100 0.000000 0.000000 0.000000 1.000000
0.995744 0.086081 0.032931 0.000000 -0.085612 0.996210 -0.015388 9.226300 -0.034131 0.012503 0.999339 1.577100 0.000000 0.000000 0.000000 1.000000
0.995568 0.087665 0.034042 -0.000000 -0.087224 0.996087 -0.014211 9.226300 -0.035155 0.011179 0.999319 1.577100 0.000000 0.000000 0.000000 1.000000
0.995433 0.088569 0.035616 0.000000 -0.088152 0.996021 -0.013123 9.226300 -0.036637 0.009923 0.999279 1.577100 0.000000 0.000000 0.000000 1.000000
0.995341 0.088857 0.037414 -0.000000 -0.088461 0.996006 -0.012126 9.226300 -0.038342 0.008760 0.999226 1.577100 0.000000 0.000000 0.000000 1.000000
0.995237 0.089091 0.039580 -0.000000 -0.088715 0.995995 -0.011140 9.226300 -0.040414 0.007576 0.999154 1.577100 0.000000 0.000000 0.000000 1.000000
0.995171 0.088991 0.041414 -0.000000 -0.088636 0.996010 -0.010341 9.226300 -0.042169 0.006621 0.999089 1.577100 0.000000 0.000000 0.000000 1.000000
0.995098 0.088995 0.043136 0.000000 -0.088663 0.996016 -0.009562 9.226300 -0.043815 0.005690 0.999023 1.577100 0.000000 0.000000 0.000000 1.000000
0.995004 0.089195 0.044838 -0.000000 -0.088884 0.996002 -0.008875 9.226300 -0.045451 0.004845 0.998955 1.577100 0.000000 0.000000 0.000000 1.000000
0.994928 0.089262 0.046370 -0.000000 -0.088973 0.996000 -0.008273 9.226300 -0.046923 0.004105 0.998890 1.577100 0.000000 0.000000 0.000000 1.000000
0.994887 0.089061 0.047631 0.000000 -0.088794 0.996020 -0.007696 9.226300 -0.048127 0.003427 0.998835 1.577100 0.000000 0.000000 0.000000 1.000000
0.994880 0.088557 0.048702 0.000000 -0.088314 0.996067 -0.007124 9.226300 -0.049141 0.002787 0.998788 1.577100 0.000000 0.000000 0.000000 1.000000
0.994926 0.087628 0.049442 0.000000 -0.087431 0.996152 -0.006147 9.226300 -0.049790 0.001793 0.998758 1.577100 0.000000 0.000000 0.000000 1.000000
0.995036 0.086304 0.049557 0.000000 -0.086162 0.996269 -0.004996 9.226300 -0.049803 0.000702 0.998759 1.577100 0.000000 0.000000 0.000000 1.000000
0.995212 0.084559 0.049023 0.000000 -0.084476 0.996418 -0.003762 9.226300 -0.049165 -0.000397 0.998791 1.577100 0.000000 0.000000 0.000000 1.000000
0.995403 0.082653 0.048390 0.000000 -0.082614 0.996578 -0.002821 9.226300 -0.048458 -0.001190 0.998825 1.577100 0.000000 0.000000 0.000000 1.000000
0.995665 0.080209 0.047086 0.000000 -0.080186 0.996777 -0.002394 9.226300 -0.047127 -0.001392 0.998888 1.577100 0.000000 0.000000 0.000000 1.000000
0.995922 0.077775 0.045727 -0.000000 -0.077753 0.996970 -0.002267 9.226300 -0.045765 -0.001297 0.998951 1.577100 0.000000 0.000000 0.000000 1.000000
0.996205 0.075333 0.043602 -0.000000 -0.075305 0.997158 -0.002301 9.226300 -0.043651 -0.000991 0.999046 1.577100 0.000000 0.000000 0.000000 1.000000
0.996506 0.072674 0.041161 -0.000000 -0.072616 0.997356 -0.002896 9.226300 -0.041263 -0.000103 0.999148 1.577100 0.000000 0.000000 0.000000 1.000000
0.996800 0.070027 0.038552 0.000000 -0.069929 0.997544 -0.003893 9.226300 -0.038730 0.001185 0.999249 1.577100 0.000000 0.000000 0.000000 1.000000
0.997001 0.068108 0.036752 0.000000 -0.067978 0.997675 -0.004781 9.226300 -0.036992 0.002268 0.999313 1.577100 0.000000 0.000000 0.000000 1.000000
0.997222 0.065936 0.034645 0.000000 -0.065797 0.997820 -0.005148 9.226300 -0.034909 0.002854 0.999386 1.577100 0.000000 0.000000 0.000000 1.000000
0.997406 0.064045 0.032850 0.000000 -0.063899 0.997941 -0.005486 9.226300 -0.033133 0.003373 0.999445 1.577100 0.000000 0.000000 0.000000 1.000000
0.997552 0.062529 0.031313 0.000000 -0.062364 0.998034 -0.006230 9.226300 -0.031641 0.004262 0.999490 1.577100 0.000000 0.000000 0.000000 1.000000
0.997659 0.061191 0.030524 0.000000 -0.060979 0.998108 -0.007838 9.226300 -0.030946 0.005958 0.999503 1.577100 0.000000 0.000000 0.000000 1.000000
0.997734 0.059836 0.030750 0.000000 -0.059552 0.998174 -0.010070 9.226300 -0.031297 0.008216 0.999476 1.577100 0.000000 0.000000 0.000000 1.000000
0.997805 0.058412 0.031183 -0.000000 -0.058065 0.998242 -0.011932 9.226300 -0.031825 0.010095 0.999442 1.577100 0.000000 0.000000 0.000000 1.000000
0.997863 0.056824 0.032258 0.000000 -0.056416 0.998317 -0.013419 9.226300 -0.032966 0.011571 0.999389 1.577100 0.000000 0.000000 0.000000 1.000000
0.997876 0.055108 0.034726 0.000000 -0.054613 0.998394 -0.015067 9.226300 -0.035501 0.013139 0.999283 1.577100 0.000000 0.000000 0.000000 1.000000
0.997835 0.053393 0.038403 0.000000 -0.052770 0.998461 -0.017062 9.226300 -0.039255 0.014998 0.999117 1.577100 0.000000 0.000000 0.000000 1.000000
0.997756 0.051513 0.042761 0.000000 -0.050719 0.998524 -0.019442 9.226300 -0.043700 0.017230 0.998896 1.577100 0.000000 0.000000 0.000000 1.000000
0.997655 0.049150 0.047637 0.000000 -0.048154 0.998601 -0.021834 9.226300 -0.048643 0.019489 0.998626 1.577100 0.000000 0.000000 0.000000 1.000000
0.997597 0.045444 0.052290 -0.000000 -0.044253 0.998739 -0.023721 9.226300 -0.053302 0.021350 0.998350 1.577100 0.000000 0.000000 0.000000 1.000000
0.997693 0.039274 0.055382 -0.000000 -0.037955 0.998975 -0.024664 9.226300 -0.056294 0.022505 0.998161 1.577100 0.000000 0.000000 0.000000 1.000000
0.997916 0.030946 0.056627 0.000000 -0.029566 0.999249 -0.025053 9.226300 -0.057360 0.023327 0.998081 1.577100 0.000000 0.000000 0.000000 1.000000
0.998053 0.023085 0.057946 0.000000 -0.021572 0.999413 -0.026597 9.226300 -0.058526 0.025295 0.997965 1.577100 0.000000 0.000000 0.000000 1.000000
0.998107 0.016637 0.059212 -0.000000 -0.014886 0.999443 -0.029880 9.226300 -0.059676 0.028942 0.997798 1.577100 0.000000 0.000000 0.000000 1.000000
0.998117 0.013163 0.059908 -0.000000 -0.011236 0.999412 -0.032384 9.226300 -0.060299 0.031650 0.997678 1.577100 0.000000 0.000000 0.000000 1.000000
0.998060 0.012862 0.060916 0.000000 -0.010871 0.999400 -0.032900 9.226300 -0.061303 0.032174 0.997601 1.577100 0.000000 0.000000 0.000000 1.000000
0.997970 0.014124 0.062104 0.000000 -0.012130 0.999402 -0.032366 9.226300 -0.062524 0.031547 0.997545 1.577100 0.000000 0.000000 0.000000 1.000000
0.997978 0.015297 0.061699 0.000000 -0.013497 0.999474 -0.029484 9.226300 -0.062118 0.028592 0.997659 1.577100 0.000000 0.000000 0.000000 1.000000
0.998245 0.016066 0.057002 0.000000 -0.014840 0.999651 -0.021869 9.226300 -0.057334 0.020985 0.998134 1.577100 0.000000 0.000000 0.000000 1.000000
0.998792 0.012303 0.047565 -0.000000 -0.011498 0.999787 -0.017164 9.226300 -0.047767 0.016596 0.998721 1.577100 0.000000 0.000000 0.000000 1.000000
0.999202 0.005610 0.039558 0.000000 -0.004731 0.999740 -0.022293 9.226300 -0.039673 0.022088 0.998969 1.577100 0.000000 0.000000 0.000000 1.000000
0.999322 0.006476 0.036252 -0.000000 -0.005454 0.999587 -0.028203 9.226300 -0.036420 0.027986 0.998945 1.577100 0.000000 0.000000 0.000000 1.000000
0.999263 0.014149 0.035683 0.000000 -0.013129 0.999503 -0.028656 9.226300 -0.036071 0.028167 0.998952 1.577100 0.000000 0.000000 0.000000 1.000000
0.999103 0.024409 0.034606 0.000000 -0.023471 0.999353 -0.027244 9.226300 -0.035249 0.026407 0.999030 1.577100 0.000000 0.000000 0.000000 1.000000
0.998821 0.035411 0.033198 -0.000000 -0.034520 0.999038 -0.027038 9.226300 -0.034123 0.025860 0.999083 1.577100 0.000000 0.000000 0.000000 1.000000
0.998471 0.045761 0.031002 0.000000 -0.044941 0.998634 -0.026664 9.226300 -0.032180 0.025230 0.999164 1.577100 0.000000 0.000000 0.000000 1.000000
0.998127 0.054690 0.027406 0.000000 -0.053984 0.998206 -0.025881 9.226300 -0.028772 0.024353 0.999289 1.577100 0.000000 0.000000 0.000000 1.000000
0.997763 0.062841 0.022820 0.000000 -0.062234 0.997712 -0.026419 9.226300 -0.024428 0.024940 0.999390 1.577100 0.000000 0.000000 0.000000 1.000000
0.997461 0.068806 0.018368 -0.000000 -0.068290 0.997289 -0.027400 9.226300 -0.020204 0.026076 0.999456 1.577100 0.000000 0.000000 0.000000 1.000000
0.997399 0.070430 0.015323 -0.000000 -0.070003 0.997187 -0.026804 9.226300 -0.017168 0.025662 0.999523 1.577100 0.000000 0.000000 0.000000 1.000000
