<?xml version="1.0" encoding="utf-8"?>
<COLLADA xmlns="http://www.collada.org/2005/11/COLLADASchema" version="1.4.1">
  <asset>
    <contributor>
      <author>Mixamo</author>
      <authoring_tool>COLLADA Mixamo exporter</authoring_tool>
      <comments/>
    </contributor>
    <created>2024-11-01T00:04:10Z</created>
    <modified>2024-11-01T00:04:10Z</modified>
    <revision/>
    <title/>
    <unit meter="0.010000"/>
    <up_axis>Y_UP</up_axis>
  </asset>
  <library_animations>
    <animation id="mixamorig_Hips-anim" name="mixamorig_Hips">
      <source id="mixamorig_Hips-Matrix-animation-input">
        <float_array id="mixamorig_Hips-Matrix-animation-input-array" count="27">

0.000000 0.033333 0.066667 0.100000 0.133333 0.166667 0.200000 0.233333 0.266667 0.300000 0.333333 0.366667 0.400000 0.433333 0.466667 0.500000
0.533333 0.566667 0.600000 0.633333 0.666667 0.700000 0.733333 0.766667 0.800000 0.833333 0.866667</float_array>
        <technique_common>
          <accessor source="#mixamorig_Hips-Matrix-animation-input-array" count="27">
            <param name="TIME" type="float"/>
          </accessor>
        </technique_common>
      </source>
      <source id="mixamorig_Hips-Matrix-animation-output-transform">
        <float_array id="mixamorig_Hips-Matrix-animation-output-transform-array" count="432">

0.907110 0.083369 0.412555 -0.932842 0.048055 0.953263 -0.298297 84.357765 -0.418142 0.290414 0.860707 -2.109029 0.000000 0.000000 0.000000 1.000000
0.891283 0.139671 0.431400 -0.816345 0.030935 0.930434 -0.365152 86.426178 -0.452390 0.338799 0.824959 7.845701 0.000000 0.000000 0.000000 1.000000
0.878853 0.191290 0.437064 -0.807450 0.015547 0.904131 -0.426973 88.250175 -0.476839 0.382042 0.791624 19.086628 0.000000 0.000000 0.000000 1.000000
0.886620 0.219711 0.406978 -0.940346 -0.002809 0.882499 -0.470306 89.837585 -0.462489 0.415840 0.783059 30.748318 0.000000 0.000000 0.000000 1.000000
0.897711 0.212971 0.385691 -1.226544 0.006752 0.868656 -0.495370 90.760063 -0.440532 0.447304 0.778364 42.035530 0.000000 0.000000 0.000000 1.000000
0.895077 0.190043 0.403387 -1.606992 0.036379 0.870496 -0.490828 91.136658 -0.444425 0.454004 0.772248 54.294949 0.000000 0.000000 0.000000 1.000000
0.887572 0.160687 0.431735 -2.066463 0.071580 0.877704 -0.473827 91.407997 -0.455073 0.451460 0.767524 66.119560 0.000000 0.000000 0.000000 1.000000
0.886832 0.131290 0.443049 -2.529637 0.095764 0.885755 -0.454166 90.808228 -0.452061 0.445197 0.772943 77.630997 0.000000 0.000000 0.000000 1.000000
0.900569 0.103296 0.422262 -2.971208 0.101233 0.894820 -0.434798 89.514450 -0.422761 0.434313 0.795390 88.923889 0.000000 0.000000 0.000000 1.000000
0.922865 0.076907 0.377367 -3.384481 0.093967 0.905279 -0.414296 88.115639 -0.373484 0.417799 0.828223 98.830147 0.000000 0.000000 0.000000 1.000000
0.951138 0.048717 0.304898 -3.763054 0.080229 0.914563 -0.396407 86.489014 -0.298161 0.401499 0.865967 108.854904 0.000000 0.000000 0.000000 1.000000
0.966508 0.021749 0.255715 -4.082251 0.076182 0.927176 -0.366798 84.996582 -0.245070 0.373994 0.894466 118.156250 0.000000 0.000000 0.000000 1.000000
0.971253 -0.004225 0.238013 -4.331313 0.083798 0.941914 -0.325232 84.017136 -0.222813 0.335827 0.915191 127.566833 0.000000 0.000000 0.000000 1.000000
0.971189 -0.029225 0.236511 -4.487621 0.097508 0.954304 -0.282481 84.219269 -0.217448 0.297404 0.929660 138.381958 0.000000 0.000000 0.000000 1.000000
0.966773 -0.054411 0.249780 -4.516835 0.116534 0.963461 -0.241168 85.692169 -0.227531 0.262263 0.937789 150.869415 0.000000 0.000000 0.000000 1.000000
0.959745 -0.074850 0.270716 -4.419477 0.136156 0.967002 -0.215336 87.649643 -0.245665 0.243527 0.938266 163.060669 0.000000 0.000000 0.000000 1.000000
0.949113 -0.089126 0.302061 -4.224724 0.155792 0.966417 -0.204368 89.266609 -0.273702 0.241027 0.931125 175.982147 0.000000 0.000000 0.000000 1.000000
0.941060 -0.096336 0.324231 -3.947407 0.177605 0.956539 -0.231279 90.709366 -0.287859 0.275232 0.917270 188.598434 0.000000 0.000000 0.000000 1.000000
0.937797 -0.097912 0.333091 -3.604024 0.193880 0.943568 -0.268497 91.317886 -0.288005 0.316376 0.903858 200.460312 0.000000 0.000000 0.000000 1.000000
0.938979 -0.084947 0.333322 -3.214581 0.188900 0.937172 -0.293301 91.652130 -0.287465 0.338368 0.896031 213.449036 0.000000 0.000000 0.000000 1.000000
0.940813 -0.073102 0.330950 -2.808359 0.177786 0.937780 -0.298262 90.718704 -0.288555 0.339447 0.895272 226.731522 0.000000 0.000000 0.000000 1.000000
0.940720 -0.054396 0.334794 -2.400050 0.159710 0.941825 -0.295734 89.447083 -0.299231 0.331673 0.894681 240.283493 0.000000 0.000000 0.000000 1.000000
0.938091 -0.031660 0.344939 -2.013968 0.135702 0.949806 -0.281875 87.905029 -0.318701 0.311233 0.895301 253.794815 0.000000 0.000000 0.000000 1.000000
0.933528 -0.013989 0.358230 -1.673358 0.111762 0.960798 -0.253726 86.167976 -0.340638 0.276896 0.898496 265.963104 0.000000 0.000000 0.000000 1.000000
0.927710 0.006310 0.373249 -1.381621 0.087098 0.968603 -0.232857 84.629288 -0.362999 0.248533 0.898033 277.269073 0.000000 0.000000 0.000000 1.000000
0.919689 0.038867 0.390719 -1.137354 0.066183 0.965506 -0.251828 83.799400 -0.387030 0.257463 0.885393 287.890961 0.000000 0.000000 0.000000 1.000000
0.907110 0.083370 0.412555 -0.932837 0.048055 0.953263 -0.298297 84.357765 -0.418142 0.290414 0.860707 297.709198 0.000000 0.000000 0.000000 1.000000</float_array>
        <technique_common>
          <accessor source="#mixamorig_Hips-Matrix-animation-output-transform-array" count="27" stride="16">
            <param type="float4x4"/>
          </accessor>
        </technique_common>
      </source>
      <source id="mixamorig_Hips-Interpolations">
        <Name_array id="mixamorig_Hips-Interpolations-array" count="27">
 LINEAR LINEAR LINEAR LINEAR LINEAR LINEAR LINEAR LINEAR LINEAR LINEAR LINEAR
LINEAR LINEAR LINEAR LINEAR LINEAR LINEAR LINEAR LINEAR LINEAR LINEAR LINEAR LINEAR
LINEAR LINEAR LINEAR LINEAR</Name_array>
        <technique_common>
          <accessor source="#mixamorig_Hips-Interpolations-array" count="27">
            <param type="name"/>
          </accessor>
        </technique_common>
      </source>
      <sampler id="mixamorig_Hips-Matrix-animation-transform">
        <input semantic="INPUT" source="#mixamorig_Hips-Matrix-animation-input"/>
        <input semantic="OUTPUT" source="#mixamorig_Hips-Matrix-animation-output-transform"/>
        <input semantic="INTERPOLATION" source="#mixamorig_Hips-Interpolations"/>
      </sampler>
      <channel source="#mixamorig_Hips-Matrix-animation-transform" target="mixamorig_Hips/matrix"/>
    </animation>
    <animation id="mixamorig_Spine-anim" name="mixamorig_Spine">
      <source id="mixamorig_Spine-Matrix-animation-input">
        <float_array id="mixamorig_Spine-Matrix-animation-input-array" count="27">

0.000000 0.033333 0.066667 0.100000 0.133333 0.166667 0.200000 0.233333 0.266667 0.300000 0.333333 0.366667 0.400000 0.433333 0.466667 0.500000
0.533333 0.566667 0.600000 0.633333 0.666667 0.700000 0.733333 0.766667 0.800000 0.833333 0.866667</float_array>
        <technique_common>
          <accessor source="#mixamorig_Spine-Matrix-animation-input-array" count="27">
            <param name="TIME" type="float"/>
          </accessor>
        </technique_common>
      </source>
      <source id="mixamorig_Spine-Matrix-animation-output-transform">
        <float_array id="mixamorig_Spine-Matrix-animation-output-transform-array" count="432">

0.982034 -0.151195 0.112914 0.000000 0.188394 0.819861 -0.540681 9.226300 -0.010826 0.552239 0.833615 1.577100 0.000000 0.000000 0.000000 1.000000
0.970900 -0.220744 0.092877 0.000000 0.238475 0.855523 -0.459575 9.226300 0.021990 0.468351 0.883269 1.577100 0.000000 0.000000 0.000000 1.000000
0.959590 -0.272216 0.071311 0.000000 0.278682 0.884146 -0.374996 9.226300 0.039031 0.379716 0.924280 1.577100 0.000000 0.000000 0.000000 1.000000
0.958758 -0.280313 0.046993 0.000000 0.281287 0.912076 -0.298320 9.226300 0.040762 0.299235 0.953308 1.577100 0.000000 0.000000 0.000000 1.000000
0.966608 -0.255398 0.020999 -0.000000 0.253277 0.939680 -0.229895 9.226300 0.038982 0.227537 0.972989 1.577100 0.000000 0.000000 0.000000 1.000000
0.974091 -0.226155 -0.000818 0.000000 0.222168 0.957580 -0.183526 9.226300 0.042288 0.178589 0.983015 1.577100 0.000000 0.000000 0.000000 1.000000
0.977193 -0.211880 -0.014152 -0.000000 0.205009 0.958677 -0.197255 9.226300 0.055362 0.189855 0.980250 1.577100 0.000000 0.000000 0.000000 1.000000
0.979125 -0.202876 -0.012452 0.000000 0.194555 0.953178 -0.231516 9.226300 0.058838 0.224261 0.972751 1.577100 0.000000 0.000000 0.000000 1.000000
0.982209 -0.187276 0.013871 0.000000 0.184000 0.944998 -0.270414 9.226300 0.037534 0.268155 0.962644 1.577100 0.000000 0.000000 0.000000 1.000000
0.984668 -0.167215 0.049671 0.000000 0.174308 0.932262 -0.317024 9.226300 0.006705 0.320821 0.947116 1.577100 0.000000 0.000000 0.000000 1.000000
0.986385 -0.142183 0.082637 0.000000 0.162900 0.913656 -0.372420 9.226300 -0.022550 0.380811 0.924378 1.577100 0.000000 0.000000 0.000000 1.000000
0.985435 -0.124793 0.115521 0.000000 0.163200 0.884926 -0.436202 9.226300 -0.047792 0.448702 0.892403 1.577100 0.000000 0.000000 0.000000 1.000000
0.983678 -0.107184 0.144532 0.000000 0.166103 0.849764 -0.500311 9.226300 -0.069192 0.516152 0.853697 1.577100 0.000000 0.000000 0.000000 1.000000
0.983142 -0.066889 0.170172 0.000000 0.151827 0.817249 -0.555925 9.226300 -0.101888 0.572389 0.813627 1.577100 0.000000 0.000000 0.000000 1.000000
0.981091 -0.035551 0.190252 -0.000000 0.144530 0.788356 -0.598001 9.226300 -0.128727 0.614191 0.778588 1.577100 0.000000 0.000000 0.000000 1.000000
0.977214 -0.026026 0.210656 0.000000 0.150724 0.783873 -0.602350 9.226300 -0.149450 0.620376 0.769934 1.577100 0.000000 0.000000 0.000000 1.000000
0.972022 -0.021894 0.233866 -0.000000 0.156393 0.803191 -0.574827 9.226300 -0.175254 0.595320 0.784143 1.577100 0.000000 0.000000 0.000000 1.000000
0.966452 -0.005684 0.256784 0.000000 0.141733 0.845562 -0.514720 9.226300 -0.214201 0.533847 0.818001 1.577100 0.000000 0.000000 0.000000 1.000000
0.962399 0.012258 0.271365 0.000000 0.123319 0.870390 -0.476670 9.226300 -0.242036 0.492211 0.836150 1.577100 0.000000 0.000000 0.000000 1.000000
0.960423 0.027543 0.277181 -0.000000 0.104195 0.887334 -0.449202 9.226300 -0.258324 0.460305 0.849346 1.577100 0.000000 0.000000 0.000000 1.000000
0.962369 0.030976 0.269976 0.000000 0.093689 0.894750 -0.436628 9.226300 -0.255086 0.445491 0.858178 1.577100 0.000000 0.000000 0.000000 1.000000
0.966974 0.019582 0.254122 0.000000 0.097041 0.893663 -0.438121 9.226300 -0.235679 0.448312 0.862248 1.577100 0.000000 0.000000 0.000000 1.000000
0.972144 0.001420 0.234380 0.000000 0.109783 0.880747 -0.460687 9.226300 -0.207083 0.473585 0.856057 1.577100 0.000000 0.000000 0.000000 1.000000
0.977702 -0.025071 0.208493 0.000000 0.136965 0.828730 -0.542630 9.226300 -0.159180 0.559087 0.813685 1.577100 0.000000 0.000000 0.000000 1.000000
0.981264 -0.063087 0.182048 -0.000000 0.166893 0.750442 -0.639518 9.226300 -0.096272 0.657918 0.746911 1.577100 0.000000 0.000000 0.000000 1.000000
0.984255 -0.094248 0.149528 -0.000000 0.166939 0.773650 -0.611226 9.226300 -0.058076 0.626564 0.777203 1.577100 0.000000 0.000000 0.000000 1.000000
0.982033 -0.151202 0.112916 0.000000 0.188401 0.819863 -0.540675 9.226300 -0.010824 0.552233 0.833619 1.577100 0.000000 0.000000 0.000000 1.000000</float_array>
        <technique_common>
          <accessor source="#mixamorig_Spine-Matrix-animation-output-transform-array" count="27" stride="16">
            <param type="float4x4"/>
          </accessor>
        </technique_common>
      </source>
      <source id="mixamorig_Spine-Interpolations">
        <Name_array id="mixamorig_Spine-Interpolations-array" count="27">
 LINEAR LINEAR LINEAR LINEAR LINEAR LINEAR LINEAR LINEAR LINEAR LINEAR LINEAR
LINEAR LINEAR LINEAR LINEAR LINEAR LINEAR LINEAR LINEAR LINEAR LINEAR LINEAR LINEAR
LINEAR LINEAR LINEAR LINEAR</Name_array>
        <technique_common>
          <accessor source="#mixamorig_Spine-Interpolations-array" count="27">
            <param type="name"/>
          </accessor>
        </technique_common>
      </source>
      <sampler id="mixamorig_Spine-Matrix-animation-transform">
        <input semantic="INPUT" source="#mixamorig_Spine-Matrix-animation-input"/>
        <input semantic="OUTPUT" source="#mixamorig_Spine-Matrix-animation-output-transform"/>
        <input semantic="INTERPOLATION" source="#mixamorig_Spine-Interpolations"/>
      </sampler>
      <channel source="#mixamorig_Spine-Matrix-animation-transform" target="mixamorig_Spine/matrix"/>
    </animation>
    <animation id="mixamorig_Spine1-anim" name="mixamorig_Spine1">
      <source id="mixamorig_Spine1-Matrix-animation-input">
        <float_array id="mixamorig_Spine1-Matrix-animation-input-array" count="27">

0.000000 0.033333 0.066667 0.100000 0.133333 0.166667 0.200000 0.233333 0.266667 0.300000 0.333333 0.366667 0.400000 0.433333 0.466667 0.500000
0.533333 0.566667 0.600000 0.633333 0.666667 0.700000 0.733333 0.766667 0.800000 0.833333 0.866667</float_array>
        <technique_common>
          <accessor source="#mixamorig_Spine1-Matrix-animation-input-array" count="27">
            <param name="TIME" type="float"/>
          </accessor>
        </technique_common>
      </source>
      <source id="mixamorig_Spine1-Matrix-animation-output-transform">
        <float_array id="mixamorig_Spine1-Matrix-animation-output-transform-array" count="432">

0.998212 -0.054595 0.024353 0.000000 0.055849 0.996968 -0.054178 16.254900 -0.021321 0.055441 0.998234 0.000000 0.000000 0.000000 0.000000 1.000000
0.997815 -0.064335 0.015032 -0.000000 0.064768 0.997437 -0.030410 16.254900 -0.013037 0.031317 0.999424 0.000000 0.000000 0.000000 0.000000 1.000000
0.996924 -0.078090 0.006717 0.000000 0.078177 0.996846 -0.013686 16.254900 -0.005627 0.014169 0.999884 0.000000 0.000000 0.000000 0.000000 1.000000
0.996068 -0.088591 -0.001012 0.000000 0.088576 0.996017 -0.010179 16.254900 0.001909 0.010049 0.999948 0.000000 0.000000 0.000000 0.000000 1.000000
0.996235 -0.086341 -0.007851 -0.000000 0.086230 0.996183 -0.013536 16.254900 0.008990 0.012808 0.999878 0.000000 0.000000 0.000000 0.000000 1.000000
0.996550 -0.082123 -0.011994 0.000000 0.081882 0.996454 -0.019368 16.254900 0.013542 0.018319 0.999740 -0.000000 0.000000 0.000000 0.000000 1.000000
0.996785 -0.079045 -0.013085 -0.000000 0.078633 0.996467 -0.029490 16.254900 0.015369 0.028367 0.999479 -0.000000 0.000000 0.000000 0.000000 1.000000
0.997109 -0.075174 -0.011092 0.000000 0.074652 0.996338 -0.041687 16.254900 0.014185 0.040738 0.999069 0.000000 0.000000 0.000000 0.000000 1.000000
0.997555 -0.069762 -0.004075 -0.000000 0.069519 0.996628 -0.043578 16.254900 0.007102 0.043189 0.999042 -0.000000 0.000000 0.000000 0.000000 1.000000
0.998282 -0.058441 0.004268 0.000000 0.058555 0.997665 -0.035159 16.254900 -0.002203 0.035349 0.999373 0.000000 0.000000 0.000000 0.000000 1.000000
0.999225 -0.037624 0.011549 0.000000 0.037990 0.998721 -0.033365 16.254900 -0.010279 0.033778 0.999376 0.000000 0.000000 0.000000 0.000000 1.000000
0.999527 -0.022643 0.020829 0.000000 0.023626 0.998558 -0.048212 16.254900 -0.019707 0.048681 0.998620 0.000000 0.000000 0.000000 0.000000 1.000000
0.999223 -0.020206 0.033835 0.000000 0.022428 0.997524 -0.066650 16.254900 -0.032404 0.067357 0.997203 -0.000000 0.000000 0.000000 0.000000 1.000000
0.997700 -0.041551 0.053550 0.000000 0.045514 0.996140 -0.075054 16.254900 -0.050225 0.077319 0.995741 0.000000 0.000000 0.000000 0.000000 1.000000
0.996072 -0.054198 0.070027 0.000000 0.059174 0.995716 -0.071047 16.254900 -0.065877 0.074912 0.995012 -0.000000 0.000000 0.000000 0.000000 1.000000
0.996117 -0.042769 0.076955 -0.000000 0.048009 0.996558 -0.067576 16.254900 -0.073800 0.071008 0.994742 -0.000000 0.000000 0.000000 0.000000 1.000000
0.996212 -0.024859 0.083324 0.000000 0.030324 0.997426 -0.064979 16.254900 -0.081494 0.067260 0.994402 0.000000 0.000000 0.000000 0.000000 1.000000
0.996542 -0.003556 0.083014 0.000000 0.009184 0.997676 -0.067514 16.254900 -0.082581 0.068043 0.994259 0.000000 0.000000 0.000000 0.000000 1.000000
0.996640 0.005512 0.081723 -0.000000 0.000877 0.996958 -0.077937 16.254900 -0.081904 0.077746 0.993603 0.000000 0.000000 0.000000 0.000000 1.000000
0.996680 -0.001937 0.081393 -0.000000 0.009354 0.995821 -0.090846 16.254900 -0.080877 0.091305 0.992533 0.000000 0.000000 0.000000 0.000000 1.000000
0.997135 -0.002568 0.075595 0.000000 0.010462 0.994499 -0.104221 16.254900 -0.074912 0.104713 0.991677 -0.000000 0.000000 0.000000 0.000000 1.000000
0.997730 -0.001308 0.067324 0.000000 0.008613 0.994078 -0.108329 16.254900 -0.066784 0.108663 0.991833 -0.000000 0.000000 0.000000 0.000000 1.000000
0.998247 -0.005824 0.058904 0.000000 0.011908 0.994562 -0.103463 16.254900 -0.057981 0.103983 0.992888 0.000000 0.000000 0.000000 0.000000 1.000000
0.998495 -0.019039 0.051426 -0.000000 0.023612 0.995677 -0.089829 16.254900 -0.049494 0.090908 0.994629 0.000000 0.000000 0.000000 0.000000 1.000000
0.998436 -0.034762 0.043784 -0.000000 0.038061 0.996311 -0.076909 16.254900 -0.040949 0.078455 0.996076 0.000000 0.000000 0.000000 0.000000 1.000000
0.998416 -0.044887 0.033909 0.000000 0.047086 0.996634 -0.067114 16.254900 -0.030782 0.068604 0.997169 0.000000 0.000000 0.000000 0.000000 1.000000
0.998212 -0.054586 0.024350 0.000000 0.055840 0.996969 -0.054182 16.254900 -0.021319 0.055445 0.998234 -0.000000 0.000000 0.000000 0.000000 1.000000</float_array>
        <technique_common>
          <accessor source="#mixamorig_Spine1-Matrix-animation-output-transform-array" count="27" stride="16">
            <param type="float4x4"/>
          </accessor>
        </technique_common>
      </source>
      <source id="mixamorig_Spine1-Interpolations">
        <Name_array id="mixamorig_Spine1-Interpolations-array" count="27">
 LINEAR LINEAR LINEAR LINEAR LINEAR LINEAR LINEAR LINEAR LINEAR LINEAR LINEAR
LINEAR LINEAR LINEAR LINEAR LINEAR LINEAR LINEAR LINEAR LINEAR LINEAR LINEAR LINEAR
LINEAR LINEAR LINEAR LINEAR</Name_array>
        <technique_common>
          <accessor source="#mixamorig_Spine1-Interpolations-array" count="27">
            <param type="name"/>
          </accessor>
        </technique_common>
      </source>
      <sampler id="mixamorig_Spine1-Matrix-animation-transform">
        <input semantic="INPUT" source="#mixamorig_Spine1-Matrix-animation-input"/>
        <input semantic="OUTPUT" source="#mixamorig_Spine1-Matrix-animation-output-transform"/>
        <input semantic="INTERPOLATION" source="#mixamorig_Spine1-Interpolations"/>
      </sampler>
      <channel source="#mixamorig_Spine1-Matrix-animation-transform" target="mixamorig_Spine1/matrix"/>
    </animation>
    <animation id="mixamorig_Spine2-anim" name="mixamorig_Spine2">
      <source id="mixamorig_Spine2-Matrix-animation-input">
        <float_array id="mixamorig_Spine2-Matrix-animation-input-array" count="27">

0.000000 0.033333 0.066667 0.100000 0.133333 0.166667 0.200000 0.233333 0.266667 0.300000 0.333333 0.366667 0.400000 0.433333 0.466667 0.500000
0.533333 0.566667 0.600000 0.633333 0.666667 0.700000 0.733333 0.766667 0.800000 0.833333 0.866667</float_array>
        <technique_common>
          <accessor source="#mixamorig_Spine2-Matrix-animation-input-array" count="27">
            <param name="TIME" type="float"/>
          </accessor>
        </technique_common>
      </source>
      <source id="mixamorig_Spine2-Matrix-animation-output-transform">
        <float_array id="mixamorig_Spine2-Matrix-animation-output-transform-array" count="432">

0.998236 -0.050593 0.031057 0.000000 0.056410 0.971381 -0.230731 13.700700 -0.018495 0.232076 0.972522 0.000000 0.000000 0.000000 0.000000 1.000000
0.997796 -0.062451 0.022412 0.000000 0.065746 0.976080 -0.207234 13.700700 -0.008934 0.208251 0.978035 0.000000 0.000000 0.000000 0.000000 1.000000
0.996901 -0.077021 0.015994 0.000000 0.078658 0.978471 -0.190807 13.700700 -0.000953 0.191473 0.981497 0.000000 0.000000 0.000000 0.000000 1.000000
0.996091 -0.087823 0.009519 -0.000000 0.088046 0.978291 -0.187603 13.700700 0.007163 0.187708 0.982199 -0.000000 0.000000 0.000000 0.000000 1.000000
0.996287 -0.086084 0.001254 0.000000 0.084736 0.977915 -0.191055 13.700700 0.015221 0.190452 0.981579 0.000000 0.000000 0.000000 0.000000 1.000000
0.996592 -0.082367 -0.004424 0.000000 0.079887 0.977155 -0.196941 13.700700 0.020545 0.195916 0.980405 -0.000000 0.000000 0.000000 0.000000 1.000000
0.996791 -0.079823 -0.006012 0.000000 0.076846 0.975241 -0.207365 13.700700 0.022415 0.206238 0.978245 0.000000 0.000000 0.000000 0.000000 1.000000
0.997115 -0.075778 -0.004491 0.000000 0.072942 0.972823 -0.219760 13.700700 0.021022 0.218798 0.975544 -0.000000 0.000000 0.000000 0.000000 1.000000
0.997573 -0.069587 0.002335 0.000000 0.068375 0.972763 -0.221487 13.700700 0.013142 0.221110 0.975160 0.000000 0.000000 0.000000 0.000000 1.000000
0.998295 -0.057586 0.009487 0.000000 0.058286 0.975401 -0.212593 13.700700 0.002989 0.212784 0.977095 0.000000 0.000000 0.000000 0.000000 1.000000
0.999242 -0.036567 0.013321 0.000000 0.038553 0.976836 -0.210488 13.700700 -0.005316 0.210842 0.977506 -0.000000 0.000000 0.000000 0.000000 1.000000
0.999579 -0.021025 0.019989 0.000000 0.024993 0.973939 -0.225429 13.700700 -0.014729 0.225833 0.974055 0.000000 0.000000 0.000000 0.000000 1.000000
0.999308 -0.017160 0.032986 0.000000 0.024696 0.969510 -0.243805 13.700700 -0.027797 0.244451 0.969263 0.000000 0.000000 0.000000 0.000000 1.000000
0.997699 -0.034730 0.058227 0.000000 0.048261 0.967005 -0.250146 13.700700 -0.047618 0.252381 0.966456 -0.000000 0.000000 0.000000 0.000000 1.000000
0.995978 -0.044371 0.077841 0.000000 0.062212 0.967675 -0.244406 13.700700 -0.064480 0.248265 0.966544 0.000000 0.000000 0.000000 0.000000 1.000000
0.996051 -0.032033 0.082797 0.000000 0.051279 0.968912 -0.242032 13.700700 -0.072470 0.245322 0.966729 -0.000000 0.000000 0.000000 0.000000 1.000000
0.996211 -0.013994 0.085834 0.000000 0.034390 0.969913 -0.241009 13.700700 -0.079879 0.243048 0.966720 -0.000000 0.000000 0.000000 0.000000 1.000000
0.996711 0.004973 0.080890 -0.000000 0.015068 0.969341 -0.245257 13.700700 -0.079630 0.245670 0.966077 0.000000 0.000000 0.000000 0.000000 1.000000
0.996883 0.010505 0.078198 -0.000000 0.009890 0.966642 -0.255939 13.700700 -0.078278 0.255915 0.963525 -0.000000 0.000000 0.000000 0.000000 1.000000
0.996921 0.002058 0.078384 -0.000000 0.019045 0.963367 -0.267509 13.700700 -0.076063 0.268178 0.960362 0.000000 0.000000 0.000000 0.000000 1.000000
0.997412 -0.001318 0.071886 0.000000 0.021477 0.959646 -0.280388 13.700700 -0.068615 0.281206 0.957191 0.000000 0.000000 0.000000 0.000000 1.000000
0.998004 -0.001799 0.063132 0.000000 0.019698 0.958597 -0.284084 13.700700 -0.060007 0.284760 0.956719 0.000000 0.000000 0.000000 0.000000 1.000000
0.998405 -0.006517 0.056086 -0.000000 0.021928 0.960106 -0.278776 13.700700 -0.052031 0.279561 0.958717 0.000000 0.000000 0.000000 0.000000 1.000000
0.998491 -0.017467 0.052073 -0.000000 0.030683 0.963744 -0.265059 13.700700 -0.045555 0.266256 0.962825 0.000000 0.000000 0.000000 0.000000 1.000000
0.998384 -0.030804 0.047751 0.000000 0.041899 0.966715 -0.252402 13.700700 -0.038387 0.253994 0.966444 0.000000 0.000000 0.000000 0.000000 1.000000
0.998391 -0.040802 0.039388 0.000000 0.049182 0.968745 -0.243133 13.700700 -0.028236 0.244679 0.969193 0.000000 0.000000 0.000000 0.000000 1.000000
0.998237 -0.050585 0.031053 0.000000 0.056402 0.971381 -0.230735 13.700700 -0.018493 0.232080 0.972521 -0.000000 0.000000 0.000000 0.000000 1.000000</float_array>
        <technique_common>
          <accessor source="#mixamorig_Spine2-Matrix-animation-output-transform-array" count="27" stride="16">
            <param type="float4x4"/>
          </accessor>
        </technique_common>
      </source>
      <source id="mixamorig_Spine2-Interpolations">
        <Name_array id="mixamorig_Spine2-Interpolations-array" count="27">
 LINEAR LINEAR LINEAR LINEAR LINEAR LINEAR LINEAR LINEAR LINEAR LINEAR LINEAR
LINEAR LINEAR LINEAR LINEAR LINEAR LINEAR LINEAR LINEAR LINEAR LINEAR LINEAR LINEAR
LINEAR LINEAR LINEAR LINEAR</Name_array>
        <technique_common>
          <accessor source="#mixamorig_Spine2-Interpolations-array" count="27">
            <param type="name"/>
          </accessor>
        </technique_common>
      </source>
      <sampler id="mixamorig_Spine2-Matrix-animation-transform">
        <input semantic="INPUT" source="#mixamorig_Spine2-Matrix-animation-input"/>
        <input semantic="OUTPUT" source="#mixamorig_Spine2-Matrix-animation-output-transform"/>
        <input semantic="INTERPOLATION" source="#mixamorig_Spine2-Interpolations"/>
      </sampler>
      <channel source="#mixamorig_Spine2-Matrix-animation-transform" target="mixamorig_Spine2/matrix"/>
    </animation>
    <animation id="mixamorig_Neck-anim" name="mixamorig_Neck">
      <source id="mixamorig_Neck-Matrix-animation-input">
        <float_array id="mixamorig_Neck-Matrix-animation-input-array" count="27">

0.000000 0.033333 0.066667 0.100000 0.133333 0.166667 0.200000 0.233333 0.266667 0.300000 0.333333 0.366667 0.400000 0.433333 0.466667 0.500000
0.533333 0.566667 0.600000 0.633333 0.666667 0.700000 0.733333 0.766667 0.800000 0.833333 0.866667</float_array>
        <technique_common>
          <accessor source="#mixamorig_Neck-Matrix-animation-input-array" count="27">
            <param name="TIME" type="float"/>
          </accessor>
        </technique_common>
      </source>
      <source id="mixamorig_Neck-Matrix-animation-output-transform">
        <float_array id="mixamorig_Neck-Matrix-animation-output-transform-array" count="432">

0.995783 0.052199 -0.075446 0.000000 -0.047027 0.996523 0.068777 13.877500 0.078773 -0.064939 0.994775 -4.354200 0.000000 0.000000 0.000000 1.000000
0.995636 0.062439 -0.069363 -0.000000 -0.059208 0.997106 0.047695 13.877500 0.072140 -0.043380 0.996451 -4.354200 0.000000 0.000000 0.000000 1.000000
0.996120 0.058414 -0.065831 0.000000 -0.056780 0.998037 0.026422 13.877500 0.067245 -0.022581 0.997481 -4.354200 0.000000 0.000000 0.000000 1.000000
0.997018 0.037391 -0.067511 0.000000 -0.037412 0.999299 0.000955 13.877500 0.067499 0.001573 0.997718 -4.354200 0.000000 0.000000 0.000000 1.000000
0.996383 0.048148 -0.070022 -0.000000 -0.050108 0.998392 -0.026514 13.877500 0.068632 0.029927 0.997193 -4.354200 0.000000 0.000000 0.000000 1.000000
0.995678 0.065437 -0.065911 0.000000 -0.068328 0.996752 -0.042613 13.877500 0.062908 0.046932 0.996915 -4.354200 0.000000 0.000000 0.000000 1.000000
0.995748 0.073142 -0.056008 0.000000 -0.074980 0.996689 -0.031444 13.877500 0.053523 0.035510 0.997935 -4.354200 0.000000 0.000000 0.000000 1.000000
0.995585 0.077560 -0.052874 0.000000 -0.078783 0.996661 -0.021454 13.877500 0.051034 0.025525 0.998371 -4.354200 0.000000 0.000000 0.000000 1.000000
0.995210 0.079835 -0.056419 0.000000 -0.080688 0.996654 -0.013009 13.877500 0.055192 0.017499 0.998322 -4.354200 0.000000 0.000000 0.000000 1.000000
0.995213 0.076196 -0.061195 0.000000 -0.076575 0.997056 -0.003866 13.877500 0.060720 0.008534 0.998118 -4.354200 0.000000 0.000000 0.000000 1.000000
0.995276 0.074408 -0.062366 -0.000000 -0.073866 0.997208 0.010963 13.877500 0.063007 -0.006305 0.997993 -4.354200 0.000000 0.000000 0.000000 1.000000
0.995025 0.077641 -0.062433 0.000000 -0.075294 0.996394 0.039106 13.877500 0.065244 -0.034210 0.997283 -4.354200 0.000000 0.000000 0.000000 1.000000
0.994736 0.077030 -0.067576 0.000000 -0.072878 0.995419 0.061891 13.877500 0.072034 -0.056640 0.995793 -4.354200 0.000000 0.000000 0.000000 1.000000
0.994926 0.060386 -0.080469 0.000000 -0.054688 0.995960 0.071229 13.877500 0.084445 -0.066467 0.994209 -4.354200 0.000000 0.000000 0.000000 1.000000
0.994111 0.057748 -0.091702 -0.000000 -0.050890 0.995851 0.075442 13.877500 0.095678 -0.070331 0.992925 -4.354200 0.000000 0.000000 0.000000 1.000000
0.992910 0.062041 -0.101396 0.000000 -0.055339 0.996175 0.067626 13.877500 0.105204 -0.061535 0.992545 -4.354200 0.000000 0.000000 0.000000 1.000000
0.991721 0.066491 -0.109860 -0.000000 -0.061225 0.996839 0.050635 13.877500 0.112879 -0.043489 0.992656 -4.354200 0.000000 0.000000 0.000000 1.000000
0.990748 0.065902 -0.118636 -0.000000 -0.063729 0.997724 0.022027 13.877500 0.119818 -0.014263 0.992693 -4.354200 0.000000 0.000000 0.000000 1.000000
0.989957 0.066912 -0.124530 -0.000000 -0.065070 0.997703 0.018808 13.877500 0.125502 -0.010516 0.992038 -4.354200 0.000000 0.000000 0.000000 1.000000
0.989616 0.070501 -0.125262 -0.000000 -0.066430 0.997127 0.036393 13.877500 0.127468 -0.027694 0.991456 -4.354200 0.000000 0.000000 0.000000 1.000000
0.989645 0.076275 -0.121592 -0.000000 -0.071698 0.996559 0.041589 13.877500 0.124346 -0.032441 0.991708 -4.354200 0.000000 0.000000 0.000000 1.000000
0.990794 0.072701 -0.114199 -0.000000 -0.068470 0.996829 0.040545 13.877500 0.116785 -0.032353 0.992630 -4.354200 0.000000 0.000000 0.000000 1.000000
0.992155 0.066202 -0.106048 -0.000000 -0.062232 0.997247 0.040318 13.877500 0.108426 -0.033402 0.993543 -4.354200 0.000000 0.000000 0.000000 1.000000
0.993477 0.058079 -0.098138 -0.000000 -0.051925 0.996589 0.064138 13.877500 0.101529 -0.058624 0.993104 -4.354200 0.000000 0.000000 0.000000 1.000000
0.994597 0.050855 -0.090501 0.000000 -0.043431 0.995670 0.082187 13.877500 0.094289 -0.077813 0.992499 -4.354200 0.000000 0.000000 0.000000 1.000000
0.995403 0.047819 -0.082981 0.000000 -0.040838 0.995639 0.083871 13.877500 0.086630 -0.080096 0.993016 -4.354200 0.000000 0.000000 0.000000 1.000000
0.995783 0.052190 -0.075447 0.000000 -0.047020 0.996525 0.068750 13.877500 0.078773 -0.064913 0.994777 -4.354200 0.000000 0.000000 0.000000 1.000000</float_array>
        <technique_common>
          <accessor source="#mixamorig_Neck-Matrix-animation-output-transform-array" count="27" stride="16">
            <param type="float4x4"/>
          </accessor>
        </technique_common>
      </source>
      <source id="mixamorig_Neck-Interpolations">
        <Name_array id="mixamorig_Neck-Interpolations-array" count="27">
 LINEAR LINEAR LINEAR LINEAR LINEAR LINEAR LINEAR LINEAR LINEAR LINEAR LINEAR
LINEAR LINEAR LINEAR LINEAR LINEAR LINEAR LINEAR LINEAR LINEAR LINEAR LINEAR LINEAR
LINEAR LINEAR LINEAR LINEAR</Name_array>
        <technique_common>
          <accessor source="#mixamorig_Neck-Interpolations-array" count="27">
            <param type="name"/>
          </accessor>
        </technique_common>
      </source>
      <sampler id="mixamorig_Neck-Matrix-animation-transform">
        <input semantic="INPUT" source="#mixamorig_Neck-Matrix-animation-input"/>
        <input semantic="OUTPUT" source="#mixamorig_Neck-Matrix-animation-output-transform"/>
        <input semantic="INTERPOLATION" source="#mixamorig_Neck-Interpolations"/>
      </sampler>
      <channel source="#mixamorig_Neck-Matrix-animation-transform" target="mixamorig_Neck/matrix"/>
    </animation>
    <animation id="mixamorig_Neck1-anim" name="mixamorig_Neck1">
      <source id="mixamorig_Neck1-Matrix-animation-input">
        <float_array id="mixamorig_Neck1-Matrix-animation-input-array" count="27">

0.000000 0.033333 0.066667 0.100000 0.133333 0.166667 0.200000 0.233333 0.266667 0.300000 0.333333 0.366667 0.400000 0.433333 0.466667 0.500000
0.533333 0.566667 0.600000 0.633333 0.666667 0.700000 0.733333 0.766667 0.800000 0.833333 0.866667</float_array>
        <technique_common>
          <accessor source="#mixamorig_Neck1-Matrix-animation-input-array" count="27">
            <param name="TIME" type="float"/>
          </accessor>
        </technique_common>
      </source>
      <source id="mixamorig_Neck1-Matrix-animation-output-transform">
        <float_array id="mixamorig_Neck1-Matrix-animation-output-transform-array" count="432">

1.000000 0.000000 -0.000000 0.000000 0.000000 1.000000 0.000000 4.340000 0.000000 0.000000 1.000000 0.926900 0.000000 0.000000 0.000000 1.000000
1.000000 0.000000 -0.000000 0.000000 -0.000000 1.000000 -0.000000 4.340000 0.000000 0.000000 1.000000 0.926900 0.000000 0.000000 0.000000 1.000000
1.000000 -0.000000 0.000000 0.000000 -0.000000 1.000000 0.000000 4.340000 0.000000 0.000000 1.000000 0.926900 0.000000 0.000000 0.000000 1.000000
1.000000 0.000000 -0.000000 0.000000 -0.000000 1.000000 0.000000 4.340000 0.000000 0.000000 1.000000 0.926900 0.000000 0.000000 0.000000 1.000000
1.000000 0.000000 -0.000000 0.000000 0.000000 1.000000 0.000000 4.340000 -0.000000 -0.000000 1.000000 0.926900 0.000000 0.000000 0.000000 1.000000
1.000000 0.000000 -0.000000 0.000000 0.000000 1.000000 -0.000000 4.340000 -0.000000 -0.000000 1.000000 0.926900 0.000000 0.000000 0.000000 1.000000
1.000000 0.000000 -0.000000 0.000000 -0.000000 1.000000 0.000000 4.340000 0.000000 0.000000 1.000000 0.926900 0.000000 0.000000 0.000000 1.000000
1.000000 -0.000000 -0.000000 0.000000 0.000000 1.000000 0.000000 4.340000 -0.000000 0.000000 1.000000 0.926900 0.000000 0.000000 0.000000 1.000000
1.000000 -0.000000 0.000000 0.000000 -0.000000 1.000000 0.000000 4.340000 0.000000 0.000000 1.000000 0.926900 0.000000 0.000000 0.000000 1.000000
1.000000 0.000000 -0.000000 -0.000000 0.000000 1.000000 0.000000 4.340000 -0.000000 0.000000 1.000000 0.926900 0.000000 0.000000 0.000000 1.000000
1.000000 0.000000 -0.000000 -0.000000 0.000000 1.000000 -0.000000 4.340000 0.000000 0.000000 1.000000 0.926900 0.000000 0.000000 0.000000 1.000000
1.000000 0.000000 -0.000000 0.000000 0.000000 1.000000 0.000000 4.340000 0.000000 0.000000 1.000000 0.926900 0.000000 0.000000 0.000000 1.000000
1.000000 -0.000000 0.000000 -0.000000 -0.000000 1.000000 -0.000000 4.340000 -0.000000 0.000000 1.000000 0.926900 0.000000 0.000000 0.000000 1.000000
1.000000 -0.000000 0.000000 0.000000 0.000000 1.000000 0.000000 4.340000 0.000000 -0.000000 1.000000 0.926900 0.000000 0.000000 0.000000 1.000000
1.000000 -0.000000 -0.000000 0.000000 0.000000 1.000000 -0.000000 4.340000 -0.000000 -0.000000 1.000000 0.926900 0.000000 0.000000 0.000000 1.000000
1.000000 0.000000 0.000000 -0.000000 0.000000 1.000000 -0.000000 4.340000 0.000000 0.000000 1.000000 0.926900 0.000000 0.000000 0.000000 1.000000
1.000000 -0.000000 -0.000000 0.000000 0.000000 1.000000 0.000000 4.340000 -0.000000 0.000000 1.000000 0.926900 0.000000 0.000000 0.000000 1.000000
1.000000 0.000000 0.000000 0.000000 0.000000 1.000000 0.000000 4.340000 0.000000 0.000000 1.000000 0.926900 0.000000 0.000000 0.000000 1.000000
1.000000 0.000000 0.000000 0.000000 -0.000000 1.000000 0.000000 4.340000 -0.000000 -0.000000 1.000000 0.926900 0.000000 0.000000 0.000000 1.000000
1.000000 -0.000000 0.000000 0.000000 -0.000000 1.000000 -0.000000 4.340000 -0.000000 -0.000000 1.000000 0.926900 0.000000 0.000000 0.000000 1.000000
1.000000 0.000000 -0.000000 0.000000 0.000000 1.000000 0.000000 4.340000 -0.000000 0.000000 1.000000 0.926900 0.000000 0.000000 0.000000 1.000000
1.000000 -0.000000 0.000000 0.000000 -0.000000 1.000000 0.000000 4.340000 0.000000 0.000000 1.000000 0.926900 0.000000 0.000000 0.000000 1.000000
1.000000 0.000000 -0.000000 -0.000000 0.000000 1.000000 -0.000000 4.340000 -0.000000 0.000000 1.000000 0.926900 0.000000 0.000000 0.000000 1.000000
1.000000 0.000000 0.000000 -0.000000 -0.000000 1.000000 -0.000000 4.340000 0.000000 0.000000 1.000000 0.926900 0.000000 0.000000 0.000000 1.000000
1.000000 -0.000000 0.000000 0.000000 0.000000 1.000000 -0.000000 4.340000 -0.000000 0.000000 1.000000 0.926900 0.000000 0.000000 0.000000 1.000000
1.000000 0.000000 -0.000000 0.000000 0.000000 1.000000 0.000000 4.340000 0.000000 -0.000000 1.000000 0.926900 0.000000 0.000000 0.000000 1.000000
1.000000 0.000000 0.000000 0.000000 -0.000000 1.000000 -0.000000 4.340000 -0.000000 0.000000 1.000000 0.926900 0.000000 0.000000 0.000000 1.000000</float_array>
        <technique_common>
          <accessor source="#mixamorig_Neck1-Matrix-animation-output-transform-array" count="27" stride="16">
            <param type="float4x4"/>
          </accessor>
        </technique_common>
      </source>
      <source id="mixamorig_Neck1-Interpolations">
        <Name_array id="mixamorig_Neck1-Interpolations-array" count="27">
 LINEAR LINEAR LINEAR LINEAR LINEAR LINEAR LINEAR LINEAR LINEAR LINEAR LINEAR
LINEAR LINEAR LINEAR LINEAR LINEAR LINEAR LINEAR LINEAR LINEAR LINEAR LINEAR LINEAR
LINEAR LINEAR LINEAR LINEAR</Name_array>
        <technique_common>
          <accessor source="#mixamorig_Neck1-Interpolations-array" count="27">
            <param type="name"/>
          </accessor>
        </technique_common>
      </source>
      <sampler id="mixamorig_Neck1-Matrix-animation-transform">
        <input semantic="INPUT" source="#mixamorig_Neck1-Matrix-animation-input"/>
        <input semantic="OUTPUT" source="#mixamorig_Neck1-Matrix-animation-output-transform"/>
        <input semantic="INTERPOLATION" source="#mixamorig_Neck1-Interpolations"/>
      </sampler>
      <channel source="#mixamorig_Neck1-Matrix-animation-transform" target="mixamorig_Neck1/matrix"/>
    </animation>
    <animation id="mixamorig_Head-anim" name="mixamorig_Head">
      <source id="mixamorig_Head-Matrix-animation-input">
        <float_array id="mixamorig_Head-Matrix-animation-input-array" count="27">

0.000000 0.033333 0.066667 0.100000 0.133333 0.166667 0.200000 0.233333 0.266667 0.300000 0.333333 0.366667 0.400000 0.433333 0.466667 0.500000
0.533333 0.566667 0.600000 0.633333 0.666667 0.700000 0.733333 0.766667 0.800000 0.833333 0.866667</float_array>
        <technique_common>
          <accessor source="#mixamorig_Head-Matrix-animation-input-array" count="27">
            <param name="TIME" type="float"/>
          </accessor>
        </technique_common>
      </source>
      <source id="mixamorig_Head-Matrix-animation-output-transform">
        <float_array id="mixamorig_Head-Matrix-animation-output-transform-array" count="432">

0.899844 0.102786 -0.423929 -0.000000 0.225671 0.721989 0.654068 4.026600 0.373301 -0.684228 0.626482 0.858500 0.000000 0.000000 0.000000 1.000000
0.906200 0.130887 -0.402083 -0.000000 0.169258 0.759108 0.628575 4.026600 0.387497 -0.637670 0.665750 0.858500 0.000000 0.000000 0.000000 1.000000
0.912938 0.166037 -0.372796 -0.000000 0.101875 0.791850 0.602158 4.026600 0.395179 -0.587712 0.705995 0.858500 0.000000 0.000000 0.000000 1.000000
0.929164 0.185691 -0.319646 -0.000000 0.037552 0.812798 0.581334 4.026600 0.367756 -0.552158 0.748250 0.858500 0.000000 0.000000 0.000000 1.000000
0.937887 0.158844 -0.308443 -0.000000 0.040982 0.832087 0.553129 4.026600 0.344513 -0.531413 0.773894 0.858500 0.000000 0.000000 0.000000 1.000000
0.930403 0.131068 -0.342304 0.000000 0.071090 0.851622 0.519313 4.026600 0.359579 -0.507505 0.783034 0.858500 0.000000 0.000000 0.000000 1.000000
0.920768 0.121370 -0.370751 0.000000 0.098450 0.847317 0.521883 4.026600 0.377485 -0.517034 0.768233 0.858500 0.000000 0.000000 0.000000 1.000000
0.915583 0.110677 -0.386598 -0.000000 0.128956 0.829794 0.542966 4.026600 0.380891 -0.546985 0.745473 0.858500 0.000000 0.000000 0.000000 1.000000
0.912779 0.108266 -0.393843 -0.000000 0.140552 0.822091 0.551736 4.026600 0.383509 -0.558968 0.735170 0.858500 0.000000 0.000000 0.000000 1.000000
0.916171 0.109584 -0.385516 0.000000 0.132361 0.825198 0.549117 4.026600 0.378301 -0.554112 0.741518 0.858500 0.000000 0.000000 0.000000 1.000000
0.928771 0.097027 -0.357729 0.000000 0.128769 0.820551 0.556880 4.026600 0.347567 -0.563278 0.749610 0.858500 0.000000 0.000000 0.000000 1.000000
0.929371 0.098197 -0.355847 0.000000 0.138626 0.800578 0.582973 4.026600 0.342129 -0.591128 0.730421 0.858500 0.000000 0.000000 0.000000 1.000000
0.919490 0.121125 -0.373988 0.000000 0.148551 0.773751 0.615826 4.026600 0.363965 -0.621802 0.693463 0.858500 0.000000 0.000000 0.000000 1.000000
