<?xml version="1.0" encoding="utf-8"?>
<COLLADA xmlns="http://www.collada.org/2005/11/COLLADASchema" version="1.4.1">
  <asset>
    <contributor>
      <author>Mixamo</author>
      <authoring_tool>COLLADA Mixamo exporter</authoring_tool>
      <comments/>
    </contributor>
    <created>2024-11-01T00:03:08Z</created>
    <modified>2024-11-01T00:03:08Z</modified>
    <revision/>
    <title/>
    <unit meter="0.010000"/>
    <up_axis>Y_UP</up_axis>
  </asset>
  <library_animations>
    <animation id="mixamorig_Hips-anim" name="mixamorig_Hips">
      <source id="mixamorig_Hips-Matrix-animation-input">
        <float_array id="mixamorig_Hips-Matrix-animation-input-array" count="24">

0.000000 0.033333 0.066667 0.100000 0.133333 0.166667 0.200000 0.233333 0.266667 0.300000 0.333333 0.366667 0.400000 0.433333 0.466667 0.500000
0.533333 0.566667 0.600000 0.633333 0.666667 0.700000 0.733333 0.766667</float_array>
        <technique_common>
          <accessor source="#mixamorig_Hips-Matrix-animation-input-array" count="24">
            <param name="TIME" type="float"/>
          </accessor>
        </technique_common>
      </source>
      <source id="mixamorig_Hips-Matrix-animation-output-transform">
        <float_array id="mixamorig_Hips-Matrix-animation-output-transform-array" count="384">

0.636389 0.216238 0.740439 -1.693351 -0.053180 0.969919 -0.237548 82.706123 -0.769533 0.111796 0.628745 -1.431693 0.000000 0.000000 0.000000 1.000000
0.633514 0.246157 0.733530 6.628715 -0.078494 0.963598 -0.255572 82.169540 -0.769739 0.104331 0.629775 -1.378360 0.000000 0.000000 0.000000 1.000000
0.631767 0.249489 0.733911 16.565491 -0.082770 0.963088 -0.256146 82.450317 -0.770726 0.101079 0.629098 -1.208732 0.000000 0.000000 0.000000 1.000000
0.628428 0.238316 0.740462 27.780777 -0.074329 0.965954 -0.247807 83.008301 -0.774309 0.100691 0.624746 -0.989577 0.000000 0.000000 0.000000 1.000000
0.620751 0.223365 0.751516 38.824837 -0.059720 0.969243 -0.238749 83.679817 -0.781730 0.103323 0.614998 -0.781648 0.000000 0.000000 0.000000 1.000000
0.604610 0.201580 0.770592 50.419376 -0.033319 0.973000 -0.228386 84.462044 -0.795825 0.112409 0.595002 -0.638263 0.000000 0.000000 0.000000 1.000000
0.583980 0.168638 0.794059 61.651802 0.006193 0.977230 -0.212093 85.216507 -0.811745 0.128776 0.569638 -0.605485 0.000000 0.000000 0.000000 1.000000
0.571735 0.136960 0.808926 71.823830 0.042732 0.979659 -0.196069 85.059280 -0.819325 0.146666 0.554253 -0.721237 0.000000 0.000000 0.000000 1.000000
0.588664 0.129501 0.797938 81.489532 0.059515 0.977463 -0.202544 84.191757 -0.806184 0.166720 0.567689 -0.914970 0.000000 0.000000 0.000000 1.000000
0.628554 0.143607 0.764393 90.410995 0.061039 0.970667 -0.232552 83.067818 -0.775367 0.192829 0.601351 -1.116975 0.000000 0.000000 0.000000 1.000000
0.661509 0.161873 0.732259 99.127930 0.060050 0.961858 -0.266876 81.969299 -0.747530 0.220513 0.626557 -1.291554 0.000000 0.000000 0.000000 1.000000
0.688509 0.188006 0.700435 108.036102 0.055968 0.949159 -0.309781 81.503487 -0.723065 0.252489 0.642982 -1.370795 0.000000 0.000000 0.000000 1.000000
0.710629 0.216501 0.669427 117.273346 0.048295 0.934222 -0.353407 81.815430 -0.701907 0.283472 0.653430 -1.303482 0.000000 0.000000 0.000000 1.000000
0.720402 0.235762 0.652255 127.070702 0.041836 0.923965 -0.380181 82.887299 -0.692293 0.301172 0.655763 -1.093192 0.000000 0.000000 0.000000 1.000000
0.708980 0.236968 0.664224 137.641632 0.041223 0.926321 -0.374474 84.399483 -0.704022 0.292876 0.646975 -0.834657 0.000000 0.000000 0.000000 1.000000
0.677697 0.222575 0.700847 148.756699 0.044032 0.939098 -0.340816 86.107872 -0.734022 0.261830 0.626624 -0.594562 0.000000 0.000000 0.000000 1.000000
0.646864 0.205927 0.734275 160.035934 0.042451 0.951635 -0.304283 87.205154 -0.761423 0.228000 0.606837 -0.376458 0.000000 0.000000 0.000000 1.000000
0.632771 0.196269 0.749052 170.949203 0.036918 0.958597 -0.282362 87.475525 -0.773458 0.206324 0.599327 -0.183967 0.000000 0.000000 0.000000 1.000000
0.625819 0.187676 0.757052 181.939011 0.028743 0.964411 -0.262841 87.339104 -0.779439 0.186251 0.598152 -0.139623 0.000000 0.000000 0.000000 1.000000
0.623162 0.180257 0.761037 192.610977 0.018820 0.969339 -0.245005 86.606674 -0.781866 0.167000 0.600663 -0.312187 0.000000 0.000000 0.000000 1.000000
0.624179 0.174121 0.761631 203.799026 0.010763 0.972840 -0.231227 85.716721 -0.781207 0.152524 0.605353 -0.614331 0.000000 0.000000 0.000000 1.000000
0.628333 0.176155 0.757738 214.315277 -0.003224 0.974607 -0.223898 84.732376 -0.777938 0.138239 0.612946 -0.972094 0.000000 0.000000 0.000000 1.000000
0.631258 0.206669 0.747530 224.552292 -0.035302 0.970500 -0.238502 83.712936 -0.774769 0.124167 0.619932 -1.284161 0.000000 0.000000 0.000000 1.000000
0.636389 0.216237 0.740439 235.180634 -0.053180 0.969919 -0.237548 82.706123 -0.769533 0.111797 0.628745 -1.431687 0.000000 0.000000 0.000000 1.000000</float_array>
        <technique_common>
          <accessor source="#mixamorig_Hips-Matrix-animation-output-transform-array" count="24" stride="16">
            <param type="float4x4"/>
          </accessor>
        </technique_common>
      </source>
      <source id="mixamorig_Hips-Interpolations">
        <Name_array id="mixamorig_Hips-Interpolations-array" count="24">
 LINEAR LINEAR LINEAR LINEAR LINEAR LINEAR LINEAR LINEAR LINEAR LINEAR LINEAR
LINEAR LINEAR LINEAR LINEAR LINEAR LINEAR LINEAR LINEAR LINEAR LINEAR LINEAR LINEAR
LINEAR</Name_array>
        <technique_common>
          <accessor source="#mixamorig_Hips-Interpolations-array" count="24">
            <param type="name"/>
          </accessor>
        </technique_common>
      </source>
      <sampler id="mixamorig_Hips-Matrix-animation-transform">
        <input semantic="INPUT" source="#mixamorig_Hips-Matrix-animation-input"/>
        <input semantic="OUTPUT" source="#mixamorig_Hips-Matrix-animation-output-transform"/>
        <input semantic="INTERPOLATION" source="#mixamorig_Hips-Interpolations"/>
      </sampler>
      <channel source="#mixamorig_Hips-Matrix-animation-transform" target="mixamorig_Hips/matrix"/>
    </animation>
    <animation id="mixamorig_Spine-anim" name="mixamorig_Spine">
      <source id="mixamorig_Spine-Matrix-animation-input">
        <float_array id="mixamorig_Spine-Matrix-animation-input-array" count="24">

0.000000 0.033333 0.066667 0.100000 0.133333 0.166667 0.200000 0.233333 0.266667 0.300000 0.333333 0.366667 0.400000 0.433333 0.466667 0.500000
0.533333 0.566667 0.600000 0.633333 0.666667 0.700000 0.733333 0.766667</float_array>
        <technique_common>
          <accessor source="#mixamorig_Spine-Matrix-animation-input-array" count="24">
            <param name="TIME" type="float"/>
          </accessor>
        </technique_common>
      </source>
      <source id="mixamorig_Spine-Matrix-animation-output-transform">
        <float_array id="mixamorig_Spine-Matrix-animation-output-transform-array" count="384">

0.995015 -0.099030 0.011734 0.000000 0.094264 0.895616 -0.434725 9.226300 0.032542 0.433664 0.900487 1.577100 0.000000 0.000000 0.000000 1.000000
0.992034 -0.125772 -0.007029 -0.000000 0.110876 0.898304 -0.425155 9.226300 0.059786 0.420989 0.905093 1.577100 0.000000 0.000000 0.000000 1.000000
0.987575 -0.150196 -0.046232 -0.000000 0.118672 0.905620 -0.407147 9.226300 0.103021 0.396602 0.912192 1.577100 0.000000 0.000000 0.000000 1.000000
0.980559 -0.171397 -0.095532 -0.000000 0.122742 0.915608 -0.382879 9.226300 0.153094 0.363710 0.918846 1.577100 0.000000 0.000000 0.000000 1.000000
0.970874 -0.188196 -0.148278 0.000000 0.125180 0.926132 -0.355823 9.226300 0.204289 0.326898 0.922715 1.577100 0.000000 0.000000 0.000000 1.000000
0.959931 -0.197827 -0.198488 0.000000 0.124243 0.935302 -0.331321 9.226300 0.251191 0.293384 0.922404 1.577100 0.000000 0.000000 0.000000 1.000000
0.950735 -0.201469 -0.235612 0.000000 0.119541 0.939507 -0.320994 9.226300 0.286029 0.277015 0.917306 1.577100 0.000000 0.000000 0.000000 1.000000
0.950895 -0.198064 -0.237844 0.000000 0.112002 0.936559 -0.332134 9.226300 0.288539 0.289186 0.912752 1.577100 0.000000 0.000000 0.000000 1.000000
0.959699 -0.189487 -0.207539 0.000000 0.107865 0.930296 -0.350591 9.226300 0.259505 0.314076 0.913243 1.577100 0.000000 0.000000 0.000000 1.000000
0.970717 -0.174278 -0.165332 0.000000 0.103204 0.924042 -0.368097 9.226300 0.216925 0.340255 0.914970 1.577100 0.000000 0.000000 0.000000 1.000000
0.979878 -0.153404 -0.127698 0.000000 0.095096 0.921299 -0.377047 9.226300 0.175489 0.357316 0.917349 1.577100 0.000000 0.000000 0.000000 1.000000
0.987056 -0.128176 -0.096388 -0.000000 0.083173 0.923010 -0.375680 9.226300 0.137120 0.362800 0.921723 1.577100 0.000000 0.000000 0.000000 1.000000
0.992433 -0.101642 -0.068894 0.000000 0.069568 0.927761 -0.366634 9.226300 0.101182 0.359067 0.927811 1.577100 0.000000 0.000000 0.000000 1.000000
0.995890 -0.077234 -0.047297 -0.000000 0.055554 0.933414 -0.354475 9.226300 0.071526 0.350390 0.933869 1.577100 0.000000 0.000000 0.000000 1.000000
0.997327 -0.059043 -0.043034 -0.000000 0.040698 0.938116 -0.343922 9.226300 0.060677 0.341251 0.938012 1.577100 0.000000 0.000000 0.000000 1.000000
0.997697 -0.047225 -0.048694 -0.000000 0.028425 0.942852 -0.331998 9.226300 0.061590 0.329849 0.942023 1.577100 0.000000 0.000000 0.000000 1.000000
0.997750 -0.037814 -0.055354 -0.000000 0.018332 0.948152 -0.317289 9.226300 0.064482 0.315560 0.946712 1.577100 0.000000 0.000000 0.000000 1.000000
0.997525 -0.028102 -0.064454 0.000000 0.007152 0.952459 -0.304584 9.226300 0.069949 0.303369 0.950302 1.577100 0.000000 0.000000 0.000000 1.000000
0.997081 -0.028255 -0.070934 -0.000000 0.005452 0.952984 -0.302972 9.226300 0.076160 0.301700 0.950356 1.577100 0.000000 0.000000 0.000000 1.000000
0.997153 -0.035392 -0.066588 0.000000 0.011740 0.945115 -0.326527 9.226300 0.074490 0.324815 0.942840 1.577100 0.000000 0.000000 0.000000 1.000000
0.997891 -0.043027 -0.048603 0.000000 0.022281 0.930306 -0.366107 9.226300 0.060968 0.364252 0.929303 1.577100 0.000000 0.000000 0.000000 1.000000
0.998205 -0.056042 -0.021124 0.000000 0.042766 0.913899 -0.403683 9.226300 0.041929 0.402055 0.914655 1.577100 0.000000 0.000000 0.000000 1.000000
0.996948 -0.077909 0.005082 0.000000 0.072585 0.900898 -0.427919 9.226300 0.028760 0.426982 0.903803 1.577100 0.000000 0.000000 0.000000 1.000000
0.995015 -0.099031 0.011734 0.000000 0.094265 0.895616 -0.434726 9.226300 0.032542 0.433665 0.900486 1.577100 0.000000 0.000000 0.000000 1.000000</float_array>
        <technique_common>
          <accessor source="#mixamorig_Spine-Matrix-animation-output-transform-array" count="24" stride="16">
            <param type="float4x4"/>
          </accessor>
        </technique_common>
      </source>
      <source id="mixamorig_Spine-Interpolations">
        <Name_array id="mixamorig_Spine-Interpolations-array" count="24">
 LINEAR LINEAR LINEAR LINEAR LINEAR LINEAR LINEAR LINEAR LINEAR LINEAR LINEAR
LINEAR LINEAR LINEAR LINEAR LINEAR LINEAR LINEAR LINEAR LINEAR LINEAR LINEAR LINEAR
LINEAR</Name_array>
        <technique_common>
          <accessor source="#mixamorig_Spine-Interpolations-array" count="24">
            <param type="name"/>
          </accessor>
        </technique_common>
      </source>
      <sampler id="mixamorig_Spine-Matrix-animation-transform">
        <input semantic="INPUT" source="#mixamorig_Spine-Matrix-animation-input"/>
        <input semantic="OUTPUT" source="#mixamorig_Spine-Matrix-animation-output-transform"/>
        <input semantic="INTERPOLATION" source="#mixamorig_Spine-Interpolations"/>
      </sampler>
      <channel source="#mixamorig_Spine-Matrix-animation-transform" target="mixamorig_Spine/matrix"/>
    </animation>
    <animation id="mixamorig_Spine1-anim" name="mixamorig_Spine1">
      <source id="mixamorig_Spine1-Matrix-animation-input">
        <float_array id="mixamorig_Spine1-Matrix-animation-input-array" count="24">

0.000000 0.033333 0.066667 0.100000 0.133333 0.166667 0.200000 0.233333 0.266667 0.300000 0.333333 0.366667 0.400000 0.433333 0.466667 0.500000
0.533333 0.566667 0.600000 0.633333 0.666667 0.700000 0.733333 0.766667</float_array>
        <technique_common>
          <accessor source="#mixamorig_Spine1-Matrix-animation-input-array" count="24">
            <param name="TIME" type="float"/>
          </accessor>
        </technique_common>
      </source>
      <source id="mixamorig_Spine1-Matrix-animation-output-transform">
        <float_array id="mixamorig_Spine1-Matrix-animation-output-transform-array" count="384">

0.996651 0.044948 0.068307 -0.000000 -0.034600 0.988715 -0.145757 16.254900 -0.074088 0.142905 0.986960 0.000000 0.000000 0.000000 0.000000 1.000000
0.998524 0.018368 0.051119 0.000000 -0.010727 0.989238 -0.145925 16.254900 -0.053250 0.145161 0.987974 0.000000 0.000000 0.000000 0.000000 1.000000
0.999429 0.000412 0.033794 0.000000 0.004959 0.987315 -0.158699 16.254900 -0.033431 0.158776 0.986748 -0.000000 0.000000 0.000000 0.000000 1.000000
0.999714 -0.009117 0.022104 0.000000 0.012843 0.984525 -0.174770 16.254900 -0.020169 0.175004 0.984361 0.000000 0.000000 0.000000 0.000000 1.000000
0.999797 -0.014768 0.013676 0.000000 0.017067 0.982197 -0.187079 16.254900 -0.010670 0.187274 0.982250 0.000000 0.000000 0.000000 0.000000 1.000000
0.999848 -0.016097 0.006742 0.000000 0.017094 0.981167 -0.192401 16.254900 -0.003517 0.192487 0.981293 -0.000000 0.000000 0.000000 0.000000 1.000000
0.999959 -0.008105 0.003974 0.000000 0.008709 0.981995 -0.188708 16.254900 -0.002373 0.188735 0.982025 0.000000 0.000000 0.000000 0.000000 1.000000
0.999949 0.004229 0.009219 -0.000000 -0.002539 0.984342 -0.176249 16.254900 -0.009820 0.176217 0.984302 -0.000000 0.000000 0.000000 0.000000 1.000000
0.999682 0.016306 0.019252 0.000000 -0.012975 0.986710 -0.161970 16.254900 -0.021637 0.161669 0.986608 0.000000 0.000000 0.000000 0.000000 1.000000
0.999071 0.029734 0.031203 0.000000 -0.024752 0.988467 -0.149401 16.254900 -0.035285 0.148490 0.988284 0.000000 0.000000 0.000000 0.000000 1.000000
0.998078 0.043590 0.044051 0.000000 -0.037051 0.989505 -0.139666 16.254900 -0.049677 0.137765 0.989218 0.000000 0.000000 0.000000 0.000000 1.000000
0.996861 0.055072 0.056879 -0.000000 -0.047306 0.990404 -0.129858 16.254900 -0.063485 0.126759 0.989900 -0.000000 0.000000 0.000000 0.000000 1.000000
0.995745 0.061323 0.068788 0.000000 -0.052861 0.991518 -0.118731 16.254900 -0.075485 0.114589 0.990541 -0.000000 0.000000 0.000000 0.000000 1.000000
0.994695 0.066530 0.078457 0.000000 -0.057596 0.992139 -0.111096 16.254900 -0.085231 0.105988 0.990708 -0.000000 0.000000 0.000000 0.000000 1.000000
0.993885 0.071223 0.084380 0.000000 -0.061470 0.991689 -0.113022 16.254900 -0.091729 0.107144 0.990003 0.000000 0.000000 0.000000 0.000000 1.000000
0.993684 0.074962 0.083503 0.000000 -0.064067 0.989924 -0.126276 16.254900 -0.092127 0.120128 0.988474 -0.000000 0.000000 0.000000 0.000000 1.000000
0.993488 0.077820 0.083214 0.000000 -0.065268 0.987399 -0.144166 16.254900 -0.093385 0.137796 0.986048 -0.000000 0.000000 0.000000 0.000000 1.000000
0.992879 0.079898 0.088365 -0.000000 -0.064893 0.984775 -0.161270 16.254900 -0.099905 0.154387 0.982946 0.000000 0.000000 0.000000 0.000000 1.000000
0.992203 0.080661 0.095011 -0.000000 -0.062930 0.982249 -0.176713 16.254900 -0.107578 0.169356 0.979666 -0.000000 0.000000 0.000000 0.000000 1.000000
0.991814 0.079644 0.099807 -0.000000 -0.060595 0.981590 -0.181134 16.254900 -0.112396 0.173604 0.978381 0.000000 0.000000 0.000000 0.000000 1.000000
0.992166 0.076864 0.098482 0.000000 -0.058751 0.982785 -0.175165 16.254900 -0.110250 0.168007 0.979601 0.000000 0.000000 0.000000 0.000000 1.000000
0.993249 0.072869 0.090254 0.000000 -0.057148 0.984480 -0.165931 16.254900 -0.100944 0.159653 0.981998 -0.000000 0.000000 0.000000 0.000000 1.000000
0.994778 0.063613 0.079815 -0.000000 -0.050591 0.986507 -0.155705 16.254900 -0.088643 0.150854 0.984574 0.000000 0.000000 0.000000 0.000000 1.000000
0.996651 0.044948 0.068307 0.000000 -0.034600 0.988715 -0.145756 16.254900 -0.074087 0.142905 0.986960 -0.000000 0.000000 0.000000 0.000000 1.000000</float_array>
        <technique_common>
          <accessor source="#mixamorig_Spine1-Matrix-animation-output-transform-array" count="24" stride="16">
            <param type="float4x4"/>
          </accessor>
        </technique_common>
      </source>
      <source id="mixamorig_Spine1-Interpolations">
        <Name_array id="mixamorig_Spine1-Interpolations-array" count="24">
 LINEAR LINEAR LINEAR LINEAR LINEAR LINEAR LINEAR LINEAR LINEAR LINEAR LINEAR
LINEAR LINEAR LINEAR LINEAR LINEAR LINEAR LINEAR LINEAR LINEAR LINEAR LINEAR LINEAR
LINEAR</Name_array>
        <technique_common>
          <accessor source="#mixamorig_Spine1-Interpolations-array" count="24">
            <param type="name"/>
          </accessor>
        </technique_common>
      </source>
      <sampler id="mixamorig_Spine1-Matrix-animation-transform">
        <input semantic="INPUT" source="#mixamorig_Spine1-Matrix-animation-input"/>
        <input semantic="OUTPUT" source="#mixamorig_Spine1-Matrix-animation-output-transform"/>
        <input semantic="INTERPOLATION" source="#mixamorig_Spine1-Interpolations"/>
      </sampler>
      <channel source="#mixamorig_Spine1-Matrix-animation-transform" target="mixamorig_Spine1/matrix"/>
    </animation>
    <animation id="mixamorig_Spine2-anim" name="mixamorig_Spine2">
      <source id="mixamorig_Spine2-Matrix-animation-input">
        <float_array id="mixamorig_Spine2-Matrix-animation-input-array" count="24">

0.000000 0.033333 0.066667 0.100000 0.133333 0.166667 0.200000 0.233333 0.266667 0.300000 0.333333 0.366667 0.400000 0.433333 0.466667 0.500000
0.533333 0.566667 0.600000 0.633333 0.666667 0.700000 0.733333 0.766667</float_array>
        <technique_common>
          <accessor source="#mixamorig_Spine2-Matrix-animation-input-array" count="24">
            <param name="TIME" type="float"/>
          </accessor>
        </technique_common>
      </source>
      <source id="mixamorig_Spine2-Matrix-animation-output-transform">
        <float_array id="mixamorig_Spine2-Matrix-animation-output-transform-array" count="384">

0.988290 -0.043117 0.146366 0.000000 0.102191 0.899371 -0.425074 13.700700 -0.113310 0.435054 0.893246 -0.000000 0.000000 0.000000 0.000000 1.000000
0.988396 -0.071430 0.134059 -0.000000 0.122431 0.897012 -0.424712 13.700700 -0.089916 0.436196 0.895348 -0.000000 0.000000 0.000000 0.000000 1.000000
0.988791 -0.090970 0.118395 0.000000 0.134113 0.889660 -0.436483 13.700700 -0.065624 0.447469 0.891888 -0.000000 0.000000 0.000000 0.000000 1.000000
0.989236 -0.101012 0.105874 0.000000 0.138341 0.881381 -0.451695 13.700700 -0.047689 0.461480 0.885868 0.000000 0.000000 0.000000 0.000000 1.000000
0.989668 -0.106378 0.096128 0.000000 0.139103 0.874869 -0.463955 13.700700 -0.034745 0.472533 0.880628 0.000000 0.000000 0.000000 0.000000 1.000000
0.990316 -0.107626 0.087698 0.000000 0.136397 0.872042 -0.470041 13.700700 -0.025888 0.477451 0.878277 0.000000 0.000000 0.000000 0.000000 1.000000
0.991482 -0.099774 0.083712 0.000000 0.127529 0.874213 -0.468496 13.700700 -0.026439 0.475182 0.879490 0.000000 0.000000 0.000000 0.000000 1.000000
0.992230 -0.087856 0.088100 0.000000 0.118682 0.880884 -0.458213 13.700700 -0.037349 0.465108 0.884466 0.000000 0.000000 0.000000 0.000000 1.000000
0.992402 -0.075062 0.097487 0.000000 0.110989 0.888105 -0.446039 13.700700 -0.053098 0.453470 0.889688 0.000000 0.000000 0.000000 0.000000 1.000000
0.992241 -0.060248 0.108754 0.000000 0.101998 0.894643 -0.434984 13.700700 -0.071089 0.442702 0.893846 -0.000000 0.000000 0.000000 0.000000 1.000000
0.991556 -0.046265 0.121148 0.000000 0.093861 0.900658 -0.424270 13.700700 -0.089484 0.432059 0.897395 0.000000 0.000000 0.000000 0.000000 1.000000
0.990426 -0.034355 0.133699 0.000000 0.087219 0.906461 -0.413185 13.700700 -0.106998 0.420890 0.900779 0.000000 0.000000 0.000000 0.000000 1.000000
0.988972 -0.027112 0.145599 0.000000 0.084190 0.911725 -0.402082 13.700700 -0.121845 0.409906 0.903953 0.000000 0.000000 0.000000 0.000000 1.000000
0.987653 -0.021267 0.155209 0.000000 0.081764 0.915073 -0.394912 13.700700 -0.133628 0.402727 0.905513 0.000000 0.000000 0.000000 0.000000 1.000000
0.986835 -0.016380 0.160901 0.000000 0.079827 0.914560 -0.396495 13.700700 -0.140659 0.404119 0.903827 -0.000000 0.000000 0.000000 0.000000 1.000000
0.987098 -0.013133 0.159580 -0.000000 0.078140 0.909408 -0.408500 13.700700 -0.139758 0.415699 0.898700 -0.000000 0.000000 0.000000 0.000000 1.000000
0.987332 -0.010732 0.158303 0.000000 0.077917 0.901918 -0.424820 13.700700 -0.138217 0.431773 0.891329 -0.000000 0.000000 0.000000 0.000000 1.000000
0.986826 -0.008629 0.161554 0.000000 0.079874 0.894376 -0.440127 13.700700 -0.140692 0.447232 0.883283 0.000000 0.000000 0.000000 0.000000 1.000000
0.986067 -0.007559 0.166180 0.000000 0.083269 0.887237 -0.453736 13.700700 -0.144011 0.461251 0.875504 0.000000 0.000000 0.000000 0.000000 1.000000
0.985389 -0.008055 0.170128 0.000000 0.086295 0.884789 -0.457933 13.700700 -0.146839 0.465923 0.872556 0.000000 0.000000 0.000000 0.000000 1.000000
0.985509 -0.010988 0.169264 0.000000 0.087732 0.887074 -0.453214 13.700700 -0.145170 0.461496 0.875184 0.000000 0.000000 0.000000 0.000000 1.000000
0.986388 -0.016033 0.163654 -0.000000 0.088325 0.891135 -0.445059 13.700700 -0.138702 0.453455 0.880420 -0.000000 0.000000 0.000000 0.000000 1.000000
0.987349 -0.025404 0.156516 0.000000 0.092057 0.895533 -0.435369 13.700700 -0.129105 0.444269 0.886542 0.000000 0.000000 0.000000 0.000000 1.000000
0.988290 -0.043117 0.146366 0.000000 0.102191 0.899371 -0.425075 13.700700 -0.113310 0.435055 0.893246 -0.000000 0.000000 0.000000 0.000000 1.000000</float_array>
        <technique_common>
          <accessor source="#mixamorig_Spine2-Matrix-animation-output-transform-array" count="24" stride="16">
            <param type="float4x4"/>
          </accessor>
        </technique_common>
      </source>
      <source id="mixamorig_Spine2-Interpolations">
        <Name_array id="mixamorig_Spine2-Interpolations-array" count="24">
 LINEAR LINEAR LINEAR LINEAR LINEAR LINEAR LINEAR LINEAR LINEAR LINEAR LINEAR
LINEAR LINEAR LINEAR LINEAR LINEAR LINEAR LINEAR LINEAR LINEAR LINEAR LINEAR LINEAR
LINEAR</Name_array>
        <technique_common>
          <accessor source="#mixamorig_Spine2-Interpolations-array" count="24">
            <param type="name"/>
          </accessor>
        </technique_common>
      </source>
      <sampler id="mixamorig_Spine2-Matrix-animation-transform">
        <input semantic="INPUT" source="#mixamorig_Spine2-Matrix-animation-input"/>
        <input semantic="OUTPUT" source="#mixamorig_Spine2-Matrix-animation-output-transform"/>
        <input semantic="INTERPOLATION" source="#mixamorig_Spine2-Interpolations"/>
      </sampler>
      <channel source="#mixamorig_Spine2-Matrix-animation-transform" target="mixamorig_Spine2/matrix"/>
    </animation>
    <animation id="mixamorig_Neck-anim" name="mixamorig_Neck">
      <source id="mixamorig_Neck-Matrix-animation-input">
        <float_array id="mixamorig_Neck-Matrix-animation-input-array" count="24">

0.000000 0.033333 0.066667 0.100000 0.133333 0.166667 0.200000 0.233333 0.266667 0.300000 0.333333 0.366667 0.400000 0.433333 0.466667 0.500000
0.533333 0.566667 0.600000 0.633333 0.666667 0.700000 0.733333 0.766667</float_array>
        <technique_common>
          <accessor source="#mixamorig_Neck-Matrix-animation-input-array" count="24">
            <param name="TIME" type="float"/>
          </accessor>
        </technique_common>
      </source>
      <source id="mixamorig_Neck-Matrix-animation-output-transform">
        <float_array id="mixamorig_Neck-Matrix-animation-output-transform-array" count="384">

0.947031 -0.217881 -0.235922 0.000000 0.301291 0.857082 0.417893 13.877500 0.111154 -0.466839 0.877329 -4.354200 0.000000 0.000000 0.000000 1.000000
0.951811 -0.213555 -0.220112 0.000000 0.289412 0.862914 0.414271 13.877500 0.101468 -0.458011 0.883137 -4.354200 0.000000 0.000000 0.000000 1.000000
0.956057 -0.213895 -0.200510 0.000000 0.280236 0.867693 0.410581 13.877500 0.086160 -0.448729 0.889505 -4.354200 0.000000 0.000000 0.000000 1.000000
0.959640 -0.214799 -0.181527 0.000000 0.272200 0.871680 0.407531 13.877500 0.070696 -0.440495 0.894967 -4.354200 0.000000 0.000000 0.000000 1.000000
0.962489 -0.215104 -0.165361 0.000000 0.264975 0.876255 0.402449 13.877500 0.058330 -0.431169 0.900384 -4.354200 0.000000 0.000000 0.000000 1.000000
0.964212 -0.215196 -0.154873 -0.000000 0.259969 0.882079 0.392877 13.877500 0.052065 -0.419079 0.906456 -4.354200 0.000000 0.000000 0.000000 1.000000
0.964566 -0.214358 -0.153826 0.000000 0.258019 0.888172 0.380233 13.877500 0.055118 -0.406450 0.912009 -4.354200 0.000000 0.000000 0.000000 1.000000
0.964069 -0.211183 -0.161161 0.000000 0.257619 0.891280 0.373165 13.877500 0.064834 -0.401275 0.913660 -4.354200 0.000000 0.000000 0.000000 1.000000
0.963247 -0.205411 -0.173091 0.000000 0.257347 0.890377 0.375502 13.877500 0.076984 -0.406246 0.910515 -4.354200 0.000000 0.000000 0.000000 1.000000
0.961808 -0.198774 -0.188187 0.000000 0.258379 0.886252 0.384444 13.877500 0.090364 -0.418385 0.903764 -4.354200 0.000000 0.000000 0.000000 1.000000
0.959936 -0.191808 -0.204285 -0.000000 0.260139 0.880984 0.395216 13.877500 0.104166 -0.432524 0.895585 -4.354200 0.000000 0.000000 0.000000 1.000000
0.957199 -0.185745 -0.221965 0.000000 0.263857 0.875200 0.405467 13.877500 0.118950 -0.446680 0.886751 -4.354200 0.000000 0.000000 0.000000 1.000000
0.954607 -0.182770 -0.235204 0.000000 0.268404 0.870220 0.413130 13.877500 0.129172 -0.457506 0.879774 -4.354200 0.000000 0.000000 0.000000 1.000000
0.952162 -0.184060 -0.243944 0.000000 0.274039 0.867548 0.415046 13.877500 0.135240 -0.462041 0.876486 -4.354200 0.000000 0.000000 0.000000 1.000000
0.949920 -0.191516 -0.246927 0.000000 0.281705 0.866829 0.411401 13.877500 0.135253 -0.460358 0.877369 -4.354200 0.000000 0.000000 0.000000 1.000000
0.947284 -0.208576 -0.243206 -0.000000 0.294587 0.865482 0.405167 13.877500 0.125983 -0.455453 0.881301 -4.354200 0.000000 0.000000 0.000000 1.000000
0.944414 -0.229282 -0.235610 0.000000 0.309581 0.861422 0.402630 13.877500 0.110643 -0.453190 0.884521 -4.354200 0.000000 0.000000 0.000000 1.000000
0.941399 -0.246013 -0.230749 0.000000 0.322714 0.855917 0.404056 13.877500 0.098099 -0.454844 0.885152 -4.354200 0.000000 0.000000 0.000000 1.000000
0.939537 -0.254631 -0.228982 0.000000 0.330020 0.851753 0.406945 13.877500 0.091416 -0.457909 0.884287 -4.354200 0.000000 0.000000 0.000000 1.000000
0.938460 -0.256591 -0.231200 -0.000000 0.333223 0.848724 0.410646 13.877500 0.090857 -0.462416 0.881996 -4.354200 0.000000 0.000000 0.000000 1.000000
0.937937 -0.254400 -0.235699 0.000000 0.333596 0.847603 0.412653 13.877500 0.094800 -0.465671 0.879866 -4.354200 0.000000 0.000000 0.000000 1.000000
0.938934 -0.246726 -0.239852 0.000000 0.328863 0.848542 0.414518 13.877500 0.101252 -0.468084 0.877864 -4.354200 0.000000 0.000000 0.000000 1.000000
0.942731 -0.231577 -0.240062 -0.000000 0.315476 0.852760 0.416265 13.877500 0.108318 -0.468159 0.876980 -4.354200 0.000000 0.000000 0.000000 1.000000
0.947036 -0.217865 -0.235918 -0.000000 0.301273 0.857092 0.417884 13.877500 0.111161 -0.466827 0.877334 -4.354200 0.000000 0.000000 0.000000 1.000000</float_array>
        <technique_common>
          <accessor source="#mixamorig_Neck-Matrix-animation-output-transform-array" count="24" stride="16">
            <param type="float4x4"/>
          </accessor>
        </technique_common>
      </source>
      <source id="mixamorig_Neck-Interpolations">
        <Name_array id="mixamorig_Neck-Interpolations-array" count="24">
 LINEAR LINEAR LINEAR LINEAR LINEAR LINEAR LINEAR LINEAR LINEAR LINEAR LINEAR
LINEAR LINEAR LINEAR LINEAR LINEAR LINEAR LINEAR LINEAR LINEAR LINEAR LINEAR LINEAR
LINEAR</Name_array>
        <technique_common>
          <accessor source="#mixamorig_Neck-Interpolations-array" count="24">
            <param type="name"/>
          </accessor>
        </technique_common>
      </source>
      <sampler id="mixamorig_Neck-Matrix-animation-transform">
        <input semantic="INPUT" source="#mixamorig_Neck-Matrix-animation-input"/>
        <input semantic="OUTPUT" source="#mixamorig_Neck-Matrix-animation-output-transform"/>
        <input semantic="INTERPOLATION" source="#mixamorig_Neck-Interpolations"/>
      </sampler>
      <channel source="#mixamorig_Neck-Matrix-animation-transform" target="mixamorig_Neck/matrix"/>
    </animation>
    <animation id="mixamorig_Neck1-anim" name="mixamorig_Neck1">
      <source id="mixamorig_Neck1-Matrix-animation-input">
        <float_array id="mixamorig_Neck1-Matrix-animation-input-array" count="24">

0.000000 0.033333 0.066667 0.100000 0.133333 0.166667 0.200000 0.233333 0.266667 0.300000 0.333333 0.366667 0.400000 0.433333 0.466667 0.500000
0.533333 0.566667 0.600000 0.633333 0.666667 0.700000 0.733333 0.766667</float_array>
        <technique_common>
          <accessor source="#mixamorig_Neck1-Matrix-animation-input-array" count="24">
            <param name="TIME" type="float"/>
          </accessor>
        </technique_common>
      </source>
      <source id="mixamorig_Neck1-Matrix-animation-output-transform">
        <float_array id="mixamorig_Neck1-Matrix-animation-output-transform-array" count="384">

1.000000 0.000000 0.000000 0.000000 -0.000000 1.000000 0.000000 4.340000 -0.000000 0.000000 1.000000 0.926900 0.000000 0.000000 0.000000 1.000000
1.000000 0.000000 0.000000 0.000000 -0.000000 1.000000 0.000000 4.340000 -0.000000 0.000000 1.000000 0.926900 0.000000 0.000000 0.000000 1.000000
1.000000 0.000000 0.000000 0.000000 0.000000 1.000000 0.000000 4.340000 0.000000 0.000000 1.000000 0.926900 0.000000 0.000000 0.000000 1.000000
1.000000 -0.000000 -0.000000 0.000000 0.000000 1.000000 -0.000000 4.340000 -0.000000 -0.000000 1.000000 0.926900 0.000000 0.000000 0.000000 1.000000
1.000000 0.000000 -0.000000 -0.000000 -0.000000 1.000000 0.000000 4.340000 0.000000 -0.000000 1.000000 0.926900 0.000000 0.000000 0.000000 1.000000
1.000000 -0.000000 0.000000 -0.000000 0.000000 1.000000 -0.000000 4.340000 0.000000 0.000000 1.000000 0.926900 0.000000 0.000000 0.000000 1.000000
1.000000 -0.000000 0.000000 0.000000 0.000000 1.000000 -0.000000 4.340000 0.000000 0.000000 1.000000 0.926900 0.000000 0.000000 0.000000 1.000000
1.000000 -0.000000 0.000000 0.000000 -0.000000 1.000000 -0.000000 4.340000 -0.000000 0.000000 1.000000 0.926900 0.000000 0.000000 0.000000 1.000000
1.000000 -0.000000 -0.000000 0.000000 0.000000 1.000000 0.000000 4.340000 -0.000000 -0.000000 1.000000 0.926900 0.000000 0.000000 0.000000 1.000000
1.000000 0.000000 0.000000 0.000000 -0.000000 1.000000 0.000000 4.340000 -0.000000 0.000000 1.000000 0.926900 0.000000 0.000000 0.000000 1.000000
1.000000 0.000000 0.000000 0.000000 0.000000 1.000000 0.000000 4.340000 0.000000 0.000000 1.000000 0.926900 0.000000 0.000000 0.000000 1.000000
1.000000 0.000000 0.000000 -0.000000 -0.000000 1.000000 0.000000 4.340000 -0.000000 -0.000000 1.000000 0.926900 0.000000 0.000000 0.000000 1.000000
1.000000 -0.000000 0.000000 0.000000 0.000000 1.000000 -0.000000 4.340000 0.000000 -0.000000 1.000000 0.926900 0.000000 0.000000 0.000000 1.000000
1.000000 0.000000 0.000000 0.000000 -0.000000 1.000000 0.000000 4.340000 0.000000 0.000000 1.000000 0.926900 0.000000 0.000000 0.000000 1.000000
1.000000 0.000000 -0.000000 -0.000000 0.000000 1.000000 -0.000000 4.340000 0.000000 -0.000000 1.000000 0.926900 0.000000 0.000000 0.000000 1.000000
1.000000 0.000000 -0.000000 0.000000 -0.000000 1.000000 -0.000000 4.340000 0.000000 0.000000 1.000000 0.926900 0.000000 0.000000 0.000000 1.000000
1.000000 0.000000 -0.000000 0.000000 -0.000000 1.000000 0.000000 4.340000 -0.000000 -0.000000 1.000000 0.926900 0.000000 0.000000 0.000000 1.000000
1.000000 0.000000 0.000000 -0.000000 0.000000 1.000000 -0.000000 4.340000 0.000000 -0.000000 1.000000 0.926900 0.000000 0.000000 0.000000 1.000000
1.000000 0.000000 -0.000000 0.000000 -0.000000 1.000000 0.000000 4.340000 -0.000000 0.000000 1.000000 0.926900 0.000000 0.000000 0.000000 1.000000
1.000000 0.000000 0.000000 -0.000000 0.000000 1.000000 0.000000 4.340000 0.000000 -0.000000 1.000000 0.926900 0.000000 0.000000 0.000000 1.000000
1.000000 0.000000 0.000000 0.000000 0.000000 1.000000 0.000000 4.340000 0.000000 -0.000000 1.000000 0.926900 0.000000 0.000000 0.000000 1.000000
1.000000 0.000000 0.000000 -0.000000 0.000000 1.000000 0.000000 4.340000 0.000000 -0.000000 1.000000 0.926900 0.000000 0.000000 0.000000 1.000000
1.000000 0.000000 0.000000 0.000000 -0.000000 1.000000 -0.000000 4.340000 -0.000000 0.000000 1.000000 0.926900 0.000000 0.000000 0.000000 1.000000
1.000000 -0.000000 0.000000 0.000000 -0.000000 1.000000 -0.000000 4.340000 -0.000000 0.000000 1.000000 0.926900 0.000000 0.000000 0.000000 1.000000</float_array>
        <technique_common>
          <accessor source="#mixamorig_Neck1-Matrix-animation-output-transform-array" count="24" stride="16">
            <param type="float4x4"/>
          </accessor>
        </technique_common>
      </source>
      <source id="mixamorig_Neck1-Interpolations">
        <Name_array id="mixamorig_Neck1-Interpolations-array" count="24">
 LINEAR LINEAR LINEAR LINEAR LINEAR LINEAR LINEAR LINEAR LINEAR LINEAR LINEAR
LINEAR LINEAR LINEAR LINEAR LINEAR LINEAR LINEAR LINEAR LINEAR LINEAR LINEAR LINEAR
LINEAR</Name_array>
        <technique_common>
          <accessor source="#mixamorig_Neck1-Interpolations-array" count="24">
            <param type="name"/>
          </accessor>
        </technique_common>
      </source>
      <sampler id="mixamorig_Neck1-Matrix-animation-transform">
        <input semantic="INPUT" source="#mixamorig_Neck1-Matrix-animation-input"/>
        <input semantic="OUTPUT" source="#mixamorig_Neck1-Matrix-animation-output-transform"/>
        <input semantic="INTERPOLATION" source="#mixamorig_Neck1-Interpolations"/>
      </sampler>
      <channel source="#mixamorig_Neck1-Matrix-animation-transform" target="mixamorig_Neck1/matrix"/>
    </animation>
    <animation id="mixamorig_Head-anim" name="mixamorig_Head">
      <source id="mixamorig_Head-Matrix-animation-input">
        <float_array id="mixamorig_Head-Matrix-animation-input-array" count="24">

0.000000 0.033333 0.066667 0.100000 0.133333 0.166667 0.200000 0.233333 0.266667 0.300000 0.333333 0.366667 0.400000 0.433333 0.466667 0.500000
0.533333 0.566667 0.600000 0.633333 0.666667 0.700000 0.733333 0.766667</float_array>
        <technique_common>
          <accessor source="#mixamorig_Head-Matrix-animation-input-array" count="24">
            <param name="TIME" type="float"/>
          </accessor>
        </technique_common>
      </source>
      <source id="mixamorig_Head-Matrix-animation-output-transform">
        <float_array id="mixamorig_Head-Matrix-animation-output-transform-array" count="384">

0.742500 0.385855 -0.547549 -0.000000 0.074850 0.764513 0.640248 4.026600 0.665651 -0.516368 0.538769 0.858500 0.000000 0.000000 0.000000 1.000000
0.770210 0.387968 -0.506218 -0.000000 0.039295 0.763332 0.644810 4.026600 0.636578 -0.516531 0.572681 0.858500 0.000000 0.000000 0.000000 1.000000
0.789866 0.396027 -0.468268 0.000000 -0.000166 0.763685 0.645589 4.026600 0.613279 -0.509852 0.603274 0.858500 0.000000 0.000000 0.000000 1.000000
0.798734 0.408919 -0.441372 0.000000 -0.034902 0.763814 0.644493 4.026600 0.600671 -0.499373 0.624356 0.858500 0.000000 0.000000 0.000000 1.000000
0.805381 0.422452 -0.415807 0.000000 -0.064148 0.759477 0.647364 4.026600 0.589276 -0.494701 0.638768 0.858500 0.000000 0.000000 0.000000 1.000000
0.805350 0.438666 -0.398727 0.000000 -0.087003 0.752798 0.652476 4.026600 0.586380 -0.490781 0.644431 0.858500 0.000000 0.000000 0.000000 1.000000
0.797142 0.452664 -0.399575 -0.000000 -0.093589 0.746410 0.658872 4.026600 0.596495 -0.487819 0.637359 0.858500 0.000000 0.000000 0.000000 1.000000
0.781103 0.463920 -0.417919 0.000000 -0.084934 0.742031 0.664964 4.026600 0.618598 -0.483910 0.619005 0.858500 0.000000 0.000000 0.000000 1.000000
0.774379 0.465585 -0.428448 0.000000 -0.071130 0.736918 0.672230 4.026600 0.628711 -0.490085 0.603771 0.858500 0.000000 0.000000 0.000000 1.000000
0.783082 0.454847 -0.424143 0.000000 -0.055926 0.730729 0.680373 4.026600 0.619399 -0.509068 0.597658 0.858500 0.000000 0.000000 0.000000 1.000000
0.789051 0.443202 -0.425405 -0.000000 -0.041173 0.729069 0.683201 4.026600 0.612946 -0.521565 0.593520 0.858500 0.000000 0.000000 0.000000 1.000000
0.793549 0.433485 -0.427048 0.000000 -0.032122 0.730661 0.681985 4.026600 0.607658 -0.527470 0.593740 0.858500 0.000000 0.000000 0.000000 1.000000
0.794649 0.431319 -0.427198 -0.000000 -0.032203 0.732663 0.679829 4.026600 0.606215 -0.526468 0.596100 0.858500 0.000000 0.000000 0.000000 1.000000
0.790339 0.428706 -0.437694 -0.000000 -0.028348 0.739227 0.672860 4.026600 0.612014 -0.519379 0.596392 0.858500 0.000000 0.000000 0.000000 1.000000
0.781921 0.419197 -0.461381 0.000000 -0.019474 0.756197 0.654054 4.026600 0.623073 -0.502434 0.599450 0.858500 0.000000 0.000000 0.000000 1.000000
0.769103 0.402750 -0.496259 0.000000 -0.005563 0.780656 0.624936 4.026600 0.639101 -0.477879 0.602645 0.858500 0.000000 0.000000 0.000000 1.000000
0.756503 0.386189 -0.527789 -0.000000 0.010765 0.799567 0.600481 4.026600 0.653902 -0.459947 0.600718 0.858500 0.000000 0.000000 0.000000 1.000000
0.754471 0.370112 -0.542025 0.000000 0.029764 0.805694 0.591584 4.026600 0.655658 -0.462466 0.596857 0.858500 0.000000 0.000000 0.000000 1.000000
0.751695 0.363832 -0.550073 -0.000000 0.047083 0.802330 0.595021 4.026600 0.657828 -0.473173 0.585978 0.858500 0.000000 0.000000 0.000000 1.000000
0.743857 0.367774 -0.558049 0.000000 0.062963 0.792703 0.606347 4.026600 0.665366 -0.486172 0.566502 0.858500 0.000000 0.000000 0.000000 1.000000
0.734204 0.375807 -0.565432 0.000000 0.079674 0.779383 0.621462 4.026600 0.674238 -0.501330 0.542284 0.858500 0.000000 0.000000 0.000000 1.000000
0.727170 0.381200 -0.570886 0.000000 0.094299 0.768285 0.633124 4.026600 0.679949 -0.514223 0.522727 0.858500 0.000000 0.000000 0.000000 1.000000
0.731434 0.374257 -0.570032 0.000000 0.109440 0.760669 0.639848 4.026600 0.673073 -0.530391 0.515420 0.858500 0.000000 0.000000 0.000000 1.000000
0.742496 0.385840 -0.547564 0.000000 0.074873 0.764516 0.640242 4.026600 0.665652 -0.516375 0.538761 0.858500 0.000000 0.000000 0.000000 1.000000</float_array>
        <technique_common>
          <accessor source="#mixamorig_Head-Matrix-animation-output-transform-array" count="24" stride="16">
            <param type="float4x4"/>
          </accessor>
        </technique_common>
      </source>
      <source id="mixamorig_Head-Interpolations">
        <Name_array id="mixamorig_Head-Interpolations-array" count="24">
 LINEAR LINEAR LINEAR LINEAR LINEAR LINEAR LINEAR LINEAR LINEAR LINEAR LINEAR
LINEAR LINEAR LINEAR LINEAR LINEAR LINEAR LINEAR LINEAR LINEAR LINEAR LINEAR LINEAR
LINEAR</Name_array>
        <technique_common>
          <accessor source="#mixamorig_Head-Interpolations-array" count="24">
            <param type="name"/>
          </accessor>
        </technique_common>
      </source>
      <sampler id="mixamorig_Head-Matrix-animation-transform">
        <input semantic="INPUT" source="#mixamorig_Head-Matrix-animation-input"/>
        <input semantic="OUTPUT" source="#mixamorig_Head-Matrix-animation-output-transform"/>
        <input semantic="INTERPOLATION" source="#mixamorig_Head-Interpolations"/>
      </sampler>
      <channel source="#mixamorig_Head-Matrix-animation-transform" target="mixamorig_Head/matrix"/>
    </animation>
    <animation id="mixamorig_LeftShoulder-anim" name="mixamorig_LeftShoulder">
      <source id="mixamorig_LeftShoulder-Matrix-animation-input">
        <float_array id="mixamorig_LeftShoulder-Matrix-animation-input-array" count="24">

