<?xml version="1.0" encoding="utf-8"?>
<COLLADA xmlns="http://www.collada.org/2005/11/COLLADASchema" version="1.4.1">
  <asset>
    <contributor>
      <author>Mixamo</author>
      <authoring_tool>COLLADA Mixamo exporter</authoring_tool>
      <comments/>
    </contributor>
    <created>2024-11-01T00:02:09Z</created>
    <modified>2024-11-01T00:02:09Z</modified>
    <revision/>
    <title/>
    <unit meter="0.010000"/>
    <up_axis>Y_UP</up_axis>
  </asset>
  <library_animations>
    <animation id="mixamorig_Hips-anim" name="mixamorig_Hips">
      <source id="mixamorig_Hips-Matrix-animation-input">
        <float_array id="mixamorig_Hips-Matrix-animation-input-array" count="21">

0.000000 0.033333 0.066667 0.100000 0.133333 0.166667 0.200000 0.233333 0.266667 0.300000 0.333333 0.366667 0.400000 0.433333 0.466667 0.500000
0.533333 0.566667 0.600000 0.633333 0.666667</float_array>
        <technique_common>
          <accessor source="#mixamorig_Hips-Matrix-animation-input-array" count="21">
            <param name="TIME" type="float"/>
          </accessor>
        </technique_common>
      </source>
      <source id="mixamorig_Hips-Matrix-animation-output-transform">
        <float_array id="mixamorig_Hips-Matrix-animation-output-transform-array" count="336">

0.763307 0.152608 0.627752 -1.540318 -0.016554 0.976000 -0.217140 84.176498 -0.645824 0.155352 0.747514 -1.795424 0.000000 0.000000 0.000000 1.000000
0.763992 0.149630 0.627636 -10.164223 -0.008371 0.974956 -0.222242 85.511223 -0.645171 0.164538 0.746111 -2.121259 0.000000 0.000000 0.000000 1.000000
0.739650 0.161156 0.653411 -19.337238 0.007408 0.968897 -0.247353 87.693375 -0.672951 0.187795 0.715451 -2.352185 0.000000 0.000000 0.000000 1.000000
0.692953 0.192642 0.694770 -28.700932 0.023969 0.956955 -0.289246 89.475769 -0.720584 0.217087 0.658507 -2.565482 0.000000 0.000000 0.000000 1.000000
0.659832 0.230644 0.715140 -36.488373 0.035218 0.941188 -0.336043 91.212639 -0.750587 0.246918 0.612903 -2.841432 0.000000 0.000000 0.000000 1.000000
0.643302 0.262580 0.719176 -46.195770 0.046023 0.924386 -0.378672 92.566925 -0.764228 0.276699 0.582575 -3.261950 0.000000 0.000000 0.000000 1.000000
0.621533 0.269912 0.735421 -57.315552 0.080039 0.911978 -0.402356 93.631500 -0.779288 0.308940 0.545221 -3.908404 0.000000 0.000000 0.000000 1.000000
0.602024 0.231948 0.764046 -67.981934 0.138285 0.912132 -0.385865 93.368042 -0.786412 0.337956 0.517051 -4.645248 0.000000 0.000000 0.000000 1.000000
0.599850 0.211925 0.771536 -77.994911 0.167071 0.909852 -0.379811 92.093559 -0.782475 0.356731 0.510368 -5.337842 0.000000 0.000000 0.000000 1.000000
0.617391 0.230287 0.752194 -87.233574 0.154553 0.902047 -0.403020 89.973984 -0.771325 0.365074 0.521324 -5.862054 0.000000 0.000000 0.000000 1.000000
0.614964 0.242292 0.750409 -96.146957 0.149079 0.898742 -0.412357 87.725586 -0.774335 0.365455 0.516573 -6.089043 0.000000 0.000000 0.000000 1.000000
0.595680 0.232934 0.768705 -104.822449 0.160498 0.903208 -0.398064 86.465202 -0.787023 0.360494 0.500638 -5.994667 0.000000 0.000000 0.000000 1.000000
0.601500 0.210440 0.770657 -114.266617 0.157375 0.914564 -0.372567 86.781960 -0.783218 0.345382 0.516992 -5.699196 0.000000 0.000000 0.000000 1.000000
0.641397 0.188667 0.743650 -123.741936 0.130113 0.928501 -0.347787 87.859833 -0.756096 0.319828 0.570990 -5.254256 0.000000 0.000000 0.000000 1.000000
0.646094 0.165298 0.745144 -133.190018 0.117552 0.943069 -0.311130 88.832611 -0.754151 0.288612 0.589880 -4.669101 0.000000 0.000000 0.000000 1.000000
0.642441 0.178921 0.745156 -143.223816 0.082898 0.950431 -0.299681 89.682617 -0.761838 0.254299 0.595764 -3.983182 0.000000 0.000000 0.000000 1.000000
0.656972 0.217595 0.721831 -154.975616 0.025884 0.950369 -0.310046 90.539757 -0.753470 0.222375 0.618734 -3.282920 0.000000 0.000000 0.000000 1.000000
0.683843 0.220420 0.695538 -167.773972 -0.005726 0.954868 -0.296974 89.804741 -0.729607 0.199101 0.654242 -2.688529 0.000000 0.000000 0.000000 1.000000
0.720039 0.189954 0.667430 -180.850952 -0.013713 0.965512 -0.259996 87.498489 -0.693799 0.178055 0.697811 -2.210739 0.000000 0.000000 0.000000 1.000000
0.749736 0.162886 0.641377 -193.091232 -0.014383 0.973014 -0.230297 85.243469 -0.661581 0.163437 0.731846 -1.905331 0.000000 0.000000 0.000000 1.000000
0.763298 0.152572 0.627772 -205.875687 -0.016502 0.976001 -0.217140 84.174934 -0.645835 0.155383 0.747498 -1.794880 0.000000 0.000000 0.000000 1.000000</float_array>
        <technique_common>
          <accessor source="#mixamorig_Hips-Matrix-animation-output-transform-array" count="21" stride="16">
            <param type="float4x4"/>
          </accessor>
        </technique_common>
      </source>
      <source id="mixamorig_Hips-Interpolations">
        <Name_array id="mixamorig_Hips-Interpolations-array" count="21">
 LINEAR LINEAR LINEAR LINEAR LINEAR LINEAR LINEAR LINEAR LINEAR LINEAR LINEAR
LINEAR LINEAR LINEAR LINEAR LINEAR LINEAR LINEAR LINEAR LINEAR LINEAR</Name_array>
        <technique_common>
          <accessor source="#mixamorig_Hips-Interpolations-array" count="21">
            <param type="name"/>
          </accessor>
        </technique_common>
      </source>
      <sampler id="mixamorig_Hips-Matrix-animation-transform">
        <input semantic="INPUT" source="#mixamorig_Hips-Matrix-animation-input"/>
        <input semantic="OUTPUT" source="#mixamorig_Hips-Matrix-animation-output-transform"/>
        <input semantic="INTERPOLATION" source="#mixamorig_Hips-Interpolations"/>
      </sampler>
      <channel source="#mixamorig_Hips-Matrix-animation-transform" target="mixamorig_Hips/matrix"/>
    </animation>
    <animation id="mixamorig_Spine-anim" name="mixamorig_Spine">
      <source id="mixamorig_Spine-Matrix-animation-input">
        <float_array id="mixamorig_Spine-Matrix-animation-input-array" count="21">

0.000000 0.033333 0.066667 0.100000 0.133333 0.166667 0.200000 0.233333 0.266667 0.300000 0.333333 0.366667 0.400000 0.433333 0.466667 0.500000
0.533333 0.566667 0.600000 0.633333 0.666667</float_array>
        <technique_common>
          <accessor source="#mixamorig_Spine-Matrix-animation-input-array" count="21">
            <param name="TIME" type="float"/>
          </accessor>
        </technique_common>
      </source>
      <source id="mixamorig_Spine-Matrix-animation-output-transform">
        <float_array id="mixamorig_Spine-Matrix-animation-output-transform-array" count="336">

0.960146 -0.253983 0.116669 0.000000 0.277544 0.817135 -0.505232 9.226300 0.032986 0.517478 0.855061 1.577100 0.000000 0.000000 0.000000 1.000000
0.963627 -0.233181 0.130576 -0.000000 0.267205 0.831510 -0.487025 9.226300 0.004990 0.504201 0.863572 1.577100 0.000000 0.000000 0.000000 1.000000
0.966061 -0.232766 0.112014 0.000000 0.258246 0.860225 -0.439684 9.226300 0.005986 0.453688 0.891140 1.577100 0.000000 0.000000 0.000000 1.000000
0.959225 -0.268973 0.086844 -0.000000 0.281800 0.886357 -0.367368 9.226300 0.021837 0.376861 0.926012 1.577100 0.000000 0.000000 0.000000 1.000000
0.948244 -0.308155 0.076641 0.000000 0.317286 0.909768 -0.267678 9.226300 0.012760 0.278141 0.960455 1.577100 0.000000 0.000000 0.000000 1.000000
0.947024 -0.312123 0.075663 0.000000 0.321138 0.923234 -0.210973 9.226300 -0.004005 0.224095 0.974559 1.577100 0.000000 0.000000 0.000000 1.000000
0.950306 -0.304376 0.065377 0.000000 0.311104 0.920700 -0.235637 9.226300 0.011530 0.244266 0.969640 1.577100 0.000000 0.000000 0.000000 1.000000
0.955961 -0.289980 0.045268 -0.000000 0.290006 0.909596 -0.297542 9.226300 0.045106 0.297566 0.953635 1.577100 0.000000 0.000000 0.000000 1.000000
0.959534 -0.279496 0.034302 0.000000 0.274918 0.903448 -0.328941 9.226300 0.060948 0.325060 0.943727 1.577100 0.000000 0.000000 0.000000 1.000000
0.960828 -0.275007 0.034352 0.000000 0.270705 0.904706 -0.328977 9.226300 0.059392 0.325390 0.943713 1.577100 0.000000 0.000000 0.000000 1.000000
0.960170 -0.279092 0.013482 0.000000 0.267938 0.905963 -0.327779 9.226300 0.079266 0.318336 0.944658 1.577100 0.000000 0.000000 0.000000 1.000000
0.956535 -0.289483 -0.035231 0.000000 0.262250 0.906739 -0.330226 9.226300 0.127540 0.306633 0.943244 1.577100 0.000000 0.000000 0.000000 1.000000
0.951411 -0.301058 -0.064657 0.000000 0.264799 0.907097 -0.327196 9.226300 0.157155 0.294177 0.942742 1.577100 0.000000 0.000000 0.000000 1.000000
0.948518 -0.313002 -0.048401 -0.000000 0.283192 0.906573 -0.312934 9.226300 0.141828 0.283117 0.948541 1.577100 0.000000 0.000000 0.000000 1.000000
0.937995 -0.338608 -0.074237 0.000000 0.300831 0.901537 -0.311017 9.226300 0.172240 0.269399 0.947501 1.577100 0.000000 0.000000 0.000000 1.000000
0.925408 -0.367059 -0.094271 0.000000 0.321257 0.891773 -0.318644 9.226300 0.201030 0.264591 0.943175 1.577100 0.000000 0.000000 0.000000 1.000000
0.920618 -0.383599 -0.072895 0.000000 0.338549 0.877197 -0.340456 9.226300 0.194541 0.288751 0.937431 1.577100 0.000000 0.000000 0.000000 1.000000
0.927203 -0.373727 -0.024939 -0.000000 0.337076 0.861599 -0.379508 9.226300 0.163320 0.343475 0.924852 1.577100 0.000000 0.000000 0.000000 1.000000
0.939927 -0.340154 0.028836 0.000000 0.318732 0.844200 -0.430972 9.226300 0.122254 0.414273 0.901905 1.577100 0.000000 0.000000 0.000000 1.000000
0.953281 -0.292605 0.075082 0.000000 0.291772 0.827455 -0.479779 9.226300 0.078259 0.479271 0.874171 1.577100 0.000000 0.000000 0.000000 1.000000
0.960159 -0.253957 0.116624 0.000000 0.277499 0.817146 -0.505239 9.226300 0.033010 0.517473 0.855063 1.577100 0.000000 0.000000 0.000000 1.000000</float_array>
        <technique_common>
          <accessor source="#mixamorig_Spine-Matrix-animation-output-transform-array" count="21" stride="16">
            <param type="float4x4"/>
          </accessor>
        </technique_common>
      </source>
      <source id="mixamorig_Spine-Interpolations">
        <Name_array id="mixamorig_Spine-Interpolations-array" count="21">
 LINEAR LINEAR LINEAR LINEAR LINEAR LINEAR LINEAR LINEAR LINEAR LINEAR LINEAR
LINEAR LINEAR LINEAR LINEAR LINEAR LINEAR LINEAR LINEAR LINEAR LINEAR</Name_array>
        <technique_common>
          <accessor source="#mixamorig_Spine-Interpolations-array" count="21">
            <param type="name"/>
          </accessor>
        </technique_common>
      </source>
      <sampler id="mixamorig_Spine-Matrix-animation-transform">
        <input semantic="INPUT" source="#mixamorig_Spine-Matrix-animation-input"/>
        <input semantic="OUTPUT" source="#mixamorig_Spine-Matrix-animation-output-transform"/>
        <input semantic="INTERPOLATION" source="#mixamorig_Spine-Interpolations"/>
      </sampler>
      <channel source="#mixamorig_Spine-Matrix-animation-transform" target="mixamorig_Spine/matrix"/>
    </animation>
    <animation id="mixamorig_Spine1-anim" name="mixamorig_Spine1">
      <source id="mixamorig_Spine1-Matrix-animation-input">
        <float_array id="mixamorig_Spine1-Matrix-animation-input-array" count="21">

0.000000 0.033333 0.066667 0.100000 0.133333 0.166667 0.200000 0.233333 0.266667 0.300000 0.333333 0.366667 0.400000 0.433333 0.466667 0.500000
0.533333 0.566667 0.600000 0.633333 0.666667</float_array>
        <technique_common>
          <accessor source="#mixamorig_Spine1-Matrix-animation-input-array" count="21">
            <param name="TIME" type="float"/>
          </accessor>
        </technique_common>
      </source>
      <source id="mixamorig_Spine1-Matrix-animation-output-transform">
        <float_array id="mixamorig_Spine1-Matrix-animation-output-transform-array" count="336">

0.997733 -0.066717 0.008839 0.000000 0.067025 0.996909 -0.040978 16.254900 -0.006078 0.041477 0.999121 0.000000 0.000000 0.000000 0.000000 1.000000
0.997038 -0.074817 0.017810 0.000000 0.075497 0.996296 -0.041168 16.254900 -0.014664 0.042390 0.998994 0.000000 0.000000 0.000000 0.000000 1.000000
0.996171 -0.082928 0.027666 0.000000 0.084143 0.995388 -0.046079 16.254900 -0.023717 0.048231 0.998555 -0.000000 0.000000 0.000000 0.000000 1.000000
0.996263 -0.082173 0.026616 -0.000000 0.083466 0.995163 -0.051800 16.254900 -0.022231 0.053828 0.998303 0.000000 0.000000 0.000000 0.000000 1.000000
0.996959 -0.075583 0.018984 0.000000 0.076721 0.994668 -0.068918 16.254900 -0.013674 0.070165 0.997442 -0.000000 0.000000 0.000000 0.000000 1.000000
0.996747 -0.078933 0.016255 -0.000000 0.079849 0.994569 -0.066759 16.254900 -0.010898 0.067840 0.997637 0.000000 0.000000 0.000000 0.000000 1.000000
0.996805 -0.079407 0.008677 0.000000 0.079669 0.996174 -0.035911 16.254900 -0.005792 0.036487 0.999317 0.000000 0.000000 0.000000 0.000000 1.000000
0.997217 -0.074248 -0.006761 0.000000 0.074198 0.997216 -0.007345 16.254900 0.007287 0.006822 0.999950 0.000000 0.000000 0.000000 0.000000 1.000000
0.997084 -0.074102 -0.018228 -0.000000 0.074229 0.997221 0.006407 16.254900 0.017703 -0.007742 0.999813 -0.000000 0.000000 0.000000 0.000000 1.000000
0.996565 -0.080580 -0.019114 -0.000000 0.080812 0.996661 0.011684 16.254900 0.018109 -0.013188 0.999749 0.000000 0.000000 0.000000 0.000000 1.000000
0.995756 -0.088690 -0.024579 0.000000 0.088975 0.995976 0.010758 16.254900 0.023526 -0.012899 0.999640 -0.000000 0.000000 0.000000 0.000000 1.000000
0.995077 -0.093557 -0.032700 0.000000 0.093622 0.995608 0.000472 16.254900 0.032512 -0.003531 0.999465 0.000000 0.000000 0.000000 0.000000 1.000000
0.995019 -0.091661 -0.039178 0.000000 0.090794 0.995596 -0.023365 16.254900 0.041147 0.019691 0.998959 0.000000 0.000000 0.000000 0.000000 1.000000
0.995399 -0.083401 -0.047167 0.000000 0.080730 0.995164 -0.055957 16.254900 0.051606 0.051892 0.997318 0.000000 0.000000 0.000000 0.000000 1.000000
0.995962 -0.072921 -0.052373 0.000000 0.068374 0.994124 -0.083925 16.254900 0.058185 0.080005 0.995095 0.000000 0.000000 0.000000 0.000000 1.000000
0.996231 -0.072133 -0.048172 0.000000 0.067305 0.993173 -0.095274 16.254900 0.054715 0.091673 0.994285 0.000000 0.000000 0.000000 0.000000 1.000000
0.996192 -0.079470 -0.035865 0.000000 0.076013 0.993108 -0.089210 16.254900 0.042707 0.086144 0.995367 0.000000 0.000000 0.000000 0.000000 1.000000
0.996267 -0.081516 -0.028414 0.000000 0.079097 0.993826 -0.077810 16.254900 0.034582 0.075272 0.996563 0.000000 0.000000 0.000000 0.000000 1.000000
0.996829 -0.077295 -0.018898 0.000000 0.075841 0.994777 -0.068321 16.254900 0.024080 0.066671 0.997484 -0.000000 0.000000 0.000000 0.000000 1.000000
0.997581 -0.069455 -0.002960 0.000000 0.069166 0.995907 -0.058191 16.254900 0.006989 0.057846 0.998301 0.000000 0.000000 0.000000 0.000000 1.000000
0.997733 -0.066709 0.008836 0.000000 0.067017 0.996911 -0.040948 16.254900 -0.006077 0.041448 0.999122 -0.000000 0.000000 0.000000 0.000000 1.000000</float_array>
        <technique_common>
          <accessor source="#mixamorig_Spine1-Matrix-animation-output-transform-array" count="21" stride="16">
            <param type="float4x4"/>
          </accessor>
        </technique_common>
      </source>
      <source id="mixamorig_Spine1-Interpolations">
        <Name_array id="mixamorig_Spine1-Interpolations-array" count="21">
 LINEAR LINEAR LINEAR LINEAR LINEAR LINEAR LINEAR LINEAR LINEAR LINEAR LINEAR
LINEAR LINEAR LINEAR LINEAR LINEAR LINEAR LINEAR LINEAR LINEAR LINEAR</Name_array>
        <technique_common>
          <accessor source="#mixamorig_Spine1-Interpolations-array" count="21">
            <param type="name"/>
          </accessor>
        </technique_common>
      </source>
      <sampler id="mixamorig_Spine1-Matrix-animation-transform">
        <input semantic="INPUT" source="#mixamorig_Spine1-Matrix-animation-input"/>
        <input semantic="OUTPUT" source="#mixamorig_Spine1-Matrix-animation-output-transform"/>
        <input semantic="INTERPOLATION" source="#mixamorig_Spine1-Interpolations"/>
      </sampler>
      <channel source="#mixamorig_Spine1-Matrix-animation-transform" target="mixamorig_Spine1/matrix"/>
    </animation>
    <animation id="mixamorig_Spine2-anim" name="mixamorig_Spine2">
      <source id="mixamorig_Spine2-Matrix-animation-input">
        <float_array id="mixamorig_Spine2-Matrix-animation-input-array" count="21">

0.000000 0.033333 0.066667 0.100000 0.133333 0.166667 0.200000 0.233333 0.266667 0.300000 0.333333 0.366667 0.400000 0.433333 0.466667 0.500000
0.533333 0.566667 0.600000 0.633333 0.666667</float_array>
        <technique_common>
          <accessor source="#mixamorig_Spine2-Matrix-animation-input-array" count="21">
            <param name="TIME" type="float"/>
          </accessor>
        </technique_common>
      </source>
      <source id="mixamorig_Spine2-Matrix-animation-output-transform">
        <float_array id="mixamorig_Spine2-Matrix-animation-output-transform-array" count="336">

0.997739 -0.065436 0.015334 0.000000 0.067206 0.973679 -0.217789 13.700700 -0.000679 0.218328 0.975875 0.000000 0.000000 0.000000 0.000000 1.000000
0.997058 -0.072072 0.026110 -0.000000 0.076038 0.973042 -0.217733 13.700700 -0.009713 0.219078 0.975659 0.000000 0.000000 0.000000 0.000000 1.000000
0.996232 -0.078653 0.036544 0.000000 0.084845 0.971180 -0.222733 13.700700 -0.017972 0.224995 0.974194 0.000000 0.000000 0.000000 0.000000 1.000000
0.996283 -0.078718 0.034971 0.000000 0.084649 0.969883 -0.228389 13.700700 -0.015940 0.230500 0.972942 0.000000 0.000000 0.000000 0.000000 1.000000
0.996927 -0.074005 0.025690 -0.000000 0.078048 0.966471 -0.244628 13.700700 -0.006725 0.245881 0.969277 0.000000 0.000000 0.000000 0.000000 1.000000
0.996733 -0.078084 0.020635 0.000000 0.080758 0.966705 -0.242815 13.700700 -0.000988 0.243688 0.969853 0.000000 0.000000 0.000000 0.000000 1.000000
0.996819 -0.078492 0.013789 -0.000000 0.079627 0.973838 -0.212836 13.700700 0.003278 0.213257 0.976991 0.000000 0.000000 0.000000 0.000000 1.000000
0.997202 -0.074752 -0.000110 -0.000000 0.073449 0.980090 -0.184467 13.700700 0.013897 0.183943 0.982839 0.000000 0.000000 0.000000 0.000000 1.000000
0.997044 -0.076068 -0.010784 0.000000 0.073126 0.982652 -0.170431 13.700700 0.023561 0.169139 0.985311 -0.000000 0.000000 0.000000 0.000000 1.000000
0.996504 -0.082899 -0.010366 0.000000 0.080070 0.983088 -0.164700 13.700700 0.023844 0.163294 0.986289 0.000000 0.000000 0.000000 0.000000 1.000000
0.995682 -0.091631 -0.014867 -0.000000 0.087931 0.982304 -0.165370 13.700700 0.029757 0.163348 0.986120 0.000000 0.000000 0.000000 0.000000 1.000000
0.994947 -0.097502 -0.023942 0.000000 0.091823 0.980151 -0.175705 13.700700 0.040599 0.172618 0.984152 0.000000 0.000000 0.000000 0.000000 1.000000
0.994806 -0.096336 -0.032864 0.000000 0.087910 0.975909 -0.199683 13.700700 0.051308 0.195757 0.979309 0.000000 0.000000 0.000000 0.000000 1.000000
0.995031 -0.089085 -0.044467 -0.000000 0.076497 0.969874 -0.231284 13.700700 0.063732 0.226734 0.971869 0.000000 0.000000 0.000000 0.000000 1.000000
0.995426 -0.079585 -0.052843 0.000000 0.063420 0.964200 -0.257481 13.700700 0.071443 0.252952 0.964837 0.000000 0.000000 0.000000 0.000000 1.000000
0.995745 -0.077633 -0.049648 0.000000 0.061577 0.961374 -0.268269 13.700700 0.068557 0.264070 0.962064 0.000000 0.000000 0.000000 0.000000 1.000000
0.996024 -0.081862 -0.035136 0.000000 0.069784 0.962148 -0.263442 13.700700 0.055372 0.259943 0.964035 -0.000000 0.000000 0.000000 0.000000 1.000000
0.996181 -0.083498 -0.025522 -0.000000 0.074378 0.964650 -0.252819 13.700700 0.045730 0.249956 0.967177 0.000000 0.000000 0.000000 0.000000 1.000000
0.996756 -0.079026 -0.015218 -0.000000 0.072949 0.967062 -0.243864 13.700700 0.033988 0.241963 0.969690 -0.000000 0.000000 0.000000 0.000000 1.000000
0.997572 -0.069631 0.001052 0.000000 0.067935 0.969729 -0.234541 13.700700 0.015312 0.234043 0.972106 0.000000 0.000000 0.000000 0.000000 1.000000
0.997740 -0.065428 0.015331 -0.000000 0.067197 0.973686 -0.217760 13.700700 -0.000680 0.218298 0.975882 0.000000 0.000000 0.000000 0.000000 1.000000</float_array>
        <technique_common>
          <accessor source="#mixamorig_Spine2-Matrix-animation-output-transform-array" count="21" stride="16">
            <param type="float4x4"/>
          </accessor>
        </technique_common>
      </source>
      <source id="mixamorig_Spine2-Interpolations">
        <Name_array id="mixamorig_Spine2-Interpolations-array" count="21">
 LINEAR LINEAR LINEAR LINEAR LINEAR LINEAR LINEAR LINEAR LINEAR LINEAR LINEAR
LINEAR LINEAR LINEAR LINEAR LINEAR LINEAR LINEAR LINEAR LINEAR LINEAR</Name_array>
        <technique_common>
          <accessor source="#mixamorig_Spine2-Interpolations-array" count="21">
            <param type="name"/>
          </accessor>
        </technique_common>
      </source>
      <sampler id="mixamorig_Spine2-Matrix-animation-transform">
        <input semantic="INPUT" source="#mixamorig_Spine2-Matrix-animation-input"/>
        <input semantic="OUTPUT" source="#mixamorig_Spine2-Matrix-animation-output-transform"/>
        <input semantic="INTERPOLATION" source="#mixamorig_Spine2-Interpolations"/>
      </sampler>
      <channel source="#mixamorig_Spine2-Matrix-animation-transform" target="mixamorig_Spine2/matrix"/>
    </animation>
    <animation id="mixamorig_Neck-anim" name="mixamorig_Neck">
      <source id="mixamorig_Neck-Matrix-animation-input">
        <float_array id="mixamorig_Neck-Matrix-animation-input-array" count="21">

0.000000 0.033333 0.066667 0.100000 0.133333 0.166667 0.200000 0.233333 0.266667 0.300000 0.333333 0.366667 0.400000 0.433333 0.466667 0.500000
0.533333 0.566667 0.600000 0.633333 0.666667</float_array>
        <technique_common>
          <accessor source="#mixamorig_Neck-Matrix-animation-input-array" count="21">
            <param name="TIME" type="float"/>
          </accessor>
        </technique_common>
      </source>
      <source id="mixamorig_Neck-Matrix-animation-output-transform">
        <float_array id="mixamorig_Neck-Matrix-animation-output-transform-array" count="336">

0.994858 0.043444 -0.091485 0.000000 -0.028095 0.986255 0.162822 13.877500 0.097301 -0.159414 0.982405 -4.354200 0.000000 0.000000 0.000000 1.000000
0.993497 0.046322 -0.104006 0.000000 -0.029066 0.986414 0.161685 13.877500 0.110082 -0.157610 0.981346 -4.354200 0.000000 0.000000 0.000000 1.000000
0.992154 0.049789 -0.114677 -0.000000 -0.031526 0.987271 0.155892 13.877500 0.120979 -0.151054 0.981095 -4.354200 0.000000 0.000000 0.000000 1.000000
0.991310 0.053426 -0.120211 0.000000 -0.035406 0.988454 0.147328 13.877500 0.126694 -0.141792 0.981755 -4.354200 0.000000 0.000000 0.000000 1.000000
0.991346 0.056592 -0.118451 0.000000 -0.040204 0.989833 0.136434 13.877500 0.124967 -0.130491 0.983542 -4.354200 0.000000 0.000000 0.000000 1.000000
0.991952 0.059892 -0.111553 0.000000 -0.045530 0.990843 0.127112 13.877500 0.118145 -0.121010 0.985595 -4.354200 0.000000 0.000000 0.000000 1.000000
0.992636 0.063716 -0.103028 -0.000000 -0.050806 0.991055 0.123402 13.877500 0.109969 -0.117259 0.986994 -4.354200 0.000000 0.000000 0.000000 1.000000
0.993225 0.067682 -0.094459 0.000000 -0.055852 0.990871 0.122700 13.877500 0.101901 -0.116593 0.987938 -4.354200 0.000000 0.000000 0.000000 1.000000
0.993735 0.072422 -0.085124 0.000000 -0.061267 0.990003 0.127042 13.877500 0.093474 -0.121031 0.988238 -4.354200 0.000000 0.000000 0.000000 1.000000
0.993970 0.080119 -0.074869 -0.000000 -0.068977 0.987590 0.141098 13.877500 0.085245 -0.135083 0.987161 -4.354200 0.000000 0.000000 0.000000 1.000000
0.993990 0.088365 -0.064616 0.000000 -0.076954 0.983842 0.161658 13.877500 0.077857 -0.155714 0.984729 -4.354200 0.000000 0.000000 0.000000 1.000000
0.994111 0.092705 -0.056124 -0.000000 -0.081350 0.980534 0.178707 13.877500 0.071598 -0.173089 0.982300 -4.354200 0.000000 0.000000 0.000000 1.000000
0.994508 0.091590 -0.050641 -0.000000 -0.080959 0.979895 0.182351 13.877500 0.066324 -0.177250 0.981928 -4.354200 0.000000 0.000000 0.000000 1.000000
0.995088 0.086364 -0.048395 0.000000 -0.076895 0.982157 0.171624 13.877500 0.062354 -0.167060 0.983973 -4.354200 0.000000 0.000000 0.000000 1.000000
0.995758 0.077861 -0.049025 0.000000 -0.069251 0.985033 0.157840 13.877500 0.060581 -0.153776 0.986247 -4.354200 0.000000 0.000000 0.000000 1.000000
0.996174 0.070638 -0.051459 -0.000000 -0.062179 0.986628 0.150660 13.877500 0.061413 -0.146884 0.987245 -4.354200 0.000000 0.000000 0.000000 1.000000
0.996332 0.064758 -0.055928 -0.000000 -0.055753 0.987146 0.149781 13.877500 0.064909 -0.146113 0.987136 -4.354200 0.000000 0.000000 0.000000 1.000000
0.996351 0.057012 -0.063520 0.000000 -0.046789 0.987244 0.152185 13.877500 0.071386 -0.148658 0.986309 -4.354200 0.000000 0.000000 0.000000 1.000000
0.996124 0.049553 -0.072675 0.000000 -0.037735 0.987067 0.155801 13.877500 0.079455 -0.152455 0.985111 -4.354200 0.000000 0.000000 0.000000 1.000000
0.995654 0.044105 -0.082023 -0.000000 -0.030508 0.986614 0.160192 13.877500 0.087990 -0.156993 0.983672 -4.354200 0.000000 0.000000 0.000000 1.000000
0.994858 0.043436 -0.091489 0.000000 -0.028096 0.986271 0.162730 13.877500 0.097301 -0.159323 0.982420 -4.354200 0.000000 0.000000 0.000000 1.000000</float_array>
        <technique_common>
          <accessor source="#mixamorig_Neck-Matrix-animation-output-transform-array" count="21" stride="16">
            <param type="float4x4"/>
          </accessor>
        </technique_common>
      </source>
      <source id="mixamorig_Neck-Interpolations">
        <Name_array id="mixamorig_Neck-Interpolations-array" count="21">
 LINEAR LINEAR LINEAR LINEAR LINEAR LINEAR LINEAR LINEAR LINEAR LINEAR LINEAR
LINEAR LINEAR LINEAR LINEAR LINEAR LINEAR LINEAR LINEAR LINEAR LINEAR</Name_array>
        <technique_common>
          <accessor source="#mixamorig_Neck-Interpolations-array" count="21">
            <param type="name"/>
          </accessor>
        </technique_common>
      </source>
      <sampler id="mixamorig_Neck-Matrix-animation-transform">
        <input semantic="INPUT" source="#mixamorig_Neck-Matrix-animation-input"/>
        <input semantic="OUTPUT" source="#mixamorig_Neck-Matrix-animation-output-transform"/>
        <input semantic="INTERPOLATION" source="#mixamorig_Neck-Interpolations"/>
      </sampler>
      <channel source="#mixamorig_Neck-Matrix-animation-transform" target="mixamorig_Neck/matrix"/>
    </animation>
    <animation id="mixamorig_Neck1-anim" name="mixamorig_Neck1">
      <source id="mixamorig_Neck1-Matrix-animation-input">
        <float_array id="mixamorig_Neck1-Matrix-animation-input-array" count="21">

0.000000 0.033333 0.066667 0.100000 0.133333 0.166667 0.200000 0.233333 0.266667 0.300000 0.333333 0.366667 0.400000 0.433333 0.466667 0.500000
0.533333 0.566667 0.600000 0.633333 0.666667</float_array>
        <technique_common>
          <accessor source="#mixamorig_Neck1-Matrix-animation-input-array" count="21">
            <param name="TIME" type="float"/>
          </accessor>
        </technique_common>
      </source>
      <source id="mixamorig_Neck1-Matrix-animation-output-transform">
        <float_array id="mixamorig_Neck1-Matrix-animation-output-transform-array" count="336">

1.000000 -0.000000 0.000000 0.000000 -0.000000 1.000000 0.000000 4.340000 -0.000000 -0.000000 1.000000 0.926900 0.000000 0.000000 0.000000 1.000000
1.000000 -0.000000 -0.000000 0.000000 0.000000 1.000000 0.000000 4.340000 0.000000 0.000000 1.000000 0.926900 0.000000 0.000000 0.000000 1.000000
1.000000 -0.000000 0.000000 0.000000 0.000000 1.000000 -0.000000 4.340000 -0.000000 0.000000 1.000000 0.926900 0.000000 0.000000 0.000000 1.000000
1.000000 0.000000 0.000000 0.000000 0.000000 1.000000 0.000000 4.340000 0.000000 -0.000000 1.000000 0.926900 0.000000 0.000000 0.000000 1.000000
1.000000 0.000000 0.000000 -0.000000 -0.000000 1.000000 0.000000 4.340000 0.000000 0.000000 1.000000 0.926900 0.000000 0.000000 0.000000 1.000000
1.000000 -0.000000 0.000000 -0.000000 0.000000 1.000000 -0.000000 4.340000 -0.000000 0.000000 1.000000 0.926900 0.000000 0.000000 0.000000 1.000000
1.000000 0.000000 -0.000000 -0.000000 0.000000 1.000000 0.000000 4.340000 -0.000000 -0.000000 1.000000 0.926900 0.000000 0.000000 0.000000 1.000000
1.000000 0.000000 0.000000 0.000000 0.000000 1.000000 -0.000000 4.340000 0.000000 0.000000 1.000000 0.926900 0.000000 0.000000 0.000000 1.000000
1.000000 0.000000 -0.000000 0.000000 0.000000 1.000000 -0.000000 4.340000 -0.000000 0.000000 1.000000 0.926900 0.000000 0.000000 0.000000 1.000000
1.000000 0.000000 0.000000 0.000000 0.000000 1.000000 0.000000 4.340000 0.000000 -0.000000 1.000000 0.926900 0.000000 0.000000 0.000000 1.000000
1.000000 0.000000 0.000000 -0.000000 0.000000 1.000000 -0.000000 4.340000 0.000000 0.000000 1.000000 0.926900 0.000000 0.000000 0.000000 1.000000
1.000000 -0.000000 0.000000 0.000000 0.000000 1.000000 0.000000 4.340000 -0.000000 -0.000000 1.000000 0.926900 0.000000 0.000000 0.000000 1.000000
1.000000 0.000000 -0.000000 0.000000 0.000000 1.000000 -0.000000 4.340000 0.000000 0.000000 1.000000 0.926900 0.000000 0.000000 0.000000 1.000000
1.000000 0.000000 -0.000000 -0.000000 -0.000000 1.000000 0.000000 4.340000 0.000000 0.000000 1.000000 0.926900 0.000000 0.000000 0.000000 1.000000
1.000000 0.000000 0.000000 0.000000 0.000000 1.000000 -0.000000 4.340000 0.000000 -0.000000 1.000000 0.926900 0.000000 0.000000 0.000000 1.000000
1.000000 0.000000 0.000000 -0.000000 0.000000 1.000000 0.000000 4.340000 0.000000 0.000000 1.000000 0.926900 0.000000 0.000000 0.000000 1.000000
1.000000 0.000000 -0.000000 0.000000 0.000000 1.000000 0.000000 4.340000 -0.000000 -0.000000 1.000000 0.926900 0.000000 0.000000 0.000000 1.000000
1.000000 0.000000 0.000000 0.000000 0.000000 1.000000 0.000000 4.340000 -0.000000 0.000000 1.000000 0.926900 0.000000 0.000000 0.000000 1.000000
1.000000 0.000000 -0.000000 0.000000 -0.000000 1.000000 -0.000000 4.340000 -0.000000 -0.000000 1.000000 0.926900 0.000000 0.000000 0.000000 1.000000
1.000000 -0.000000 -0.000000 0.000000 -0.000000 1.000000 0.000000 4.340000 0.000000 0.000000 1.000000 0.926900 0.000000 0.000000 0.000000 1.000000
1.000000 -0.000000 0.000000 0.000000 0.000000 1.000000 -0.000000 4.340000 -0.000000 0.000000 1.000000 0.926900 0.000000 0.000000 0.000000 1.000000</float_array>
        <technique_common>
          <accessor source="#mixamorig_Neck1-Matrix-animation-output-transform-array" count="21" stride="16">
            <param type="float4x4"/>
          </accessor>
        </technique_common>
      </source>
      <source id="mixamorig_Neck1-Interpolations">
        <Name_array id="mixamorig_Neck1-Interpolations-array" count="21">
 LINEAR LINEAR LINEAR LINEAR LINEAR LINEAR LINEAR LINEAR LINEAR LINEAR LINEAR
LINEAR LINEAR LINEAR LINEAR LINEAR LINEAR LINEAR LINEAR LINEAR LINEAR</Name_array>
        <technique_common>
          <accessor source="#mixamorig_Neck1-Interpolations-array" count="21">
            <param type="name"/>
          </accessor>
        </technique_common>
      </source>
      <sampler id="mixamorig_Neck1-Matrix-animation-transform">
        <input semantic="INPUT" source="#mixamorig_Neck1-Matrix-animation-input"/>
        <input semantic="OUTPUT" source="#mixamorig_Neck1-Matrix-animation-output-transform"/>
        <input semantic="INTERPOLATION" source="#mixamorig_Neck1-Interpolations"/>
      </sampler>
      <channel source="#mixamorig_Neck1-Matrix-animation-transform" target="mixamorig_Neck1/matrix"/>
    </animation>
    <animation id="mixamorig_Head-anim" name="mixamorig_Head">
      <source id="mixamorig_Head-Matrix-animation-input">
        <float_array id="mixamorig_Head-Matrix-animation-input-array" count="21">

0.000000 0.033333 0.066667 0.100000 0.133333 0.166667 0.200000 0.233333 0.266667 0.300000 0.333333 0.366667 0.400000 0.433333 0.466667 0.500000
0.533333 0.566667 0.600000 0.633333 0.666667</float_array>
        <technique_common>
          <accessor source="#mixamorig_Head-Matrix-animation-input-array" count="21">
            <param name="TIME" type="float"/>
          </accessor>
        </technique_common>
      </source>
      <source id="mixamorig_Head-Matrix-animation-output-transform">
        <float_array id="mixamorig_Head-Matrix-animation-output-transform-array" count="336">

0.883762 0.083508 -0.460425 0.000000 0.263386 0.724507 0.636960 4.026600 0.386772 -0.684190 0.618297 0.858500 0.000000 0.000000 0.000000 1.000000
0.864440 0.090712 -0.494485 -0.000000 0.275061 0.737972 0.616230 4.026600 0.420815 -0.668707 0.612981 0.858500 0.000000 0.000000 0.000000 1.000000
0.841643 0.099927 -0.530709 0.000000 0.287434 0.749076 0.596881 4.026600 0.457186 -0.654904 0.601732 0.858500 0.000000 0.000000 0.000000 1.000000
0.819846 0.114298 -0.561060 -0.000000 0.294626 0.755989 0.584531 4.026600 0.490966 -0.644528 0.586120 0.858500 0.000000 0.000000 0.000000 1.000000
0.804801 0.131946 -0.578693 0.000000 0.294178 0.758130 0.581978 4.026600 0.515514 -0.638615 0.571328 0.858500 0.000000 0.000000 0.000000 1.000000
0.801993 0.147795 -0.578761 -0.000000 0.284218 0.757783 0.587354 4.026600 0.525383 -0.635548 0.565731 0.858500 0.000000 0.000000 0.000000 1.000000
0.811204 0.161399 -0.562048 0.000000 0.267228 0.752605 0.601810 4.026600 0.520132 -0.638386 0.567386 0.858500 0.000000 0.000000 0.000000 1.000000
0.825099 0.173799 -0.537593 0.000000 0.248022 0.743506 0.621034 4.026600 0.507639 -0.645750 0.570360 0.858500 0.000000 0.000000 0.000000 1.000000
0.839998 0.182552 -0.510959 -0.000000 0.230295 0.732720 0.640379 4.026600 0.491292 -0.655588 0.573443 0.858500 0.000000 0.000000 0.000000 1.000000
0.853496 0.181583 -0.488438 0.000000 0.219285 0.725136 0.652757 4.026600 0.472714 -0.664233 0.579083 0.858500 0.000000 0.000000 0.000000 1.000000
0.865224 0.171080 -0.471295 0.000000 0.215108 0.722420 0.657144 4.026600 0.452897 -0.669956 0.588255 0.858500 0.000000 0.000000 0.000000 1.000000
0.876094 0.158455 -0.455359 0.000000 0.211619 0.722242 0.658471 4.026600 0.433218 -0.673245 0.599219 0.858500 0.000000 0.000000 0.000000 1.000000
0.887647 0.147612 -0.436226 0.000000 0.204907 0.721712 0.661169 4.026600 0.412426 -0.676271 0.610379 0.858500 0.000000 0.000000 0.000000 1.000000
0.900870 0.131967 -0.413543 -0.000000 0.196799 0.724976 0.660060 4.026600 0.386915 -0.676014 0.627138 0.858500 0.000000 0.000000 0.000000 1.000000
0.914479 0.125763 -0.384594 0.000000 0.179984 0.724843 0.664987 4.026600 0.362401 -0.677338 0.640218 0.858500 0.000000 0.000000 0.000000 1.000000
0.925038 0.134379 -0.355311 0.000000 0.159168 0.712166 0.683729 4.026600 0.344920 -0.689030 0.637392 0.858500 0.000000 0.000000 0.000000 1.000000
0.931168 0.136149 -0.338216 -0.000000 0.151377 0.699547 0.698369 4.026600 0.331680 -0.701497 0.630786 0.858500 0.000000 0.000000 0.000000 1.000000
0.931961 0.124509 -0.340508 0.000000 0.161303 0.698718 0.696975 4.026600 0.324699 -0.704479 0.631095 0.858500 0.000000 0.000000 0.000000 1.000000
0.925281 0.111240 -0.362604 -0.000000 0.184942 0.702343 0.687394 4.026600 0.331138 -0.703093 0.629292 0.858500 0.000000 0.000000 0.000000 1.000000
0.907940 0.091661 -0.408954 0.000000 0.229827 0.707089 0.668734 4.026600 0.350464 -0.701159 0.620928 0.858500 0.000000 0.000000 0.000000 1.000000
0.883754 0.083488 -0.460444 -0.000000 0.263405 0.724520 0.636937 4.026600 0.386778 -0.684179 0.618306 0.858500 0.000000 0.000000 0.000000 1.000000</float_array>
        <technique_common>
          <accessor source="#mixamorig_Head-Matrix-animation-output-transform-array" count="21" stride="16">
            <param type="float4x4"/>
          </accessor>
        </technique_common>
      </source>
      <source id="mixamorig_Head-Interpolations">
        <Name_array id="mixamorig_Head-Interpolations-array" count="21">
 LINEAR LINEAR LINEAR LINEAR LINEAR LINEAR LINEAR LINEAR LINEAR LINEAR LINEAR
LINEAR LINEAR LINEAR LINEAR LINEAR LINEAR LINEAR LINEAR LINEAR LINEAR</Name_array>
        <technique_common>
          <accessor source="#mixamorig_Head-Interpolations-array" count="21">
            <param type="name"/>
          </accessor>
        </technique_common>
      </source>
      <sampler id="mixamorig_Head-Matrix-animation-transform">
        <input semantic="INPUT" source="#mixamorig_Head-Matrix-animation-input"/>
        <input semantic="OUTPUT" source="#mixamorig_Head-Matrix-animation-output-transform"/>
        <input semantic="INTERPOLATION" source="#mixamorig_Head-Interpolations"/>
      </sampler>
      <channel source="#mixamorig_Head-Matrix-animation-transform" target="mixamorig_Head/matrix"/>
    </animation>
    <animation id="mixamorig_LeftShoulder-anim" name="mixamorig_LeftShoulder">
      <source id="mixamorig_LeftShoulder-Matrix-animation-input">
        <float_array id="mixamorig_LeftShoulder-Matrix-animation-input-array" count="21">

0.000000 0.033333 0.066667 0.100000 0.133333 0.166667 0.200000 0.233333 0.266667 0.300000 0.333333 0.366667 0.400000 0.433333 0.466667 0.500000
0.533333 0.566667 0.600000 0.633333 0.666667</float_array>
        <technique_common>
          <accessor source="#mixamorig_LeftShoulder-Matrix-animation-input-array" count="21">
            <param name="TIME" type="float"/>
          </accessor>
        </technique_common>
      </source>
      <source id="mixamorig_LeftShoulder-Matrix-animation-output-transform">
        <float_array id="mixamorig_LeftShoulder-Matrix-animation-output-transform-array" count="336">

0.148435 0.978197 -0.145251 6.148300 0.016954 -0.149374 -0.988635 10.174000 -0.988777 0.144286 -0.038757 -5.564600 0.000000 0.000000 0.000000 1.000000
0.151263 0.976855 -0.151239 6.148300 0.016884 -0.155530 -0.987687 10.174000 -0.988349 0.146847 -0.040019 -5.564600 0.000000 0.000000 0.000000 1.000000
0.157936 0.973372 -0.166143 6.148300 0.016580 -0.170846 -0.985158 10.174000 -0.987310 0.152838 -0.043122 -5.564600 0.000000 0.000000 0.000000 1.000000
0.165729 0.968588 -0.185392 6.148300 0.015945 -0.190599 -0.981538 10.174000 -0.986042 0.159713 -0.047032 -5.564600 0.000000 0.000000 0.000000 1.000000
0.171853 0.963651 -0.204557 6.148300 0.015137 -0.210204 -0.977540 10.174000 -0.985006 0.164896 -0.050711 -5.564600 0.000000 0.000000 0.000000 1.000000
0.172351 0.959633 -0.222262 6.148300 0.013971 -0.227997 -0.973562 10.174000 -0.984936 0.164690 -0.052703 -5.564600 0.000000 0.000000 0.000000 1.000000
0.168599 0.959036 -0.227651 6.148300 0.013962 -0.233258 -0.972315 10.174000 -0.985586 0.160753 -0.052717 -5.564600 0.000000 0.000000 0.000000 1.000000
0.162944 0.960801 -0.224301 6.148300 0.015055 -0.229734 -0.973137 10.174000 -0.986520 0.155190 -0.051899 -5.564600 0.000000 0.000000 0.000000 1.000000
0.156478 0.963233 -0.218396 6.148300 0.016084 -0.223575 -0.974554 10.174000 -0.987550 0.148984 -0.050477 -5.564600 0.000000 0.000000 0.000000 1.000000
0.150147 0.965861 -0.211111 6.148300 0.016939 -0.216014 -0.976243 10.174000 -0.988519 0.143004 -0.048795 -5.564600 0.000000 0.000000 0.000000 1.000000
0.144889 0.968263 -0.203650 6.148300 0.017576 -0.208308 -0.977905 10.174000 -0.989292 0.138109 -0.047200 -5.564600 0.000000 0.000000 0.000000 1.000000
0.145432 0.969553 -0.197020 6.148300 0.017637 -0.201646 -0.979300 10.174000 -0.989211 0.138946 -0.046426 -5.564600 0.000000 0.000000 0.000000 1.000000
0.162866 0.967815 -0.191856 6.148300 0.016286 -0.197063 -0.980256 10.174000 -0.986514 0.156525 -0.047857 -5.564600 0.000000 0.000000 0.000000 1.000000
0.186112 0.963774 -0.191055 6.148300 0.016241 -0.197444 -0.980180 10.174000 -0.982394 0.179320 -0.052400 -5.564600 0.000000 0.000000 0.000000 1.000000
0.203662 0.959010 -0.197032 6.148300 0.016935 -0.204671 -0.978684 10.174000 -0.978895 0.195984 -0.057925 -5.564600 0.000000 0.000000 0.000000 1.000000
0.199524 0.959225 -0.200192 6.148300 0.016833 -0.207625 -0.978064 10.174000 -0.979748 0.191777 -0.057573 -5.564600 0.000000 0.000000 0.000000 1.000000
0.182418 0.964049 -0.193217 6.148300 0.016339 -0.199460 -0.979770 10.174000 -0.983085 0.175571 -0.052136 -5.564600 0.000000 0.000000 0.000000 1.000000
0.169592 0.969045 -0.179419 6.148300 0.016450 -0.184815 -0.982636 10.174000 -0.985377 0.163696 -0.047284 -5.564600 0.000000 0.000000 0.000000 1.000000
