<?xml version="1.0" encoding="utf-8"?>
<COLLADA xmlns="http://www.collada.org/2005/11/COLLADASchema" version="1.4.1">
  <asset>
    <contributor>
      <author>Mixamo</author>
      <authoring_tool>COLLADA Mixamo exporter</authoring_tool>
      <comments/>
    </contributor>
    <created>2024-11-02T01:51:25Z</created>
    <modified>2024-11-02T01:51:25Z</modified>
    <revision/>
    <title/>
    <unit meter="0.010000"/>
    <up_axis>Y_UP</up_axis>
  </asset>
  <library_animations>
    <animation id="mixamorig_Hips-anim" name="mixamorig_Hips">
      <source id="mixamorig_Hips-Matrix-animation-input">
        <float_array id="mixamorig_Hips-Matrix-animation-input-array" count="44">

0.000000 0.033333 0.066667 0.100000 0.133333 0.166667 0.200000 0.233333 0.266667 0.300000 0.333333 0.366667 0.400000 0.433333 0.466667 0.500000
0.533333 0.566667 0.600000 0.633333 0.666667 0.700000 0.733333 0.766667 0.800000 0.833333 0.866667 0.900000 0.933333 0.966667 1.000000 1.033333
1.066667 1.100000 1.133333 1.166667 1.200000 1.233333 1.266667 1.300000 1.333333 1.366667 1.400000 1.433333</float_array>
        <technique_common>
          <accessor source="#mixamorig_Hips-Matrix-animation-input-array" count="44">
            <param name="TIME" type="float"/>
          </accessor>
        </technique_common>
      </source>
      <source id="mixamorig_Hips-Matrix-animation-output-transform">
        <float_array id="mixamorig_Hips-Matrix-animation-output-transform-array" count="704">

0.691725 -0.000785 0.722160 -0.048145 -0.066815 0.995641 0.065082 82.199883 -0.719063 -0.093270 0.688657 -0.047920 0.000000 0.000000 0.000000 1.000000
0.727920 -0.011798 0.685560 1.043317 -0.090088 0.989539 0.112684 82.627945 -0.679718 -0.143786 0.719242 0.470669 0.000000 0.000000 0.000000 1.000000
0.801359 -0.023872 0.597707 3.492342 -0.125156 0.970397 0.206557 83.920486 -0.584944 -0.240333 0.774649 2.726648 0.000000 0.000000 0.000000 1.000000
0.872362 -0.010506 0.488748 6.768301 -0.170998 0.930054 0.325206 86.171799 -0.457979 -0.367272 0.809547 6.515420 0.000000 0.000000 0.000000 1.000000
0.888538 0.008559 0.458724 8.847625 -0.215762 0.890163 0.401318 88.238655 -0.404904 -0.455561 0.792790 9.301134 0.000000 0.000000 0.000000 1.000000
0.860330 0.006209 0.509699 9.190307 -0.256642 0.869220 0.422601 89.159676 -0.440417 -0.494387 0.749410 9.872916 0.000000 0.000000 0.000000 1.000000
0.827203 0.007227 0.561857 9.052412 -0.297416 0.853995 0.426891 89.185295 -0.476738 -0.520231 0.708577 9.524347 0.000000 0.000000 0.000000 1.000000
0.804788 0.020340 0.593214 8.985074 -0.336378 0.839063 0.427579 88.740074 -0.489047 -0.543655 0.682109 9.134147 0.000000 0.000000 0.000000 1.000000
0.780247 0.033852 0.624554 8.593240 -0.370115 0.829937 0.417396 87.766075 -0.504211 -0.556830 0.660085 8.444677 0.000000 0.000000 0.000000 1.000000
0.747409 0.044560 0.662869 7.692023 -0.401224 0.825524 0.396901 86.566338 -0.529528 -0.562606 0.634882 7.440549 0.000000 0.000000 0.000000 1.000000
0.711736 0.060456 0.699840 6.397635 -0.429243 0.826072 0.365179 85.403488 -0.556042 -0.560312 0.613896 6.297472 0.000000 0.000000 0.000000 1.000000
0.672253 0.084460 0.735488 4.806969 -0.452805 0.832886 0.318229 84.348984 -0.585700 -0.546962 0.598154 5.049213 0.000000 0.000000 0.000000 1.000000
0.627439 0.109411 0.770941 2.965451 -0.469568 0.842961 0.262531 83.364235 -0.621150 -0.526731 0.580282 3.738307 0.000000 0.000000 0.000000 1.000000
0.580157 0.130459 0.803989 1.005362 -0.477203 0.854376 0.205714 82.482544 -0.660072 -0.503013 0.557928 2.417629 0.000000 0.000000 0.000000 1.000000
0.536521 0.154435 0.829636 -0.815692 -0.473630 0.868777 0.144572 81.800781 -0.698441 -0.470506 0.539262 1.065520 0.000000 0.000000 0.000000 1.000000
0.505881 0.185942 0.842324 -2.314355 -0.457914 0.885430 0.079556 81.342125 -0.731026 -0.425958 0.533067 -0.356806 0.000000 0.000000 0.000000 1.000000
0.492951 0.214177 0.843284 -3.524559 -0.432150 0.901491 0.023658 81.018127 -0.755146 -0.376088 0.536948 -1.873117 0.000000 0.000000 0.000000 1.000000
0.492112 0.228555 0.839993 -4.552438 -0.398058 0.917214 -0.016363 80.721558 -0.774194 -0.326314 0.542350 -3.537031 0.000000 0.000000 0.000000 1.000000
0.497991 0.234668 0.834827 -5.428560 -0.354825 0.933554 -0.050760 80.426476 -0.791268 -0.270939 0.548167 -5.390179 0.000000 0.000000 0.000000 1.000000
0.510125 0.242428 0.825228 -6.162114 -0.304603 0.948193 -0.090258 80.201561 -0.804357 -0.205325 0.557541 -7.323030 0.000000 0.000000 0.000000 1.000000
0.522829 0.248769 0.815330 -6.764211 -0.251821 0.958856 -0.131081 80.104324 -0.814393 -0.136784 0.563963 -9.042585 0.000000 0.000000 0.000000 1.000000
0.525505 0.243572 0.815179 -7.180240 -0.196198 0.967013 -0.162460 80.075508 -0.827859 -0.074563 0.555958 -10.272557 0.000000 0.000000 0.000000 1.000000
0.516001 0.226195 0.826183 -7.376523 -0.136996 0.973882 -0.181071 80.054626 -0.845562 -0.019751 0.533512 -10.969172 0.000000 0.000000 0.000000 1.000000
0.502215 0.205312 0.840016 -7.459827 -0.081883 0.978332 -0.190164 80.136215 -0.860857 0.026720 0.508145 -11.238792 0.000000 0.000000 0.000000 1.000000
0.489985 0.184380 0.852009 -7.520688 -0.039807 0.981089 -0.189421 80.399147 -0.870821 0.058897 0.488059 -11.121442 0.000000 0.000000 0.000000 1.000000
0.475879 0.159281 0.864968 -7.460039 -0.009453 0.984334 -0.176062 80.752411 -0.879460 0.075608 0.469929 -10.644355 0.000000 0.000000 0.000000 1.000000
0.458245 0.130886 0.879136 -7.146599 0.013957 0.987917 -0.154356 81.038040 -0.888716 0.083003 0.450881 -9.954106 0.000000 0.000000 0.000000 1.000000
0.444062 0.105732 0.889736 -6.609247 0.028280 0.990864 -0.131864 81.220482 -0.895550 0.083718 0.437015 -9.186950 0.000000 0.000000 0.000000 1.000000
0.442763 0.084153 0.892681 -5.934222 0.029496 0.993680 -0.108304 81.369408 -0.896153 0.074284 0.437483 -8.331492 0.000000 0.000000 0.000000 1.000000
0.458213 0.061070 0.886742 -5.123522 0.019274 0.996720 -0.078604 81.575203 -0.888633 0.053109 0.455533 -7.341835 0.000000 0.000000 0.000000 1.000000
0.486939 0.037027 0.872651 -4.174644 0.002926 0.999026 -0.044022 81.885406 -0.873431 0.023990 0.486356 -6.252035 0.000000 0.000000 0.000000 1.000000
0.520258 0.016882 0.853842 -3.178611 -0.014693 0.999834 -0.010816 82.273148 -0.853883 -0.006918 0.520419 -5.111686 0.000000 0.000000 0.000000 1.000000
0.549566 0.002539 0.835446 -2.293029 -0.030283 0.999399 0.016884 82.653946 -0.834901 -0.034579 0.549313 -3.991167 0.000000 0.000000 0.000000 1.000000
0.571584 -0.005519 0.820525 -1.666636 -0.041920 0.998475 0.035917 82.922295 -0.819472 -0.054926 0.570481 -3.073258 0.000000 0.000000 0.000000 1.000000
0.589218 -0.008837 0.807925 -1.248823 -0.050482 0.997584 0.047728 83.082283 -0.806395 -0.068908 0.587349 -2.377339 0.000000 0.000000 0.000000 1.000000
0.605419 -0.010219 0.795842 -0.908268 -0.057753 0.996718 0.056733 83.200233 -0.793809 -0.080310 0.602841 -1.769104 0.000000 0.000000 0.000000 1.000000
0.620273 -0.010392 0.784317 -0.629413 -0.063804 0.995930 0.063655 83.275925 -0.781786 -0.089526 0.617086 -1.235390 0.000000 0.000000 0.000000 1.000000
0.633821 -0.009639 0.773420 -0.411383 -0.068467 0.995298 0.068514 83.298271 -0.770443 -0.096379 0.630181 -0.790640 0.000000 0.000000 0.000000 1.000000
0.646603 -0.008652 0.762778 -0.225529 -0.072027 0.994776 0.072340 83.278946 -0.759419 -0.101716 0.642601 -0.408553 0.000000 0.000000 0.000000 1.000000
0.658510 -0.007698 0.752533 -0.077168 -0.073994 0.994440 0.074921 83.193947 -0.748926 -0.105019 0.654279 -0.117547 0.000000 0.000000 0.000000 1.000000
0.668258 -0.006111 0.743905 -0.032915 -0.072928 0.994612 0.073683 82.970291 -0.740347 -0.103491 0.664211 -0.032572 0.000000 0.000000 0.000000 1.000000
0.676365 -0.004031 0.736556 -0.055594 -0.070292 0.995068 0.069993 82.674591 -0.733205 -0.099115 0.672745 -0.069975 0.000000 0.000000 0.000000 1.000000
0.684337 -0.002309 0.729162 -0.056414 -0.068423 0.995379 0.067369 82.422585 -0.725948 -0.095995 0.681017 -0.066836 0.000000 0.000000 0.000000 1.000000
0.691725 -0.000785 0.722160 -0.048149 -0.066815 0.995641 0.065082 82.199898 -0.719063 -0.093270 0.688657 -0.047915 0.000000 0.000000 0.000000 1.000000</float_array>
        <technique_common>
          <accessor source="#mixamorig_Hips-Matrix-animation-output-transform-array" count="44" stride="16">
            <param type="float4x4"/>
          </accessor>
        </technique_common>
      </source>
      <source id="mixamorig_Hips-Interpolations">
        <Name_array id="mixamorig_Hips-Interpolations-array" count="44">
 LINEAR LINEAR LINEAR LINEAR LINEAR LINEAR LINEAR LINEAR LINEAR LINEAR LINEAR
LINEAR LINEAR LINEAR LINEAR LINEAR LINEAR LINEAR LINEAR LINEAR LINEAR LINEAR LINEAR
LINEAR LINEAR LINEAR LINEAR LINEAR LINEAR LINEAR LINEAR LINEAR LINEAR LINEAR LINEAR
LINEAR LINEAR LINEAR LINEAR LINEAR LINEAR LINEAR LINEAR LINEAR</Name_array>
        <technique_common>
          <accessor source="#mixamorig_Hips-Interpolations-array" count="44">
            <param type="name"/>
          </accessor>
        </technique_common>
      </source>
      <sampler id="mixamorig_Hips-Matrix-animation-transform">
        <input semantic="INPUT" source="#mixamorig_Hips-Matrix-animation-input"/>
        <input semantic="OUTPUT" source="#mixamorig_Hips-Matrix-animation-output-transform"/>
        <input semantic="INTERPOLATION" source="#mixamorig_Hips-Interpolations"/>
      </sampler>
      <channel source="#mixamorig_Hips-Matrix-animation-transform" target="mixamorig_Hips/matrix"/>
    </animation>
    <animation id="mixamorig_Spine-anim" name="mixamorig_Spine">
      <source id="mixamorig_Spine-Matrix-animation-input">
        <float_array id="mixamorig_Spine-Matrix-animation-input-array" count="44">

0.000000 0.033333 0.066667 0.100000 0.133333 0.166667 0.200000 0.233333 0.266667 0.300000 0.333333 0.366667 0.400000 0.433333 0.466667 0.500000
0.533333 0.566667 0.600000 0.633333 0.666667 0.700000 0.733333 0.766667 0.800000 0.833333 0.866667 0.900000 0.933333 0.966667 1.000000 1.033333
1.066667 1.100000 1.133333 1.166667 1.200000 1.233333 1.266667 1.300000 1.333333 1.366667 1.400000 1.433333</float_array>
        <technique_common>
          <accessor source="#mixamorig_Spine-Matrix-animation-input-array" count="44">
            <param name="TIME" type="float"/>
          </accessor>
        </technique_common>
      </source>
      <source id="mixamorig_Spine-Matrix-animation-output-transform">
        <float_array id="mixamorig_Spine-Matrix-animation-output-transform-array" count="704">

0.991709 -0.029752 -0.125012 0.000000 0.010325 0.988132 -0.153258 9.226300 0.128088 0.150697 0.980247 1.577100 0.000000 0.000000 0.000000 1.000000
0.994763 -0.019963 -0.100238 -0.000000 0.006318 0.990875 -0.134639 9.226300 0.102011 0.133301 0.985812 1.577100 0.000000 0.000000 0.000000 1.000000
0.995347 -0.004789 -0.096240 0.000000 -0.002941 0.996790 -0.080010 9.226300 0.096314 0.079921 0.992137 1.577100 0.000000 0.000000 0.000000 1.000000
0.992081 0.007884 -0.125348 0.000000 -0.007134 0.999954 0.006433 9.226300 0.125393 -0.005488 0.992092 1.577100 0.000000 0.000000 0.000000 1.000000
0.987763 0.014584 -0.155279 -0.000000 -0.003191 0.997300 0.073367 9.226300 0.155930 -0.071974 0.985142 1.577100 0.000000 0.000000 0.000000 1.000000
0.987813 0.025845 -0.153486 0.000000 -0.010891 0.995178 0.097481 9.226300 0.155265 -0.094621 0.983331 1.577100 0.000000 0.000000 0.000000 1.000000
0.990197 0.047474 -0.131362 -0.000000 -0.033755 0.993925 0.104755 9.226300 0.135537 -0.099294 0.985784 1.577100 0.000000 0.000000 0.000000 1.000000
0.990552 0.073304 -0.115901 -0.000000 -0.060417 0.991978 0.111042 9.226300 0.123111 -0.102991 0.987034 1.577100 0.000000 0.000000 0.000000 1.000000
0.988345 0.097998 -0.116490 -0.000000 -0.085730 0.990660 0.106037 9.226300 0.125794 -0.094814 0.987515 1.577100 0.000000 0.000000 0.000000 1.000000
0.985171 0.121374 -0.121268 0.000000 -0.111537 0.990129 0.084879 9.226300 0.130373 -0.070095 0.988984 1.577100 0.000000 0.000000 0.000000 1.000000
0.982177 0.142717 -0.122314 0.000000 -0.136751 0.989027 0.055898 9.226300 0.128950 -0.038175 0.990916 1.577100 0.000000 0.000000 0.000000 1.000000
0.979608 0.160615 -0.120708 0.000000 -0.158554 0.986993 0.026550 9.226300 0.123402 -0.006870 0.992333 1.577100 0.000000 0.000000 0.000000 1.000000
0.977207 0.174087 -0.121494 0.000000 -0.176244 0.984321 -0.007154 9.226300 0.118344 0.028403 0.992566 1.577100 0.000000 0.000000 0.000000 1.000000
0.975207 0.182136 -0.125690 0.000000 -0.189271 0.980786 -0.047275 9.226300 0.114664 0.069892 0.990943 1.577100 0.000000 0.000000 0.000000 1.000000
0.974050 0.185810 -0.129231 -0.000000 -0.197297 0.976863 -0.082535 9.226300 0.110905 0.105890 0.988174 1.577100 0.000000 0.000000 0.000000 1.000000
0.974071 0.187042 -0.127282 0.000000 -0.200836 0.973892 -0.105826 9.226300 0.104165 0.128645 0.986205 1.577100 0.000000 0.000000 0.000000 1.000000
0.975557 0.184621 -0.119174 0.000000 -0.199520 0.971456 -0.128316 9.226300 0.092083 0.148958 0.984547 1.577100 0.000000 0.000000 0.000000 1.000000
0.978253 0.176460 -0.109005 -0.000000 -0.192564 0.967955 -0.161191 9.226300 0.077068 0.178676 0.980885 1.577100 0.000000 0.000000 0.000000 1.000000
0.981453 0.163814 -0.099571 -0.000000 -0.180880 0.963377 -0.197956 9.226300 0.063496 0.212295 0.975140 1.577100 0.000000 0.000000 0.000000 1.000000
0.984926 0.148261 -0.089108 0.000000 -0.165005 0.959870 -0.226765 9.226300 0.051911 0.238050 0.969865 1.577100 0.000000 0.000000 0.000000 1.000000
0.988847 0.128087 -0.075998 -0.000000 -0.143102 0.958529 -0.246463 9.226300 0.041278 0.254590 0.966168 1.577100 0.000000 0.000000 0.000000 1.000000
0.992957 0.101883 -0.060461 0.000000 -0.114233 0.958655 -0.260636 9.226300 0.031407 0.265707 0.963542 1.577100 0.000000 0.000000 0.000000 1.000000
0.996502 0.072645 -0.041302 0.000000 -0.081086 0.960070 -0.267751 9.226300 0.020202 0.270163 0.962603 1.577100 0.000000 0.000000 0.000000 1.000000
0.998792 0.045148 -0.019417 -0.000000 -0.048691 0.962659 -0.266302 9.226300 0.006669 0.266925 0.963694 1.577100 0.000000 0.000000 0.000000 1.000000
0.999769 0.021212 -0.003394 0.000000 -0.021364 0.965214 -0.260587 9.226300 -0.002251 0.260599 0.965444 1.577100 0.000000 0.000000 0.000000 1.000000
0.999999 -0.000629 -0.001121 0.000000 0.000325 0.967445 -0.253080 9.226300 0.001243 0.253079 0.967445 1.577100 0.000000 0.000000 0.000000 1.000000
0.999708 -0.021585 -0.010882 0.000000 0.018347 0.970637 -0.239846 9.226300 0.015739 0.239577 0.970750 1.577100 0.000000 0.000000 0.000000 1.000000
0.998861 -0.040283 -0.025559 0.000000 0.033713 0.975075 -0.219301 9.226300 0.033756 0.218189 0.975322 1.577100 0.000000 0.000000 0.000000 1.000000
0.997722 -0.053801 -0.040687 0.000000 0.044720 0.979153 -0.198139 9.226300 0.050499 0.195869 0.979329 1.577100 0.000000 0.000000 0.000000 1.000000
0.996712 -0.061052 -0.053277 -0.000000 0.050340 0.981771 -0.183280 9.226300 0.063496 0.179995 0.981616 1.577100 0.000000 0.000000 0.000000 1.000000
0.996157 -0.063859 -0.059943 -0.000000 0.052595 0.983409 -0.173610 9.226300 0.070035 0.169790 0.982988 1.577100 0.000000 0.000000 0.000000 1.000000
0.996072 -0.063863 -0.061342 -0.000000 0.053029 0.984972 -0.164370 9.226300 0.070917 0.160472 0.984490 1.577100 0.000000 0.000000 0.000000 1.000000
0.996152 -0.061336 -0.062600 0.000000 0.050980 0.986538 -0.155380 9.226300 0.071288 0.151591 0.985869 1.577100 0.000000 0.000000 0.000000 1.000000
0.996143 -0.057330 -0.066419 0.000000 0.046858 0.987620 -0.149703 9.226300 0.074179 0.146013 0.986498 1.577100 0.000000 0.000000 0.000000 1.000000
0.996032 -0.053073 -0.071443 0.000000 0.042122 0.988255 -0.146892 9.226300 0.078400 0.143300 0.986569 1.577100 0.000000 0.000000 0.000000 1.000000
0.995857 -0.048750 -0.076757 0.000000 0.037226 0.988732 -0.144996 9.226300 0.082960 0.141538 0.986451 1.577100 0.000000 0.000000 0.000000 1.000000
0.995603 -0.044469 -0.082445 0.000000 0.032264 0.989071 -0.143866 9.226300 0.087941 0.140573 0.986157 1.577100 0.000000 0.000000 0.000000 1.000000
0.995261 -0.040480 -0.088414 0.000000 0.027487 0.989267 -0.143513 9.226300 0.093274 0.140403 0.985691 1.577100 0.000000 0.000000 0.000000 1.000000
0.994843 -0.036889 -0.094478 0.000000 0.023054 0.989375 -0.143549 9.226300 0.098769 0.140631 0.985123 1.577100 0.000000 0.000000 0.000000 1.000000
0.994341 -0.034054 -0.100634 -0.000000 0.019301 0.989376 -0.144092 9.226300 0.104471 0.141335 0.984434 1.577100 0.000000 0.000000 0.000000 1.000000
0.993704 -0.032636 -0.107174 -0.000000 0.016728 0.989128 -0.146100 9.226300 0.110777 0.143387 0.983447 1.577100 0.000000 0.000000 0.000000 1.000000
0.993033 -0.031614 -0.113514 -0.000000 0.014455 0.988744 -0.148915 9.226300 0.116944 0.146236 0.982313 1.577100 0.000000 0.000000 0.000000 1.000000
0.992363 -0.030648 -0.119485 0.000000 0.012324 0.988430 -0.151179 9.226300 0.122736 0.148552 0.981258 1.577100 0.000000 0.000000 0.000000 1.000000
0.991709 -0.029752 -0.125012 0.000000 0.010325 0.988132 -0.153258 9.226300 0.128089 0.150697 0.980247 1.577100 0.000000 0.000000 0.000000 1.000000</float_array>
        <technique_common>
          <accessor source="#mixamorig_Spine-Matrix-animation-output-transform-array" count="44" stride="16">
            <param type="float4x4"/>
          </accessor>
        </technique_common>
      </source>
      <source id="mixamorig_Spine-Interpolations">
        <Name_array id="mixamorig_Spine-Interpolations-array" count="44">
 LINEAR LINEAR LINEAR LINEAR LINEAR LINEAR LINEAR LINEAR LINEAR LINEAR LINEAR
LINEAR LINEAR LINEAR LINEAR LINEAR LINEAR LINEAR LINEAR LINEAR LINEAR LINEAR LINEAR
LINEAR LINEAR LINEAR LINEAR LINEAR LINEAR LINEAR LINEAR LINEAR LINEAR LINEAR LINEAR
LINEAR LINEAR LINEAR LINEAR LINEAR LINEAR LINEAR LINEAR LINEAR</Name_array>
        <technique_common>
          <accessor source="#mixamorig_Spine-Interpolations-array" count="44">
            <param type="name"/>
          </accessor>
        </technique_common>
      </source>
      <sampler id="mixamorig_Spine-Matrix-animation-transform">
        <input semantic="INPUT" source="#mixamorig_Spine-Matrix-animation-input"/>
        <input semantic="OUTPUT" source="#mixamorig_Spine-Matrix-animation-output-transform"/>
        <input semantic="INTERPOLATION" source="#mixamorig_Spine-Interpolations"/>
      </sampler>
      <channel source="#mixamorig_Spine-Matrix-animation-transform" target="mixamorig_Spine/matrix"/>
    </animation>
    <animation id="mixamorig_Spine1-anim" name="mixamorig_Spine1">
      <source id="mixamorig_Spine1-Matrix-animation-input">
        <float_array id="mixamorig_Spine1-Matrix-animation-input-array" count="44">

0.000000 0.033333 0.066667 0.100000 0.133333 0.166667 0.200000 0.233333 0.266667 0.300000 0.333333 0.366667 0.400000 0.433333 0.466667 0.500000
0.533333 0.566667 0.600000 0.633333 0.666667 0.700000 0.733333 0.766667 0.800000 0.833333 0.866667 0.900000 0.933333 0.966667 1.000000 1.033333
1.066667 1.100000 1.133333 1.166667 1.200000 1.233333 1.266667 1.300000 1.333333 1.366667 1.400000 1.433333</float_array>
        <technique_common>
          <accessor source="#mixamorig_Spine1-Matrix-animation-input-array" count="44">
            <param name="TIME" type="float"/>
          </accessor>
        </technique_common>
      </source>
      <source id="mixamorig_Spine1-Matrix-animation-output-transform">
        <float_array id="mixamorig_Spine1-Matrix-animation-output-transform-array" count="704">

0.999723 -0.014277 -0.018706 -0.000000 0.015126 0.998824 0.046074 16.254900 0.018026 -0.046344 0.998763 0.000000 0.000000 0.000000 0.000000 1.000000
0.999721 -0.019002 -0.014018 0.000000 0.019301 0.999581 0.021551 16.254900 0.013603 -0.021816 0.999669 0.000000 0.000000 0.000000 0.000000 1.000000
0.999465 -0.020188 -0.025751 0.000000 0.020598 0.999664 0.015742 16.254900 0.025424 -0.016264 0.999544 0.000000 0.000000 0.000000 0.000000 1.000000
0.997746 -0.025475 -0.062084 0.000000 0.027458 0.999132 0.031310 16.254900 0.061233 -0.032944 0.997580 0.000000 0.000000 0.000000 0.000000 1.000000
0.994330 -0.038291 -0.099206 0.000000 0.042255 0.998378 0.038161 16.254900 0.097584 -0.042137 0.994335 0.000000 0.000000 0.000000 0.000000 1.000000
0.992603 -0.045598 -0.112515 -0.000000 0.048382 0.998583 0.022141 16.254900 0.111346 -0.027421 0.993403 -0.000000 0.000000 0.000000 0.000000 1.000000
0.993280 -0.038361 -0.109193 0.000000 0.038949 0.999236 0.003255 16.254900 0.108985 -0.007486 0.994015 0.000000 0.000000 0.000000 0.000000 1.000000
0.994045 -0.023186 -0.106470 -0.000000 0.022744 0.999727 -0.005365 16.254900 0.106566 0.002911 0.994301 0.000000 0.000000 0.000000 0.000000 1.000000
0.994036 -0.006530 -0.108854 0.000000 0.005361 0.999925 -0.011029 16.254900 0.108918 0.010379 0.993997 -0.000000 0.000000 0.000000 0.000000 1.000000
0.993546 0.008694 -0.113098 0.000000 -0.011867 0.999554 -0.027415 16.254900 0.112809 0.028580 0.993206 0.000000 0.000000 0.000000 0.000000 1.000000
0.993138 0.022122 -0.114835 -0.000000 -0.027988 0.998371 -0.049727 16.254900 0.113548 0.052599 0.992139 -0.000000 0.000000 0.000000 0.000000 1.000000
0.992955 0.031799 -0.114145 0.000000 -0.040140 0.996630 -0.071539 16.254900 0.111486 0.075617 0.990885 0.000000 0.000000 0.000000 0.000000 1.000000
0.992774 0.038154 -0.113775 0.000000 -0.048967 0.994386 -0.093805 16.254900 0.109557 0.098698 0.989068 0.000000 0.000000 0.000000 0.000000 1.000000
0.992463 0.043240 -0.114667 0.000000 -0.056771 0.991450 -0.117494 16.254900 0.108606 0.123119 0.986431 -0.000000 0.000000 0.000000 0.000000 1.000000
0.992252 0.047335 -0.114874 0.000000 -0.062971 0.988630 -0.136551 16.254900 0.107104 0.142727 0.983950 0.000000 0.000000 0.000000 0.000000 1.000000
0.992494 0.049795 -0.111699 0.000000 -0.066088 0.986885 -0.147275 16.254900 0.102900 0.153552 0.982768 -0.000000 0.000000 0.000000 0.000000 1.000000
0.993212 0.050609 -0.104730 0.000000 -0.066796 0.985283 -0.157339 16.254900 0.095225 0.163267 0.981976 0.000000 0.000000 0.000000 0.000000 1.000000
0.994076 0.049607 -0.096702 -0.000000 -0.066058 0.982325 -0.175138 16.254900 0.086305 0.180488 0.979783 0.000000 0.000000 0.000000 0.000000 1.000000
0.994902 0.046094 -0.089698 0.000000 -0.063130 0.978266 -0.197509 16.254900 0.078645 0.202165 0.976189 0.000000 0.000000 0.000000 0.000000 1.000000
0.995808 0.039098 -0.082687 0.000000 -0.056262 0.974609 -0.216730 16.254900 0.072114 0.220474 0.972723 0.000000 0.000000 0.000000 0.000000 1.000000
0.996853 0.027928 -0.074184 -0.000000 -0.044396 0.972025 -0.230644 16.254900 0.065667 0.233212 0.970206 0.000000 0.000000 0.000000 0.000000 1.000000
0.997883 0.013766 -0.063560 -0.000000 -0.028613 0.970598 -0.239000 16.254900 0.058401 0.240313 0.968937 0.000000 0.000000 0.000000 0.000000 1.000000
0.998754 -0.000971 -0.049902 0.000000 -0.011042 0.970742 -0.239872 16.254900 0.048674 0.240124 0.969521 0.000000 0.000000 0.000000 0.000000 1.000000
0.999281 -0.015671 -0.034511 0.000000 0.007127 0.971966 -0.235013 16.254900 0.037226 0.234598 0.971379 0.000000 0.000000 0.000000 0.000000 1.000000
0.999259 -0.030778 -0.023114 0.000000 0.024679 0.973139 -0.228892 16.254900 0.029538 0.228152 0.973177 0.000000 0.000000 0.000000 0.000000 1.000000
0.998754 -0.045405 -0.020720 -0.000000 0.039694 0.974306 -0.221705 16.254900 0.030254 0.220606 0.974894 0.000000 0.000000 0.000000 0.000000 1.000000
0.998017 -0.057496 -0.025616 0.000000 0.050950 0.976882 -0.207621 16.254900 0.036961 0.205904 0.977874 0.000000 0.000000 0.000000 0.000000 1.000000
0.997255 -0.066350 -0.032870 0.000000 0.059158 0.980913 -0.185229 16.254900 0.044532 0.182776 0.982145 0.000000 0.000000 0.000000 0.000000 1.000000
0.996606 -0.072093 -0.039728 0.000000 0.064806 0.984772 -0.161322 16.254900 0.050753 0.158200 0.986102 -0.000000 0.000000 0.000000 0.000000 1.000000
0.996213 -0.074769 -0.044383 0.000000 0.067787 0.987531 -0.142084 16.254900 0.054453 0.138538 0.988859 0.000000 0.000000 0.000000 0.000000 1.000000
0.996183 -0.075023 -0.044631 -0.000000 0.068848 0.989552 -0.126672 16.254900 0.053668 0.123116 0.990940 0.000000 0.000000 0.000000 0.000000 1.000000
0.996464 -0.073369 -0.040943 0.000000 0.068417 0.991412 -0.111453 16.254900 0.048768 0.108258 0.992926 0.000000 0.000000 0.000000 0.000000 1.000000
0.996891 -0.069700 -0.036743 0.000000 0.065913 0.993219 -0.095771 16.254900 0.043170 0.093051 0.994725 -0.000000 0.000000 0.000000 0.000000 1.000000
0.997329 -0.064671 -0.033937 0.000000 0.061754 0.994806 -0.080919 16.254900 0.038994 0.078608 0.996143 0.000000 0.000000 0.000000 0.000000 1.000000
0.997737 -0.059268 -0.031752 -0.000000 0.057049 0.996139 -0.066729 16.254900 0.035584 0.064767 0.997266 0.000000 0.000000 0.000000 0.000000 1.000000
0.998116 -0.053729 -0.029617 -0.000000 0.052123 0.997256 -0.052563 16.254900 0.032360 0.050921 0.998178 0.000000 0.000000 0.000000 0.000000 1.000000
0.998461 -0.048090 -0.027636 0.000000 0.047009 0.998151 -0.038536 16.254900 0.029438 0.037178 0.998875 0.000000 0.000000 0.000000 0.000000 1.000000
0.998764 -0.042483 -0.025811 0.000000 0.041845 0.998817 -0.024782 16.254900 0.026833 0.023671 0.999360 -0.000000 0.000000 0.000000 0.000000 1.000000
0.999025 -0.037007 -0.024082 0.000000 0.036743 0.999261 -0.011294 16.254900 0.024482 0.010399 0.999646 0.000000 0.000000 0.000000 0.000000 1.000000
0.999241 -0.031793 -0.022521 0.000000 0.031841 0.999491 0.001767 16.254900 0.022453 -0.002483 0.999745 -0.000000 0.000000 0.000000 0.000000 1.000000
0.999402 -0.027066 -0.021497 0.000000 0.027366 0.999530 0.013794 16.254900 0.021114 -0.014374 0.999674 0.000000 0.000000 0.000000 0.000000 1.000000
0.999536 -0.022534 -0.020512 0.000000 0.023050 0.999415 0.025278 16.254900 0.019930 -0.025739 0.999470 0.000000 0.000000 0.000000 0.000000 1.000000
0.999642 -0.018252 -0.019577 0.000000 0.018950 0.999169 0.036083 16.254900 0.018902 -0.036441 0.999157 -0.000000 0.000000 0.000000 0.000000 1.000000
0.999723 -0.014277 -0.018706 -0.000000 0.015126 0.998824 0.046074 16.254900 0.018026 -0.046344 0.998763 0.000000 0.000000 0.000000 0.000000 1.000000</float_array>
        <technique_common>
          <accessor source="#mixamorig_Spine1-Matrix-animation-output-transform-array" count="44" stride="16">
            <param type="float4x4"/>
          </accessor>
        </technique_common>
      </source>
      <source id="mixamorig_Spine1-Interpolations">
        <Name_array id="mixamorig_Spine1-Interpolations-array" count="44">
 LINEAR LINEAR LINEAR LINEAR LINEAR LINEAR LINEAR LINEAR LINEAR LINEAR LINEAR
LINEAR LINEAR LINEAR LINEAR LINEAR LINEAR LINEAR LINEAR LINEAR LINEAR LINEAR LINEAR
LINEAR LINEAR LINEAR LINEAR LINEAR LINEAR LINEAR LINEAR LINEAR LINEAR LINEAR LINEAR
LINEAR LINEAR LINEAR LINEAR LINEAR LINEAR LINEAR LINEAR LINEAR</Name_array>
        <technique_common>
          <accessor source="#mixamorig_Spine1-Interpolations-array" count="44">
            <param type="name"/>
          </accessor>
        </technique_common>
      </source>
      <sampler id="mixamorig_Spine1-Matrix-animation-transform">
        <input semantic="INPUT" source="#mixamorig_Spine1-Matrix-animation-input"/>
        <input semantic="OUTPUT" source="#mixamorig_Spine1-Matrix-animation-output-transform"/>
        <input semantic="INTERPOLATION" source="#mixamorig_Spine1-Interpolations"/>
      </sampler>
      <channel source="#mixamorig_Spine1-Matrix-animation-transform" target="mixamorig_Spine1/matrix"/>
    </animation>
    <animation id="mixamorig_Spine2-anim" name="mixamorig_Spine2">
      <source id="mixamorig_Spine2-Matrix-animation-input">
        <float_array id="mixamorig_Spine2-Matrix-animation-input-array" count="44">

0.000000 0.033333 0.066667 0.100000 0.133333 0.166667 0.200000 0.233333 0.266667 0.300000 0.333333 0.366667 0.400000 0.433333 0.466667 0.500000
0.533333 0.566667 0.600000 0.633333 0.666667 0.700000 0.733333 0.766667 0.800000 0.833333 0.866667 0.900000 0.933333 0.966667 1.000000 1.033333
1.066667 1.100000 1.133333 1.166667 1.200000 1.233333 1.266667 1.300000 1.333333 1.366667 1.400000 1.433333</float_array>
        <technique_common>
          <accessor source="#mixamorig_Spine2-Matrix-animation-input-array" count="44">
            <param name="TIME" type="float"/>
          </accessor>
        </technique_common>
      </source>
      <source id="mixamorig_Spine2-Matrix-animation-output-transform">
        <float_array id="mixamorig_Spine2-Matrix-animation-output-transform-array" count="704">

0.999731 -0.015603 -0.017152 0.000000 0.013195 0.991095 -0.132500 13.700700 0.019067 0.132238 0.991035 0.000000 0.000000 0.000000 0.000000 1.000000
0.999734 -0.019876 -0.011708 0.000000 0.017795 0.987463 -0.156842 13.700700 0.014678 0.156592 0.987554 0.000000 0.000000 0.000000 0.000000 1.000000
0.999499 -0.021887 -0.022867 -0.000000 0.017883 0.986531 -0.162596 13.700700 0.026118 0.162105 0.986428 0.000000 0.000000 0.000000 0.000000 1.000000
0.997852 -0.029934 -0.058277 -0.000000 0.021085 0.988923 -0.146925 13.700700 0.062030 0.145380 0.987429 -0.000000 0.000000 0.000000 0.000000 1.000000
0.994524 -0.045653 -0.094005 0.000000 0.032235 0.989683 -0.139602 13.700700 0.099408 0.135808 0.985735 -0.000000 0.000000 0.000000 0.000000 1.000000
0.992829 -0.054130 -0.106582 0.000000 0.037153 0.987173 -0.155270 13.700700 0.113620 0.150196 0.982106 0.000000 0.000000 0.000000 0.000000 1.000000
0.993489 -0.046821 -0.103863 0.000000 0.028180 0.984313 -0.174165 13.700700 0.110388 0.170105 0.979224 0.000000 0.000000 0.000000 0.000000 1.000000
0.994248 -0.031482 -0.102376 0.000000 0.012293 0.983051 -0.182918 13.700700 0.106399 0.180608 0.977783 0.000000 0.000000 0.000000 0.000000 1.000000
0.994254 -0.014879 -0.106003 0.000000 -0.005408 0.982045 -0.188572 13.700700 0.106906 0.188061 0.976322 0.000000 0.000000 0.000000 0.000000 1.000000
0.993785 0.000147 -0.111319 0.000000 -0.023069 0.978562 -0.204655 13.700700 0.108902 0.205952 0.972484 -0.000000 0.000000 0.000000 0.000000 1.000000
0.993391 0.013506 -0.113979 0.000000 -0.039229 0.973202 -0.226583 13.700700 0.107864 0.229557 0.967300 0.000000 0.000000 0.000000 0.000000 1.000000
0.993231 0.023331 -0.113785 -0.000000 -0.051150 0.967375 -0.248132 13.700700 0.104283 0.252273 0.962021 -0.000000 0.000000 0.000000 0.000000 1.000000
0.993085 0.029801 -0.113554 0.000000 -0.059724 0.960971 -0.270126 13.700700 0.101072 0.275040 0.956105 0.000000 0.000000 0.000000 0.000000 1.000000
0.992815 0.034729 -0.114506 0.000000 -0.067192 0.953641 -0.293350 13.700700 0.099010 0.298936 0.949123 -0.000000 0.000000 0.000000 0.000000 1.000000
0.992632 0.038509 -0.114882 0.000000 -0.072855 0.947296 -0.311964 13.700700 0.096814 0.318035 0.943123 -0.000000 0.000000 0.000000 0.000000 1.000000
0.992869 0.040808 -0.112007 -0.000000 -0.075158 0.943600 -0.322444 13.700700 0.092531 0.328563 0.939938 0.000000 0.000000 0.000000 0.000000 1.000000
0.993548 0.041748 -0.105447 0.000000 -0.074753 0.940289 -0.332069 13.700700 0.085288 0.337809 0.937343 0.000000 0.000000 0.000000 0.000000 1.000000
0.994363 0.040979 -0.097790 0.000000 -0.072815 0.934339 -0.348867 13.700700 0.077073 0.354021 0.932056 0.000000 0.000000 0.000000 0.000000 1.000000
0.995140 0.037658 -0.090989 0.000000 -0.068883 0.926514 -0.369900 13.700700 0.070373 0.374370 0.924605 -0.000000 0.000000 0.000000 0.000000 1.000000
0.995989 0.030958 -0.083944 0.000000 -0.061276 0.919677 -0.387864 13.700700 0.065194 0.391453 0.917886 0.000000 0.000000 0.000000 0.000000 1.000000
0.996973 0.020367 -0.075039 0.000000 -0.048855 0.914875 -0.400769 13.700700 0.060489 0.403222 0.913101 0.000000 0.000000 0.000000 0.000000 1.000000
0.997946 0.007117 -0.063667 0.000000 -0.032564 0.912198 -0.408454 13.700700 0.055170 0.409688 0.910556 0.000000 0.000000 0.000000 0.000000 1.000000
0.998772 -0.006312 -0.049135 0.000000 -0.014362 0.912355 -0.409149 13.700700 0.047411 0.409352 0.911144 0.000000 0.000000 0.000000 0.000000 1.000000
0.999273 -0.019452 -0.032791 0.000000 0.004530 0.914534 -0.404483 13.700700 0.037856 0.404041 0.913957 0.000000 0.000000 0.000000 0.000000 1.000000
0.999236 -0.033394 -0.020310 0.000000 0.022538 0.916839 -0.398621 13.700700 0.031932 0.397858 0.916891 -0.000000 0.000000 0.000000 0.000000 1.000000
0.998713 -0.047839 -0.016837 0.000000 0.037433 0.919329 -0.391705 13.700700 0.034218 0.390570 0.919937 0.000000 0.000000 0.000000 0.000000 1.000000
0.997950 -0.060512 -0.020853 0.000000 0.048154 0.924475 -0.378189 13.700700 0.042163 0.376410 0.925493 0.000000 0.000000 0.000000 0.000000 1.000000
0.997164 -0.070101 -0.027398 0.000000 0.055759 0.932553 -0.356702 13.700700 0.050555 0.354162 0.933816 0.000000 0.000000 0.000000 0.000000 1.000000
0.996506 -0.076433 -0.033668 -0.000000 0.060879 0.940711 -0.333702 13.700700 0.057178 0.330486 0.942077 0.000000 0.000000 0.000000 0.000000 1.000000
0.996119 -0.079426 -0.037935 0.000000 0.063499 0.946908 -0.315171 13.700700 0.060954 0.311539 0.948276 -0.000000 0.000000 0.000000 0.000000 1.000000
0.996106 -0.079535 -0.038031 0.000000 0.064517 0.951639 -0.300368 13.700700 0.060082 0.296745 0.953065 0.000000 0.000000 0.000000 0.000000 1.000000
0.996413 -0.077325 -0.034389 0.000000 0.064335 0.956130 -0.285792 13.700700 0.054979 0.282554 0.957674 -0.000000 0.000000 0.000000 0.000000 1.000000
0.996864 -0.073057 -0.030411 0.000000 0.062142 0.960637 -0.270766 13.700700 0.048995 0.268027 0.962165 0.000000 0.000000 0.000000 0.000000 1.000000
0.997319 -0.067628 -0.027961 -0.000000 0.058231 0.964790 -0.256494 13.700700 0.044323 0.254178 0.966141 0.000000 0.000000 0.000000 0.000000 1.000000
0.997736 -0.061943 -0.026204 -0.000000 0.053756 0.968585 -0.242804 13.700700 0.040421 0.240846 0.969721 0.000000 0.000000 0.000000 0.000000 1.000000
0.998121 -0.056149 -0.024529 0.000000 0.049059 0.972167 -0.229094 13.700700 0.036710 0.227460 0.973095 0.000000 0.000000 0.000000 0.000000 1.000000
0.998469 -0.050286 -0.023026 0.000000 0.044161 0.975510 -0.215477 13.700700 0.033298 0.214130 0.976237 0.000000 0.000000 0.000000 0.000000 1.000000
0.998775 -0.044483 -0.021689 -0.000000 0.039195 0.978583 -0.202086 13.700700 0.030213 0.200988 0.979128 0.000000 0.000000 0.000000 0.000000 1.000000
0.999037 -0.038823 -0.020441 0.000000 0.034272 0.981394 -0.188920 13.700700 0.027395 0.188037 0.981780 -0.000000 0.000000 0.000000 0.000000 1.000000
0.999252 -0.033500 -0.019332 0.000000 0.029579 0.983921 -0.176137 13.700700 0.024922 0.175433 0.984176 0.000000 0.000000 0.000000 0.000000 1.000000
0.999413 -0.028671 -0.018749 0.000000 0.025205 0.986084 -0.164325 13.700700 0.023200 0.163756 0.986228 0.000000 0.000000 0.000000 0.000000 1.000000
0.999546 -0.024040 -0.018187 0.000000 0.020978 0.988000 -0.153024 13.700700 0.021647 0.152573 0.988055 -0.000000 0.000000 0.000000 0.000000 1.000000
0.999651 -0.019665 -0.017652 0.000000 0.016954 0.989668 -0.142370 13.700700 0.020269 0.142021 0.989656 0.000000 0.000000 0.000000 0.000000 1.000000
0.999731 -0.015603 -0.017152 -0.000000 0.013195 0.991095 -0.132500 13.700700 0.019067 0.132238 0.991035 0.000000 0.000000 0.000000 0.000000 1.000000</float_array>
        <technique_common>
          <accessor source="#mixamorig_Spine2-Matrix-animation-output-transform-array" count="44" stride="16">
            <param type="float4x4"/>
          </accessor>
        </technique_common>
      </source>
      <source id="mixamorig_Spine2-Interpolations">
        <Name_array id="mixamorig_Spine2-Interpolations-array" count="44">
 LINEAR LINEAR LINEAR LINEAR LINEAR LINEAR LINEAR LINEAR LINEAR LINEAR LINEAR
LINEAR LINEAR LINEAR LINEAR LINEAR LINEAR LINEAR LINEAR LINEAR LINEAR LINEAR LINEAR
LINEAR LINEAR LINEAR LINEAR LINEAR LINEAR LINEAR LINEAR LINEAR LINEAR LINEAR LINEAR
LINEAR LINEAR LINEAR LINEAR LINEAR LINEAR LINEAR LINEAR LINEAR</Name_array>
        <technique_common>
          <accessor source="#mixamorig_Spine2-Interpolations-array" count="44">
            <param type="name"/>
          </accessor>
        </technique_common>
      </source>
      <sampler id="mixamorig_Spine2-Matrix-animation-transform">
        <input semantic="INPUT" source="#mixamorig_Spine2-Matrix-animation-input"/>
        <input semantic="OUTPUT" source="#mixamorig_Spine2-Matrix-animation-output-transform"/>
        <input semantic="INTERPOLATION" source="#mixamorig_Spine2-Interpolations"/>
      </sampler>
      <channel source="#mixamorig_Spine2-Matrix-animation-transform" target="mixamorig_Spine2/matrix"/>
    </animation>
    <animation id="mixamorig_Neck-anim" name="mixamorig_Neck">
      <source id="mixamorig_Neck-Matrix-animation-input">
        <float_array id="mixamorig_Neck-Matrix-animation-input-array" count="44">

0.000000 0.033333 0.066667 0.100000 0.133333 0.166667 0.200000 0.233333 0.266667 0.300000 0.333333 0.366667 0.400000 0.433333 0.466667 0.500000
0.533333 0.566667 0.600000 0.633333 0.666667 0.700000 0.733333 0.766667 0.800000 0.833333 0.866667 0.900000 0.933333 0.966667 1.000000 1.033333
1.066667 1.100000 1.133333 1.166667 1.200000 1.233333 1.266667 1.300000 1.333333 1.366667 1.400000 1.433333</float_array>
        <technique_common>
          <accessor source="#mixamorig_Neck-Matrix-animation-input-array" count="44">
            <param name="TIME" type="float"/>
          </accessor>
        </technique_common>
      </source>
      <source id="mixamorig_Neck-Matrix-animation-output-transform">
        <float_array id="mixamorig_Neck-Matrix-animation-output-transform-array" count="704">

0.970444 0.077035 -0.228700 0.000000 -0.079469 0.996836 -0.001438 13.877500 0.227866 0.019570 0.973496 -4.354200 0.000000 0.000000 0.000000 1.000000
0.979304 0.053636 -0.195157 0.000000 -0.057155 0.998288 -0.012443 13.877500 0.194156 0.023340 0.980693 -4.354200 0.000000 0.000000 0.000000 1.000000
0.988547 0.012814 -0.150368 -0.000000 -0.013433 0.999905 -0.003103 13.877500 0.150314 0.005087 0.988625 -4.354200 0.000000 0.000000 0.000000 1.000000
0.994895 -0.025367 -0.097677 0.000000 0.031374 0.997677 0.060464 13.877500 0.095916 -0.063220 0.993380 -4.354200 0.000000 0.000000 0.000000 1.000000
0.998548 -0.026170 -0.047093 -0.000000 0.033021 0.987959 0.151151 13.877500 0.042570 -0.152486 0.987388 -4.354200 0.000000 0.000000 0.000000 1.000000
0.999991 0.002314 -0.003631 0.000000 -0.001466 0.975872 0.218338 13.877500 0.004049 -0.218331 0.975866 -4.354200 0.000000 0.000000 0.000000 1.000000
0.999186 0.020937 0.034493 0.000000 -0.029032 0.966713 0.254211 13.877500 -0.028023 -0.255005 0.966533 -4.354200 0.000000 0.000000 0.000000 1.000000
0.997776 0.018088 0.064162 -0.000000 -0.034548 0.963455 0.265634 13.877500 -0.057013 -0.267260 0.961936 -4.354200 0.000000 0.000000 0.000000 1.000000
0.996957 0.007849 0.077553 0.000000 -0.027359 0.966857 0.253848 13.877500 -0.072991 -0.255198 0.964130 -4.354200 0.000000 0.000000 0.000000 1.000000
0.996748 -0.001492 0.080563 0.000000 -0.017013 0.973393 0.228508 13.877500 -0.078760 -0.229135 0.970203 -4.354200 0.000000 0.000000 0.000000 1.000000
0.996824 -0.002715 0.079589 0.000000 -0.013404 0.979439 0.201296 13.877500 -0.078499 -0.201723 0.976292 -4.354200 0.000000 0.000000 0.000000 1.000000
0.996777 0.007649 0.079852 0.000000 -0.021222 0.985122 0.170541 13.877500 -0.077360 -0.171686 0.982110 -4.354200 0.000000 0.000000 0.000000 1.000000
0.996245 0.023330 0.083377 0.000000 -0.034436 0.990333 0.134364 13.877500 -0.079436 -0.136731 0.987418 -4.354200 0.000000 0.000000 0.000000 1.000000
0.995375 0.033596 0.090004 0.000000 -0.042292 0.994433 0.096516 13.877500 -0.086260 -0.099876 0.991254 -4.354200 0.000000 0.000000 0.000000 1.000000
0.994703 0.033421 0.097203 0.000000 -0.039090 0.997608 0.057009 13.877500 -0.095066 -0.060507 0.993630 -4.354200 0.000000 0.000000 0.000000 1.000000
0.994450 0.026763 0.101746 0.000000 -0.028491 0.999473 0.015571 13.877500 -0.101276 -0.018384 0.994688 -4.354200 0.000000 0.000000 0.000000 1.000000
0.994521 0.018940 0.102804 0.000000 -0.016935 0.999650 -0.020345 13.877500 -0.103153 0.018493 0.994494 -4.354200 0.000000 0.000000 0.000000 1.000000
0.994859 0.008652 0.100901 -0.000000 -0.004218 0.999020 -0.044067 13.877500 -0.101184 0.043415 0.993920 -4.354200 0.000000 0.000000 0.000000 1.000000
