<?xml version="1.0" encoding="utf-8"?>
<COLLADA xmlns="http://www.collada.org/2005/11/COLLADASchema" version="1.4.1">
  <asset>
    <contributor>
      <author>Mixamo</author>
      <authoring_tool>COLLADA Mixamo exporter</authoring_tool>
      <comments/>
    </contributor>
    <created>2024-11-01T00:00:21Z</created>
    <modified>2024-11-01T00:00:21Z</modified>
    <revision/>
    <title/>
    <unit meter="0.010000"/>
    <up_axis>Y_UP</up_axis>
  </asset>
  <library_animations>
    <animation id="mixamorig_Hips-anim" name="mixamorig_Hips">
      <source id="mixamorig_Hips-Matrix-animation-input">
        <float_array id="mixamorig_Hips-Matrix-animation-input-array" count="151">

0.000000 0.033333 0.066667 0.100000 0.133333 0.166667 0.200000 0.233333 0.266667 0.300000 0.333333 0.366667 0.400000 0.433333 0.466667 0.500000
0.533333 0.566667 0.600000 0.633333 0.666667 0.700000 0.733333 0.766667 0.800000 0.833333 0.866667 0.900000 0.933333 0.966667 1.000000 1.033333
1.066667 1.100000 1.133333 1.166667 1.200000 1.233333 1.266667 1.300000 1.333333 1.366667 1.400000 1.433333 1.466667 1.500000 1.533333 1.566667
1.600000 1.633333 1.666667 1.700000 1.733333 1.766667 1.800000 1.833333 1.866667 1.900000 1.933333 1.966667 2.000000 2.033333 2.066667 2.100000
2.133333 2.166667 2.200000 2.233333 2.266667 2.300000 2.333333 2.366667 2.400000 2.433333 2.466667 2.500000 2.533333 2.566667 2.600000 2.633333
2.666667 2.700000 2.733333 2.766667 2.800000 2.833333 2.866667 2.900000 2.933333 2.966667 3.000000 3.033333 3.066667 3.100000 3.133333 3.166667
3.200000 3.233333 3.266667 3.300000 3.333333 3.366667 3.400000 3.433333 3.466667 3.500000 3.533333 3.566667 3.600000 3.633333 3.666667 3.700000
3.733333 3.766667 3.800000 3.833333 3.866667 3.900000 3.933333 3.966667 4.000000 4.033333 4.066667 4.100000 4.133333 4.166667 4.200000 4.233333
4.266667 4.300000 4.333333 4.366667 4.400000 4.433333 4.466667 4.500000 4.533333 4.566667 4.600000 4.633333 4.666667 4.700000 4.733333 4.766667
4.800000 4.833333 4.866667 4.900000 4.933333 4.966667 5.000000</float_array>
        <technique_common>
          <accessor source="#mixamorig_Hips-Matrix-animation-input-array" count="151">
            <param name="TIME" type="float"/>
          </accessor>
        </technique_common>
      </source>
      <source id="mixamorig_Hips-Matrix-animation-output-transform">
        <float_array id="mixamorig_Hips-Matrix-animation-output-transform-array" count="2416">

-0.033937 -0.040372 0.998608 0.971622 0.021707 0.998918 0.041122 92.953621 -0.999188 0.023072 -0.033024 -0.182246 0.000000 0.000000 0.000000 1.000000
-0.034998 -0.040548 0.998564 0.974000 0.021776 0.998908 0.041325 92.951286 -0.999150 0.023191 -0.034077 -0.199712 0.000000 0.000000 0.000000 1.000000
-0.035422 -0.041032 0.998530 0.973164 0.022405 0.998873 0.041841 92.948120 -0.999121 0.023854 -0.034463 -0.231404 0.000000 0.000000 0.000000 1.000000
-0.035536 -0.042271 0.998474 0.967425 0.022826 0.998810 0.043098 92.946220 -0.999108 0.024323 -0.034529 -0.248573 0.000000 0.000000 0.000000 1.000000
-0.035172 -0.044627 0.998384 0.932251 0.022968 0.998703 0.045451 92.943954 -0.999117 0.024529 -0.034101 -0.245525 0.000000 0.000000 0.000000 1.000000
-0.033815 -0.048068 0.998271 0.825437 0.023956 0.998517 0.048892 92.936653 -0.999141 0.025568 -0.032614 -0.243456 0.000000 0.000000 0.000000 1.000000
-0.031629 -0.051901 0.998151 0.631763 0.026746 0.998249 0.052753 92.920105 -0.999142 0.028365 -0.030186 -0.257511 0.000000 0.000000 0.000000 1.000000
-0.030447 -0.055144 0.998014 0.383506 0.030150 0.997972 0.056061 92.890610 -0.999082 0.031797 -0.028722 -0.263546 0.000000 0.000000 0.000000 1.000000
-0.032944 -0.057545 0.997799 0.134869 0.031863 0.997773 0.058595 92.847977 -0.998949 0.033724 -0.031037 -0.209524 0.000000 0.000000 0.000000 1.000000
-0.040135 -0.060142 0.997383 -0.073818 0.030972 0.997632 0.061403 92.781738 -0.998714 0.033355 -0.038177 -0.075286 0.000000 0.000000 0.000000 1.000000
-0.050451 -0.064486 0.996642 -0.219619 0.028257 0.997422 0.065967 92.680824 -0.998327 0.031490 -0.048499 0.100448 0.000000 0.000000 0.000000 1.000000
-0.062014 -0.071230 0.995530 -0.290116 0.024670 0.997036 0.072874 92.546547 -0.997770 0.029079 -0.060073 0.261832 0.000000 0.000000 0.000000 1.000000
-0.073619 -0.079712 0.994096 -0.277603 0.020545 0.996468 0.081423 92.382347 -0.997075 0.026418 -0.071722 0.377629 0.000000 0.000000 0.000000 1.000000
-0.083414 -0.089128 0.992521 -0.189107 0.015646 0.995752 0.090733 92.179169 -0.996392 0.023098 -0.081665 0.438430 0.000000 0.000000 0.000000 1.000000
-0.089319 -0.099528 0.991018 -0.030967 0.010090 0.994853 0.100822 91.927879 -0.995952 0.019004 -0.087855 0.443183 0.000000 0.000000 0.000000 1.000000
-0.091065 -0.110903 0.989650 0.189507 0.004922 0.993717 0.111812 91.634247 -0.995833 0.015053 -0.089947 0.394542 0.000000 0.000000 0.000000 1.000000
-0.090594 -0.121857 0.988405 0.453468 0.001285 0.992471 0.122476 91.309044 -0.995887 0.012365 -0.089755 0.300851 0.000000 0.000000 0.000000 1.000000
-0.090780 -0.130993 0.987218 0.734487 -0.000693 0.991319 0.131473 90.947746 -0.995871 0.011251 -0.090083 0.177702 0.000000 0.000000 0.000000 1.000000
-0.093618 -0.139674 0.985762 1.009929 -0.001481 0.990129 0.140152 90.513496 -0.995607 0.011661 -0.092900 0.039461 0.000000 0.000000 0.000000 1.000000
-0.098759 -0.151475 0.983515 1.262876 -0.001284 0.988365 0.152093 89.953239 -0.995111 0.013758 -0.097805 -0.101371 0.000000 0.000000 0.000000 1.000000
-0.103586 -0.168053 0.980320 1.474399 -0.000642 0.985634 0.168896 89.266479 -0.994620 0.016866 -0.102205 -0.217973 0.000000 0.000000 0.000000 1.000000
-0.104780 -0.185966 0.976953 1.639131 -0.000009 0.982361 0.186995 88.584740 -0.994495 0.019585 -0.102933 -0.306879 0.000000 0.000000 0.000000 1.000000
-0.099733 -0.198840 0.974944 1.779329 0.001428 0.979800 0.199976 88.110306 -0.995013 0.021336 -0.097434 -0.409258 0.000000 0.000000 0.000000 1.000000
-0.086795 -0.203602 0.975199 1.931585 0.005208 0.978787 0.204815 87.921471 -0.996213 0.022855 -0.083894 -0.569208 0.000000 0.000000 0.000000 1.000000
-0.065526 -0.202162 0.977158 2.115923 0.011175 0.979052 0.203303 87.955917 -0.997788 0.024242 -0.061894 -0.766945 0.000000 0.000000 0.000000 1.000000
-0.037579 -0.195515 0.979980 2.312092 0.016835 0.980410 0.196247 88.231216 -0.999152 0.023872 -0.033551 -0.939803 0.000000 0.000000 0.000000 1.000000
-0.007282 -0.180977 0.983460 2.482027 0.019592 0.983272 0.181087 88.885391 -0.999782 0.020586 -0.003614 -1.055247 0.000000 0.000000 0.000000 1.000000
0.019442 -0.156966 0.987413 2.587614 0.018546 0.987486 0.156612 89.931992 -0.999639 0.015267 0.022109 -1.126157 0.000000 0.000000 0.000000 1.000000
0.038042 -0.127965 0.991049 2.597683 0.015165 0.991726 0.127471 91.119598 -0.999161 0.010180 0.039668 -1.192895 0.000000 0.000000 0.000000 1.000000
0.047827 -0.103380 0.993491 2.482986 0.010953 0.994624 0.102971 92.102089 -0.998796 0.005957 0.048702 -1.264861 0.000000 0.000000 0.000000 1.000000
0.052126 -0.090018 0.994575 2.263075 0.006117 0.995939 0.089821 92.687141 -0.998622 0.001402 0.052465 -1.326200 0.000000 0.000000 0.000000 1.000000
0.057074 -0.086539 0.994612 1.993878 0.000153 0.996237 0.086671 92.899239 -0.998370 -0.004794 0.056872 -1.382374 0.000000 0.000000 0.000000 1.000000
0.069887 -0.088110 0.993656 1.732260 -0.005123 0.996047 0.088683 92.882004 -0.997542 -0.011289 0.069159 -1.456516 0.000000 0.000000 0.000000 1.000000
0.094518 -0.093023 0.991168 1.510857 -0.005887 0.995555 0.093996 92.752480 -0.995506 -0.014719 0.093550 -1.571075 0.000000 0.000000 0.000000 1.000000
0.127149 -0.101400 0.986687 1.350373 0.000166 0.994763 0.102208 92.585808 -0.991884 -0.012832 0.126500 -1.703910 0.000000 0.000000 0.000000 1.000000
0.158209 -0.112119 0.981020 1.249809 0.010368 0.993666 0.111892 92.435081 -0.987351 -0.007531 0.158369 -1.808634 0.000000 0.000000 0.000000 1.000000
0.180641 -0.123402 0.975777 1.178610 0.020465 0.992355 0.121709 92.333603 -0.983336 -0.002016 0.181786 -1.857858 0.000000 0.000000 0.000000 1.000000
0.193334 -0.133456 0.972014 1.078070 0.028442 0.991052 0.130413 92.265701 -0.980721 0.002432 0.195400 -1.848122 0.000000 0.000000 0.000000 1.000000
0.198747 -0.140832 0.969879 0.895436 0.035459 0.990007 0.136488 92.188675 -0.979409 0.007265 0.201755 -1.759351 0.000000 0.000000 0.000000 1.000000
0.201719 -0.145065 0.968641 0.618860 0.044165 0.989312 0.138964 92.078087 -0.978447 0.014749 0.205969 -1.562575 0.000000 0.000000 0.000000 1.000000
0.207849 -0.146787 0.967084 0.282370 0.055825 0.988845 0.138092 91.953400 -0.976567 0.025285 0.213725 -1.259397 0.000000 0.000000 0.000000 1.000000
0.219524 -0.147533 0.964388 -0.064571 0.069020 0.988372 0.135491 91.861252 -0.973163 0.036819 0.227154 -0.885332 0.000000 0.000000 0.000000 1.000000
0.234217 -0.148898 0.960714 -0.396920 0.081531 0.987729 0.133208 91.844131 -0.968760 0.047128 0.243482 -0.494198 0.000000 0.000000 0.000000 1.000000
0.247402 -0.151160 0.957049 -0.728597 0.092732 0.986915 0.131906 91.914093 -0.964465 0.056115 0.258183 -0.120858 0.000000 0.000000 0.000000 1.000000
0.256467 -0.152847 0.954391 -1.092867 0.102809 0.986130 0.130303 92.040169 -0.961070 0.064702 0.268624 0.227621 0.000000 0.000000 0.000000 1.000000
0.261887 -0.152342 0.952999 -1.508280 0.111846 0.985600 0.126818 92.177094 -0.958596 0.073377 0.275154 0.534866 0.000000 0.000000 0.000000 1.000000
0.266603 -0.149475 0.952145 -1.963063 0.119994 0.985362 0.121091 92.280891 -0.956308 0.081969 0.280636 0.772527 0.000000 0.000000 0.000000 1.000000
0.275141 -0.144855 0.950429 -2.442216 0.127559 0.985344 0.113250 92.320587 -0.952904 0.090076 0.289586 0.930615 0.000000 0.000000 0.000000 1.000000
0.290835 -0.137997 0.946769 -2.960535 0.133983 0.985668 0.102509 92.240257 -0.947345 0.097037 0.305156 1.025203 0.000000 0.000000 0.000000 1.000000
0.311563 -0.128595 0.941484 -3.529643 0.138490 0.986366 0.088895 92.017097 -0.940079 0.102690 0.325124 1.082847 0.000000 0.000000 0.000000 1.000000
0.330077 -0.118484 0.936489 -4.117011 0.141062 0.987143 0.075174 91.674202 -0.933355 0.107290 0.342546 1.092003 0.000000 0.000000 0.000000 1.000000
0.340771 -0.110212 0.933664 -4.680245 0.143272 0.987593 0.064286 91.262909 -0.929165 0.111861 0.352334 1.026717 0.000000 0.000000 0.000000 1.000000
0.342917 -0.104822 0.933499 -5.215936 0.146625 0.987547 0.057029 90.798302 -0.927852 0.117318 0.354017 0.897711 0.000000 0.000000 0.000000 1.000000
0.335986 -0.102123 0.936314 -5.723499 0.150852 0.987106 0.053531 90.264755 -0.929708 0.123260 0.347059 0.755463 0.000000 0.000000 0.000000 1.000000
0.318451 -0.101946 0.942442 -6.167916 0.154912 0.986432 0.054359 89.681244 -0.935196 0.128685 0.329922 0.636006 0.000000 0.000000 0.000000 1.000000
0.291975 -0.104021 0.950752 -6.502229 0.157735 0.985693 0.059404 89.098068 -0.943329 0.132623 0.304206 0.525322 0.000000 0.000000 0.000000 1.000000
0.262033 -0.107764 0.959023 -6.704484 0.158999 0.984986 0.067238 88.569809 -0.951871 0.134866 0.275233 0.379966 0.000000 0.000000 0.000000 1.000000
0.233769 -0.112699 0.965739 -6.773939 0.158335 0.984413 0.076551 88.126991 -0.959313 0.135015 0.247970 0.172288 0.000000 0.000000 0.000000 1.000000
0.208064 -0.119159 0.970830 -6.718184 0.155106 0.984012 0.087535 87.768723 -0.965739 0.132369 0.223220 -0.094819 0.000000 0.000000 0.000000 1.000000
0.181782 -0.127969 0.974976 -6.557375 0.149125 0.983616 0.101299 87.495979 -0.971965 0.126979 0.197887 -0.402149 0.000000 0.000000 0.000000 1.000000
0.151910 -0.139329 0.978525 -6.312609 0.140391 0.983018 0.118174 87.333633 -0.978373 0.119424 0.168891 -0.721919 0.000000 0.000000 0.000000 1.000000
0.118835 -0.152432 0.981144 -6.000870 0.128725 0.982171 0.137001 87.301735 -0.984534 0.110017 0.136338 -1.037647 0.000000 0.000000 0.000000 1.000000
0.085808 -0.165879 0.982406 -5.630159 0.114474 0.981154 0.155669 87.390114 -0.989713 0.099102 0.103179 -1.344340 0.000000 0.000000 0.000000 1.000000
0.056421 -0.177799 0.982448 -5.213580 0.098790 0.980181 0.171716 87.564880 -0.993508 0.087368 0.072867 -1.651576 0.000000 0.000000 0.000000 1.000000
0.033060 -0.186182 0.981959 -4.769257 0.083403 0.979583 0.182924 87.797836 -0.995967 0.075851 0.047913 -1.965189 0.000000 0.000000 0.000000 1.000000
0.016424 -0.189887 0.981669 -4.305302 0.069732 0.979628 0.188326 88.084465 -0.997431 0.065361 0.029331 -2.277031 0.000000 0.000000 0.000000 1.000000
0.005123 -0.188913 0.981980 -3.822252 0.057634 0.980417 0.188312 88.442337 -0.998325 0.055631 0.015910 -2.558584 0.000000 0.000000 0.000000 1.000000
-0.004288 -0.183613 0.982989 -3.319709 0.045512 0.981944 0.183616 88.891426 -0.998955 0.045525 0.004146 -2.777247 0.000000 0.000000 0.000000 1.000000
-0.015792 -0.174068 0.984607 -2.794794 0.032229 0.984129 0.174501 89.440063 -0.999356 0.034488 -0.009932 -2.902448 0.000000 0.000000 0.000000 1.000000
-0.031516 -0.160997 0.986452 -2.248618 0.017713 0.986697 0.161603 90.066765 -0.999346 0.022566 -0.028245 -2.915025 0.000000 0.000000 0.000000 1.000000
-0.049905 -0.146684 0.987924 -1.705490 0.002679 0.989133 0.146998 90.712547 -0.998750 0.009983 -0.048970 -2.823186 0.000000 0.000000 0.000000 1.000000
-0.066078 -0.133588 0.988832 -1.205843 -0.011448 0.991034 0.133121 91.292480 -0.997749 -0.002524 -0.067015 -2.659938 0.000000 0.000000 0.000000 1.000000
-0.076398 -0.122319 0.989546 -0.783211 -0.023246 0.992395 0.120877 91.726341 -0.996806 -0.013769 -0.078661 -2.478036 0.000000 0.000000 0.000000 1.000000
-0.083395 -0.112075 0.990194 -0.442911 -0.032041 0.993443 0.109744 91.982697 -0.996001 -0.022574 -0.086439 -2.323393 0.000000 0.000000 0.000000 1.000000
-0.093796 -0.102715 0.990279 -0.178325 -0.038001 0.994308 0.099533 92.081467 -0.994866 -0.028295 -0.097165 -2.212018 0.000000 0.000000 0.000000 1.000000
-0.111382 -0.095257 0.989202 0.020811 -0.041565 0.994971 0.091132 92.065315 -0.992908 -0.030966 -0.114782 -2.137494 0.000000 0.000000 0.000000 1.000000
-0.133809 -0.090792 0.986839 0.164892 -0.043087 0.995386 0.085736 91.971771 -0.990070 -0.031048 -0.137103 -2.105636 0.000000 0.000000 0.000000 1.000000
-0.156377 -0.089457 0.983638 0.261895 -0.043126 0.995559 0.083685 91.827164 -0.986755 -0.029334 -0.159540 -2.126040 0.000000 0.000000 0.000000 1.000000
-0.176430 -0.090136 0.980177 0.313893 -0.042469 0.995568 0.083907 91.647575 -0.983396 -0.026824 -0.179477 -2.192833 0.000000 0.000000 0.000000 1.000000
-0.192942 -0.091196 0.976963 0.334903 -0.041480 0.995539 0.084739 91.447044 -0.980333 -0.024175 -0.195864 -2.284579 0.000000 0.000000 0.000000 1.000000
-0.204872 -0.091688 0.974485 0.360211 -0.040091 0.995553 0.085241 91.259819 -0.977967 -0.021604 -0.207637 -2.369285 0.000000 0.000000 0.000000 1.000000
-0.211805 -0.091778 0.972993 0.432962 -0.038461 0.995592 0.085538 91.132553 -0.976555 -0.019305 -0.214402 -2.424181 0.000000 0.000000 0.000000 1.000000
-0.214350 -0.091871 0.972427 0.571604 -0.037175 0.995613 0.085868 91.102112 -0.976049 -0.017744 -0.216825 -2.444150 0.000000 0.000000 0.000000 1.000000
-0.213880 -0.091414 0.972573 0.761423 -0.036540 0.995664 0.085548 91.176369 -0.976176 -0.017241 -0.216293 -2.433963 0.000000 0.000000 0.000000 1.000000
-0.213200 -0.089433 0.972907 0.978425 -0.036418 0.995837 0.083560 91.331039 -0.976330 -0.017616 -0.215569 -2.390549 0.000000 0.000000 0.000000 1.000000
-0.215992 -0.085996 0.972601 1.195991 -0.036339 0.996132 0.080007 91.521507 -0.975719 -0.018062 -0.218282 -2.308998 0.000000 0.000000 0.000000 1.000000
-0.223545 -0.082227 0.971219 1.382990 -0.035408 0.996463 0.076214 91.705803 -0.974050 -0.017351 -0.225665 -2.191759 0.000000 0.000000 0.000000 1.000000
-0.232543 -0.078992 0.969373 1.513339 -0.032965 0.996764 0.073316 91.859352 -0.972027 -0.014907 -0.234395 -2.056542 0.000000 0.000000 0.000000 1.000000
-0.237992 -0.076275 0.968267 1.575913 -0.029228 0.997023 0.071356 91.974670 -0.970827 -0.011318 -0.239513 -1.930238 0.000000 0.000000 0.000000 1.000000
-0.237553 -0.073735 0.968572 1.576555 -0.025004 0.997249 0.069786 92.058670 -0.971053 -0.007640 -0.238743 -1.822792 0.000000 0.000000 0.000000 1.000000
-0.232336 -0.071114 0.970032 1.530458 -0.021091 0.997457 0.068073 92.125153 -0.972407 -0.004643 -0.233245 -1.718226 0.000000 0.000000 0.000000 1.000000
-0.225574 -0.068074 0.971845 1.453690 -0.017848 0.997677 0.065741 92.184380 -0.974062 -0.002516 -0.226265 -1.596373 0.000000 0.000000 0.000000 1.000000
-0.220862 -0.064469 0.973172 1.363829 -0.015300 0.997919 0.062636 92.240051 -0.975185 -0.001055 -0.221389 -1.443632 0.000000 0.000000 0.000000 1.000000
-0.219884 -0.061103 0.973610 1.279355 -0.013913 0.998131 0.059500 92.285606 -0.975427 -0.000463 -0.220324 -1.257202 0.000000 0.000000 0.000000 1.000000
-0.220816 -0.059691 0.973487 1.212311 -0.014594 0.998216 0.057897 92.310280 -0.975206 -0.001423 -0.221293 -1.055016 0.000000 0.000000 0.000000 1.000000
-0.219368 -0.061180 0.973722 1.171657 -0.017009 0.998120 0.058881 92.322746 -0.975494 -0.003645 -0.219996 -0.871792 0.000000 0.000000 0.000000 1.000000
-0.213272 -0.063860 0.974903 1.173047 -0.018236 0.997948 0.061381 92.346596 -0.976823 -0.004687 -0.213999 -0.739533 0.000000 0.000000 0.000000 1.000000
-0.205301 -0.064811 0.976551 1.229221 -0.015563 0.997895 0.062955 92.381035 -0.978575 -0.002274 -0.205877 -0.670518 0.000000 0.000000 0.000000 1.000000
-0.199263 -0.063590 0.977881 1.332039 -0.010814 0.997974 0.062693 92.395531 -0.979886 0.001918 -0.199547 -0.645456 0.000000 0.000000 0.000000 1.000000
-0.195432 -0.062228 0.978741 1.444904 -0.007616 0.998051 0.061935 92.375374 -0.980688 0.004650 -0.195525 -0.650439 0.000000 0.000000 0.000000 1.000000
-0.192691 -0.061938 0.979303 1.547459 -0.005494 0.998058 0.062043 92.334930 -0.981244 0.006575 -0.192657 -0.703695 0.000000 0.000000 0.000000 1.000000
-0.191424 -0.061838 0.979557 1.655661 -0.000834 0.998023 0.062841 92.305954 -0.981507 0.011212 -0.191098 -0.820367 0.000000 0.000000 0.000000 1.000000
-0.194020 -0.061315 0.979079 1.774551 0.006808 0.997937 0.063845 92.293999 -0.980974 0.019053 -0.193202 -0.960111 0.000000 0.000000 0.000000 1.000000
-0.203048 -0.061245 0.977252 1.897980 0.014204 0.997753 0.065481 92.277817 -0.979066 0.027176 -0.201721 -1.043796 0.000000 0.000000 0.000000 1.000000
-0.216717 -0.062114 0.974257 2.022080 0.018491 0.997534 0.067712 92.248878 -0.976059 0.032689 -0.215033 -1.034702 0.000000 0.000000 0.000000 1.000000
-0.228703 -0.063189 0.971443 2.134196 0.019290 0.997401 0.069419 92.224152 -0.973305 0.034616 -0.226890 -0.951114 0.000000 0.000000 0.000000 1.000000
-0.234778 -0.063472 0.969975 2.224745 0.018257 0.997402 0.069685 92.220718 -0.971878 0.034069 -0.233009 -0.821689 0.000000 0.000000 0.000000 1.000000
-0.235482 -0.062742 0.969851 2.301966 0.016985 0.997496 0.068654 92.244392 -0.971730 0.032640 -0.233827 -0.669317 0.000000 0.000000 0.000000 1.000000
-0.232804 -0.062127 0.970537 2.374348 0.015698 0.997587 0.067624 92.278229 -0.972397 0.030979 -0.231267 -0.505015 0.000000 0.000000 0.000000 1.000000
-0.228695 -0.062435 0.971494 2.444948 0.014126 0.997623 0.067439 92.297379 -0.973396 0.029147 -0.227270 -0.334522 0.000000 0.000000 0.000000 1.000000
-0.225108 -0.063202 0.972282 2.511360 0.012283 0.997631 0.067693 92.295128 -0.974257 0.027180 -0.223798 -0.173639 0.000000 0.000000 0.000000 1.000000
-0.222647 -0.064323 0.972775 2.567648 0.010558 0.997603 0.068381 92.281189 -0.974842 0.025495 -0.221434 -0.035230 0.000000 0.000000 0.000000 1.000000
-0.220379 -0.066102 0.973172 2.614865 0.009337 0.997512 0.069869 92.265831 -0.975370 0.024485 -0.219213 0.078348 0.000000 0.000000 0.000000 1.000000
-0.216915 -0.068342 0.973795 2.658154 0.008561 0.997375 0.071904 92.254982 -0.976153 0.023934 -0.215761 0.169638 0.000000 0.000000 0.000000 1.000000
-0.211188 -0.070970 0.974866 2.696862 0.007886 0.997204 0.074305 92.247101 -0.977414 0.023380 -0.210038 0.252024 0.000000 0.000000 0.000000 1.000000
-0.203048 -0.073937 0.976373 2.728147 0.006999 0.997010 0.076955 92.236496 -0.979144 0.022460 -0.201924 0.336003 0.000000 0.000000 0.000000 1.000000
-0.192698 -0.076483 0.978273 2.754054 0.006252 0.996842 0.079166 92.225960 -0.981238 0.021371 -0.191611 0.409293 0.000000 0.000000 0.000000 1.000000
-0.179686 -0.077840 0.980640 2.786102 0.006627 0.996746 0.080332 92.233513 -0.983702 0.020934 -0.178586 0.455739 0.000000 0.000000 0.000000 1.000000
-0.163286 -0.078080 0.983484 2.834662 0.008224 0.996721 0.080496 92.273766 -0.986544 0.021232 -0.162109 0.471937 0.000000 0.000000 0.000000 1.000000
-0.143417 -0.077836 0.986597 2.896393 0.009819 0.996741 0.080064 92.342995 -0.989614 0.021170 -0.142185 0.476546 0.000000 0.000000 0.000000 1.000000
-0.121533 -0.077511 0.989556 2.962055 0.010581 0.996788 0.079377 92.418686 -0.992531 0.020117 -0.120322 0.489565 0.000000 0.000000 0.000000 1.000000
-0.100436 -0.076927 0.991965 3.026208 0.010882 0.996862 0.078409 92.473076 -0.994884 0.018670 -0.099284 0.502738 0.000000 0.000000 0.000000 1.000000
-0.082832 -0.075805 0.993676 3.091793 0.011283 0.996967 0.076997 92.490433 -0.996500 0.017590 -0.081725 0.496804 0.000000 0.000000 0.000000 1.000000
-0.069934 -0.074509 0.994765 3.160702 0.011847 0.997074 0.075515 92.472435 -0.997481 0.017066 -0.068847 0.473579 0.000000 0.000000 0.000000 1.000000
-0.061941 -0.073238 0.995389 3.226063 0.013343 0.997154 0.074198 92.431717 -0.997991 0.017877 -0.060788 0.442697 0.000000 0.000000 0.000000 1.000000
-0.057872 -0.072981 0.995653 3.285239 0.014667 0.997155 0.073943 92.387405 -0.998216 0.018882 -0.056637 0.401750 0.000000 0.000000 0.000000 1.000000
-0.055577 -0.073660 0.995734 3.346551 0.016172 0.997078 0.074662 92.361191 -0.998323 0.020252 -0.054223 0.361036 0.000000 0.000000 0.000000 1.000000
-0.052890 -0.075038 0.995777 3.399013 0.017993 0.996939 0.076081 92.366318 -0.998438 0.021941 -0.051378 0.320511 0.000000 0.000000 0.000000 1.000000
-0.048916 -0.076848 0.995842 3.419811 0.019779 0.996766 0.077890 92.397614 -0.998607 0.023506 -0.047238 0.270455 0.000000 0.000000 0.000000 1.000000
-0.044521 -0.078647 0.995908 3.396520 0.021519 0.996590 0.079662 92.437325 -0.998777 0.024978 -0.042677 0.206452 0.000000 0.000000 0.000000 1.000000
-0.041564 -0.079806 0.995944 3.334250 0.023699 0.996446 0.080835 92.471672 -0.998855 0.026963 -0.039525 0.129952 0.000000 0.000000 0.000000 1.000000
-0.041476 -0.079947 0.995936 3.247092 0.026458 0.996356 0.081083 92.500069 -0.998789 0.029714 -0.039210 0.054325 0.000000 0.000000 0.000000 1.000000
-0.044040 -0.079431 0.995867 3.148129 0.029170 0.996307 0.080756 92.525543 -0.998604 0.032606 -0.041560 -0.003311 0.000000 0.000000 0.000000 1.000000
-0.047609 -0.078995 0.995738 3.044653 0.031408 0.996257 0.080538 92.551453 -0.998372 0.035108 -0.044950 -0.050253 0.000000 0.000000 0.000000 1.000000
-0.051046 -0.079064 0.995562 2.936608 0.033431 0.996167 0.080826 92.578926 -0.998137 0.037408 -0.048207 -0.089415 0.000000 0.000000 0.000000 1.000000
-0.054713 -0.079360 0.995343 2.815314 0.035308 0.996059 0.081358 92.606133 -0.997878 0.039595 -0.051695 -0.116360 0.000000 0.000000 0.000000 1.000000
-0.058907 -0.079105 0.995124 2.669902 0.036673 0.996011 0.081346 92.627869 -0.997590 0.041286 -0.055771 -0.125962 0.000000 0.000000 0.000000 1.000000
-0.062554 -0.077834 0.995002 2.502593 0.037322 0.996075 0.080264 92.646011 -0.997344 0.042156 -0.059404 -0.117548 0.000000 0.000000 0.000000 1.000000
-0.064496 -0.075408 0.995065 2.334264 0.037291 0.996262 0.077916 92.665665 -0.997221 0.042132 -0.061443 -0.097497 0.000000 0.000000 0.000000 1.000000
-0.064403 -0.071690 0.995346 2.182316 0.036979 0.996560 0.074170 92.686676 -0.997239 0.041583 -0.061531 -0.076367 0.000000 0.000000 0.000000 1.000000
-0.062076 -0.066964 0.995822 2.045082 0.037340 0.996892 0.069364 92.708946 -0.997373 0.041489 -0.059383 -0.071028 0.000000 0.000000 0.000000 1.000000
-0.057457 -0.061967 0.996423 1.912407 0.038510 0.997191 0.064235 92.733063 -0.997605 0.042063 -0.054909 -0.091371 0.000000 0.000000 0.000000 1.000000
-0.051273 -0.057402 0.997034 1.777600 0.039293 0.997458 0.059447 92.759476 -0.997911 0.042225 -0.048887 -0.130783 0.000000 0.000000 0.000000 1.000000
-0.045038 -0.053827 0.997534 1.643386 0.038707 0.997703 0.055584 92.788612 -0.998235 0.041115 -0.042851 -0.174453 0.000000 0.000000 0.000000 1.000000
-0.040192 -0.051498 0.997864 1.515679 0.036956 0.997911 0.052988 92.819153 -0.998508 0.039006 -0.038205 -0.211920 0.000000 0.000000 0.000000 1.000000
-0.037379 -0.050082 0.998045 1.396423 0.034648 0.998078 0.051381 92.846947 -0.998700 0.036500 -0.035572 -0.239590 0.000000 0.000000 0.000000 1.000000
-0.036293 -0.048865 0.998146 1.286787 0.032213 0.998228 0.050041 92.871475 -0.998822 0.033970 -0.034654 -0.254767 0.000000 0.000000 0.000000 1.000000
-0.035967 -0.047230 0.998236 1.188190 0.029781 0.998388 0.048310 92.894707 -0.998909 0.031466 -0.034502 -0.254217 0.000000 0.000000 0.000000 1.000000
-0.035519 -0.045003 0.998355 1.102510 0.027150 0.998573 0.045979 92.916000 -0.999000 0.028738 -0.034247 -0.238032 0.000000 0.000000 0.000000 1.000000
-0.034760 -0.042527 0.998490 1.031027 0.024279 0.998763 0.043384 92.935295 -0.999101 0.025751 -0.033685 -0.211584 0.000000 0.000000 0.000000 1.000000
-0.033937 -0.040372 0.998608 0.971621 0.021707 0.998918 0.041122 92.953651 -0.999188 0.023072 -0.033024 -0.182249 0.000000 0.000000 0.000000 1.000000</float_array>
        <technique_common>
          <accessor source="#mixamorig_Hips-Matrix-animation-output-transform-array" count="151" stride="16">
            <param type="float4x4"/>
          </accessor>
        </technique_common>
      </source>
      <source id="mixamorig_Hips-Interpolations">
        <Name_array id="mixamorig_Hips-Interpolations-array" count="151">
 LINEAR LINEAR LINEAR LINEAR LINEAR LINEAR LINEAR LINEAR LINEAR LINEAR LINEAR
LINEAR LINEAR LINEAR LINEAR LINEAR LINEAR LINEAR LINEAR LINEAR LINEAR LINEAR LINEAR
LINEAR LINEAR LINEAR LINEAR LINEAR LINEAR LINEAR LINEAR LINEAR LINEAR LINEAR LINEAR
LINEAR LINEAR LINEAR LINEAR LINEAR LINEAR LINEAR LINEAR LINEAR LINEAR LINEAR LINEAR
LINEAR LINEAR LINEAR LINEAR LINEAR LINEAR LINEAR LINEAR LINEAR LINEAR LINEAR LINEAR
LINEAR LINEAR LINEAR LINEAR LINEAR LINEAR LINEAR LINEAR LINEAR LINEAR LINEAR LINEAR
LINEAR LINEAR LINEAR LINEAR LINEAR LINEAR LINEAR LINEAR LINEAR LINEAR LINEAR LINEAR
LINEAR LINEAR LINEAR LINEAR LINEAR LINEAR LINEAR LINEAR LINEAR LINEAR LINEAR LINEAR
LINEAR LINEAR LINEAR LINEAR LINEAR LINEAR LINEAR LINEAR LINEAR LINEAR LINEAR LINEAR
LINEAR LINEAR LINEAR LINEAR LINEAR LINEAR LINEAR LINEAR LINEAR LINEAR LINEAR LINEAR
LINEAR LINEAR LINEAR LINEAR LINEAR LINEAR LINEAR LINEAR LINEAR LINEAR LINEAR LINEAR
LINEAR LINEAR LINEAR LINEAR LINEAR LINEAR LINEAR LINEAR LINEAR LINEAR LINEAR LINEAR
LINEAR LINEAR LINEAR LINEAR LINEAR LINEAR LINEAR LINEAR</Name_array>
        <technique_common>
          <accessor source="#mixamorig_Hips-Interpolations-array" count="151">
            <param type="name"/>
          </accessor>
        </technique_common>
      </source>
      <sampler id="mixamorig_Hips-Matrix-animation-transform">
        <input semantic="INPUT" source="#mixamorig_Hips-Matrix-animation-input"/>
        <input semantic="OUTPUT" source="#mixamorig_Hips-Matrix-animation-output-transform"/>
        <input semantic="INTERPOLATION" source="#mixamorig_Hips-Interpolations"/>
      </sampler>
      <channel source="#mixamorig_Hips-Matrix-animation-transform" target="mixamorig_Hips/matrix"/>
    </animation>
    <animation id="mixamorig_Spine-anim" name="mixamorig_Spine">
      <source id="mixamorig_Spine-Matrix-animation-input">
        <float_array id="mixamorig_Spine-Matrix-animation-input-array" count="151">

0.000000 0.033333 0.066667 0.100000 0.133333 0.166667 0.200000 0.233333 0.266667 0.300000 0.333333 0.366667 0.400000 0.433333 0.466667 0.500000
0.533333 0.566667 0.600000 0.633333 0.666667 0.700000 0.733333 0.766667 0.800000 0.833333 0.866667 0.900000 0.933333 0.966667 1.000000 1.033333
1.066667 1.100000 1.133333 1.166667 1.200000 1.233333 1.266667 1.300000 1.333333 1.366667 1.400000 1.433333 1.466667 1.500000 1.533333 1.566667
1.600000 1.633333 1.666667 1.700000 1.733333 1.766667 1.800000 1.833333 1.866667 1.900000 1.933333 1.966667 2.000000 2.033333 2.066667 2.100000
2.133333 2.166667 2.200000 2.233333 2.266667 2.300000 2.333333 2.366667 2.400000 2.433333 2.466667 2.500000 2.533333 2.566667 2.600000 2.633333
2.666667 2.700000 2.733333 2.766667 2.800000 2.833333 2.866667 2.900000 2.933333 2.966667 3.000000 3.033333 3.066667 3.100000 3.133333 3.166667
3.200000 3.233333 3.266667 3.300000 3.333333 3.366667 3.400000 3.433333 3.466667 3.500000 3.533333 3.566667 3.600000 3.633333 3.666667 3.700000
3.733333 3.766667 3.800000 3.833333 3.866667 3.900000 3.933333 3.966667 4.000000 4.033333 4.066667 4.100000 4.133333 4.166667 4.200000 4.233333
4.266667 4.300000 4.333333 4.366667 4.400000 4.433333 4.466667 4.500000 4.533333 4.566667 4.600000 4.633333 4.666667 4.700000 4.733333 4.766667
4.800000 4.833333 4.866667 4.900000 4.933333 4.966667 5.000000</float_array>
        <technique_common>
          <accessor source="#mixamorig_Spine-Matrix-animation-input-array" count="151">
            <param name="TIME" type="float"/>
          </accessor>
        </technique_common>
      </source>
      <source id="mixamorig_Spine-Matrix-animation-output-transform">
        <float_array id="mixamorig_Spine-Matrix-animation-output-transform-array" count="2416">

0.998952 0.044324 -0.011439 -0.000000 -0.044278 0.999010 0.004300 9.226300 0.011619 -0.003789 0.999925 1.577100 0.000000 0.000000 0.000000 1.000000
0.998985 0.043547 -0.011554 -0.000000 -0.043495 0.999043 0.004708 9.226300 0.011748 -0.004201 0.999922 1.577100 0.000000 0.000000 0.000000 1.000000
0.999013 0.042863 -0.011627 0.000000 -0.042809 0.999072 0.004845 9.226300 0.011824 -0.004343 0.999921 1.577100 0.000000 0.000000 0.000000 1.000000
0.999049 0.041996 -0.011747 0.000000 -0.041945 0.999110 0.004521 9.226300 0.011926 -0.004024 0.999921 1.577100 0.000000 0.000000 0.000000 1.000000
0.999104 0.040690 -0.011611 -0.000000 -0.040656 0.999168 0.003151 9.226300 0.011729 -0.002677 0.999928 1.577100 0.000000 0.000000 0.000000 1.000000
0.999178 0.039105 -0.010667 0.000000 -0.039104 0.999235 0.000299 9.226300 0.010670 0.000118 0.999943 1.577100 0.000000 0.000000 0.000000 1.000000
0.999250 0.037726 -0.008778 0.000000 -0.037759 0.999280 -0.003627 9.226300 0.008635 0.003956 0.999955 1.577100 0.000000 0.000000 0.000000 1.000000
0.999309 0.036586 -0.006569 0.000000 -0.036636 0.999300 -0.007630 9.226300 0.006285 0.007865 0.999949 1.577100 0.000000 0.000000 0.000000 1.000000
0.999357 0.035520 -0.004851 0.000000 -0.035572 0.999305 -0.011112 9.226300 0.004453 0.011277 0.999926 1.577100 0.000000 0.000000 0.000000 1.000000
0.999385 0.034821 -0.004025 -0.000000 -0.034876 0.999287 -0.014434 9.226300 0.003520 0.014565 0.999888 1.577100 0.000000 0.000000 0.000000 1.000000
0.999374 0.035161 -0.003998 0.000000 -0.035229 0.999210 -0.018413 9.226300 0.003347 0.018542 0.999822 1.577100 0.000000 0.000000 0.000000 1.000000
0.999317 0.036699 -0.004427 0.000000 -0.036792 0.999053 -0.023239 9.226300 0.003570 0.023386 0.999720 1.577100 0.000000 0.000000 0.000000 1.000000
0.999229 0.038944 -0.004934 0.000000 -0.039068 0.998839 -0.028178 9.226300 0.003831 0.028349 0.999591 1.577100 0.000000 0.000000 0.000000 1.000000
0.999148 0.040942 -0.005132 0.000000 -0.041088 0.998626 -0.032537 9.226300 0.003792 0.032720 0.999457 1.577100 0.000000 0.000000 0.000000 1.000000
0.999102 0.042092 -0.004777 -0.000000 -0.042239 0.998446 -0.036353 9.226300 0.003240 0.036522 0.999328 1.577100 0.000000 0.000000 0.000000 1.000000
0.999081 0.042687 -0.003994 -0.000000 -0.042812 0.998294 -0.039712 9.226300 0.002292 0.039846 0.999203 1.577100 0.000000 0.000000 0.000000 1.000000
0.999054 0.043359 -0.003282 0.000000 -0.043459 0.998173 -0.041983 9.226300 0.001455 0.042086 0.999113 1.577100 0.000000 0.000000 0.000000 1.000000
0.999015 0.044263 -0.003193 -0.000000 -0.044359 0.998103 -0.042691 9.226300 0.001298 0.042791 0.999083 1.577100 0.000000 0.000000 0.000000 1.000000
0.998975 0.045095 -0.003944 -0.000000 -0.045224 0.998047 -0.043099 9.226300 0.001993 0.043234 0.999063 1.577100 0.000000 0.000000 0.000000 1.000000
0.998940 0.045733 -0.005248 0.000000 -0.045926 0.997896 -0.045767 9.226300 0.003144 0.045959 0.998938 1.577100 0.000000 0.000000 0.000000 1.000000
0.998924 0.045914 -0.006469 0.000000 -0.046188 0.997586 -0.051846 9.226300 0.004072 0.052089 0.998634 1.577100 0.000000 0.000000 0.000000 1.000000
0.998956 0.045146 -0.006922 0.000000 -0.045477 0.997207 -0.059247 9.226300 0.004228 0.059500 0.998219 1.577100 0.000000 0.000000 0.000000 1.000000
0.999052 0.043081 -0.006220 0.000000 -0.043392 0.996979 -0.064419 9.226300 0.003426 0.064628 0.997904 1.577100 0.000000 0.000000 0.000000 1.000000
0.999184 0.040159 -0.004270 -0.000000 -0.040353 0.997026 -0.065664 9.226300 0.001620 0.065783 0.997833 1.577100 0.000000 0.000000 0.000000 1.000000
0.999324 0.036742 -0.001377 0.000000 -0.036755 0.997319 -0.063278 9.226300 -0.000952 0.063286 0.997995 1.577100 0.000000 0.000000 0.000000 1.000000
0.999485 0.032064 0.001491 0.000000 -0.031926 0.997848 -0.057280 9.226300 -0.003325 0.057203 0.998357 1.577100 0.000000 0.000000 0.000000 1.000000
0.999668 0.025597 0.002914 0.000000 -0.025430 0.998553 -0.047387 9.226300 -0.004122 0.047297 0.998872 1.577100 0.000000 0.000000 0.000000 1.000000
0.999834 0.018133 0.001558 0.000000 -0.018067 0.999223 -0.035031 9.226300 -0.002192 0.034997 0.999385 1.577100 0.000000 0.000000 0.000000 1.000000
0.999923 0.012029 -0.003046 0.000000 -0.012097 0.999650 -0.023510 9.226300 0.002762 0.023545 0.999719 1.577100 0.000000 0.000000 0.000000 1.000000
0.999907 0.008936 -0.010282 0.000000 -0.009096 0.999836 -0.015638 9.226300 0.010141 0.015730 0.999825 1.577100 0.000000 0.000000 0.000000 1.000000
0.999784 0.009157 -0.018653 0.000000 -0.009383 0.999883 -0.012059 9.226300 0.018540 0.012232 0.999753 1.577100 0.000000 0.000000 0.000000 1.000000
0.999588 0.010974 -0.026504 -0.000000 -0.011308 0.999858 -0.012457 9.226300 0.026363 0.012751 0.999571 1.577100 0.000000 0.000000 0.000000 1.000000
0.999397 0.012547 -0.032381 0.000000 -0.013088 0.999777 -0.016569 9.226300 0.032166 0.016983 0.999338 1.577100 0.000000 0.000000 0.000000 1.000000
0.999279 0.013093 -0.035628 -0.000000 -0.013894 0.999654 -0.022327 9.226300 0.035323 0.022806 0.999116 1.577100 0.000000 0.000000 0.000000 1.000000
0.999253 0.012900 -0.036426 0.000000 -0.013856 0.999562 -0.026138 9.226300 0.036073 0.026623 0.998994 1.577100 0.000000 0.000000 0.000000 1.000000
0.999310 0.010952 -0.035502 0.000000 -0.011907 0.999570 -0.026808 9.226300 0.035193 0.027213 0.999010 1.577100 0.000000 0.000000 0.000000 1.000000
0.999404 0.006300 -0.033937 0.000000 -0.007204 0.999621 -0.026569 9.226300 0.033756 0.026797 0.999071 1.577100 0.000000 0.000000 0.000000 1.000000
0.999448 -0.000989 -0.033197 0.000000 0.000050 0.999600 -0.028299 9.226300 0.033211 0.028281 0.999048 1.577100 0.000000 0.000000 0.000000 1.000000
0.999369 -0.009599 -0.034201 0.000000 0.008463 0.999412 -0.033213 9.226300 0.034500 0.032902 0.998863 1.577100 0.000000 0.000000 0.000000 1.000000
0.999181 -0.017557 -0.036455 -0.000000 0.016076 0.999048 -0.040544 9.226300 0.037132 0.039925 0.998513 1.577100 0.000000 0.000000 0.000000 1.000000
0.998976 -0.023597 -0.038612 0.000000 0.021702 0.998574 -0.048771 9.226300 0.039708 0.047884 0.998063 1.577100 0.000000 0.000000 0.000000 1.000000
0.998813 -0.028202 -0.039716 0.000000 0.025909 0.998031 -0.057126 9.226300 0.041249 0.056029 0.997577 1.577100 0.000000 0.000000 0.000000 1.000000
0.998681 -0.032534 -0.039712 0.000000 0.029870 0.997377 -0.065938 9.226300 0.041753 0.064665 0.997033 1.577100 0.000000 0.000000 0.000000 1.000000
0.998566 -0.036651 -0.039009 0.000000 0.033620 0.996565 -0.075688 9.226300 0.041649 0.074268 0.996368 1.577100 0.000000 0.000000 0.000000 1.000000
0.998459 -0.040315 -0.038136 0.000000 0.036909 0.995598 -0.086157 9.226300 0.041442 0.084616 0.995551 1.577100 0.000000 0.000000 0.000000 1.000000
0.998332 -0.043799 -0.037602 -0.000000 0.039987 0.994505 -0.096750 9.226300 0.041633 0.095085 0.994598 1.577100 0.000000 0.000000 0.000000 1.000000
0.998162 -0.047536 -0.037586 0.000000 0.043260 0.993276 -0.107381 9.226300 0.042438 0.105558 0.993507 1.577100 0.000000 0.000000 0.000000 1.000000
0.997986 -0.051173 -0.037477 0.000000 0.046421 0.991898 -0.118253 9.226300 0.043224 0.116276 0.992276 1.577100 0.000000 0.000000 0.000000 1.000000
0.997881 -0.054113 -0.036117 -0.000000 0.049040 0.990431 -0.129002 9.226300 0.042752 0.126958 0.990986 1.577100 0.000000 0.000000 0.000000 1.000000
0.997926 -0.055369 -0.032837 -0.000000 0.050300 0.989014 -0.139003 9.226300 0.040173 0.137063 0.989747 1.577100 0.000000 0.000000 0.000000 1.000000
0.998095 -0.054899 -0.028155 -0.000000 0.050148 0.987693 -0.148148 9.226300 0.035942 0.146454 0.988564 1.577100 0.000000 0.000000 0.000000 1.000000
0.998304 -0.053419 -0.023140 0.000000 0.049158 0.986457 -0.156480 9.226300 0.031185 0.155077 0.987410 1.577100 0.000000 0.000000 0.000000 1.000000
0.998489 -0.051735 -0.018515 0.000000 0.048016 0.985325 -0.163797 9.226300 0.026717 0.162660 0.986320 1.577100 0.000000 0.000000 0.000000 1.000000
0.998626 -0.050324 -0.014626 0.000000 0.047115 0.984330 -0.169928 9.226300 0.022948 0.169005 0.985348 1.577100 0.000000 0.000000 0.000000 1.000000
0.998731 -0.048937 -0.011863 0.000000 0.046115 0.983521 -0.174813 9.226300 0.020223 0.174044 0.984530 1.577100 0.000000 0.000000 0.000000 1.000000
0.998806 -0.047714 -0.010463 0.000000 0.045090 0.982958 -0.178213 9.226300 0.018788 0.177529 0.983936 1.577100 0.000000 0.000000 0.000000 1.000000
0.998858 -0.046737 -0.009948 0.000000 0.044188 0.982685 -0.179940 9.226300 0.018185 0.179295 0.983627 1.577100 0.000000 0.000000 0.000000 1.000000
0.998900 -0.045920 -0.009452 0.000000 0.043468 0.982657 -0.180264 9.226300 0.017566 0.179655 0.983573 1.577100 0.000000 0.000000 0.000000 1.000000
0.998947 -0.045058 -0.008688 0.000000 0.042768 0.982806 -0.179620 9.226300 0.016632 0.179059 0.983698 1.577100 0.000000 0.000000 0.000000 1.000000
0.999005 -0.043842 -0.008131 0.000000 0.041695 0.983121 -0.178144 9.226300 0.015804 0.177628 0.983971 1.577100 0.000000 0.000000 0.000000 1.000000
0.999070 -0.042311 -0.008308 0.000000 0.040194 0.983604 -0.175807 9.226300 0.015610 0.175310 0.984390 1.577100 0.000000 0.000000 0.000000 1.000000
0.999122 -0.040833 -0.009342 0.000000 0.038611 0.984235 -0.172598 9.226300 0.016242 0.172086 0.984948 1.577100 0.000000 0.000000 0.000000 1.000000
0.999166 -0.039327 -0.011018 0.000000 0.036914 0.985028 -0.168396 9.226300 0.017475 0.167849 0.985658 1.577100 0.000000 0.000000 0.000000 1.000000
0.999223 -0.037249 -0.012843 -0.000000 0.034662 0.986019 -0.162987 9.226300 0.018734 0.162416 0.986545 1.577100 0.000000 0.000000 0.000000 1.000000
0.999322 -0.033984 -0.014132 0.000000 0.031359 0.987194 -0.156412 9.226300 0.019266 0.155862 0.987591 1.577100 0.000000 0.000000 0.000000 1.000000
0.999456 -0.029631 -0.014490 0.000000 0.027142 0.988442 -0.149148 9.226300 0.018742 0.148674 0.988709 1.577100 0.000000 0.000000 0.000000 1.000000
0.999580 -0.025223 -0.014275 0.000000 0.022950 0.989656 -0.141614 9.226300 0.017700 0.141227 0.989819 1.577100 0.000000 0.000000 0.000000 1.000000
0.999658 -0.022006 -0.014151 -0.000000 0.019924 0.990866 -0.133368 9.226300 0.016956 0.133040 0.990966 1.577100 0.000000 0.000000 0.000000 1.000000
0.999691 -0.020228 -0.014466 0.000000 0.018291 0.992195 -0.123350 9.226300 0.016849 0.123047 0.992258 1.577100 0.000000 0.000000 0.000000 1.000000
0.999702 -0.018995 -0.015354 0.000000 0.017167 0.993615 -0.111514 9.226300 0.017375 0.111217 0.993644 1.577100 0.000000 0.000000 0.000000 1.000000
0.999718 -0.016833 -0.016741 0.000000 0.015079 0.994885 -0.099879 9.226300 0.018336 0.099598 0.994859 1.577100 0.000000 0.000000 0.000000 1.000000
0.999758 -0.012922 -0.017820 -0.000000 0.011249 0.995789 -0.090981 9.226300 0.018920 0.090759 0.995693 1.577100 0.000000 0.000000 0.000000 1.000000
0.999813 -0.008100 -0.017575 -0.000000 0.006571 0.996328 -0.085371 9.226300 0.018202 0.085239 0.996194 1.577100 0.000000 0.000000 0.000000 1.000000
