<?xml version="1.0" encoding="utf-8"?>
<COLLADA xmlns="http://www.collada.org/2005/11/COLLADASchema" version="1.4.1">
  <asset>
    <contributor>
      <author>Mixamo</author>
      <authoring_tool>COLLADA Mixamo exporter</authoring_tool>
      <comments/>
    </contributor>
    <created>2024-10-29T05:18:27Z</created>
    <modified>2024-10-29T05:18:27Z</modified>
    <revision/>
    <title/>
    <unit meter="0.010000"/>
    <up_axis>Y_UP</up_axis>
  </asset>
  <library_animations>
    <animation id="mixamorig_Hips-anim" name="mixamorig_Hips">
      <source id="mixamorig_Hips-Matrix-animation-input">
        <float_array id="mixamorig_Hips-Matrix-animation-input-array" count="18">

0.000000 0.033333 0.066667 0.100000 0.133333 0.166667 0.200000 0.233333 0.266667 0.300000 0.333333 0.366667 0.400000 0.433333 0.466667 0.500000
0.533333 0.566667</float_array>
        <technique_common>
          <accessor source="#mixamorig_Hips-Matrix-animation-input-array" count="18">
            <param name="TIME" type="float"/>
          </accessor>
        </technique_common>
      </source>
      <source id="mixamorig_Hips-Matrix-animation-output-transform">
        <float_array id="mixamorig_Hips-Matrix-animation-output-transform-array" count="288">

0.997426 -0.032714 -0.063800 -0.190292 0.030424 0.998869 -0.036546 94.108391 0.064923 0.034511 0.997293 2.054567 0.000000 0.000000 0.000000 1.000000
0.994707 -0.051292 -0.089037 -0.540514 0.051898 0.998642 0.004503 94.042137 0.088685 -0.009100 0.996018 -8.070037 0.000000 0.000000 0.000000 1.000000
0.993849 -0.065891 -0.089004 -0.401200 0.069359 0.996926 0.036437 95.202560 0.086330 -0.042386 0.995365 -17.835178 0.000000 0.000000 0.000000 1.000000
0.993447 -0.084402 -0.077067 0.106902 0.088046 0.995091 0.045175 97.116577 0.072876 -0.051664 0.996002 -27.817469 0.000000 0.000000 0.000000 1.000000
0.990483 -0.109164 -0.083829 0.737848 0.111523 0.993473 0.023973 98.801483 0.080665 -0.033094 0.996192 -38.559757 0.000000 0.000000 0.000000 1.000000
0.983541 -0.126525 -0.128990 1.300985 0.125245 0.991962 -0.018022 99.507942 0.130233 0.001570 0.991482 -50.015209 0.000000 0.000000 0.000000 1.000000
0.972981 -0.128858 -0.191580 1.757678 0.120029 0.991130 -0.057045 98.874908 0.197231 0.032509 0.979818 -61.631840 0.000000 0.000000 0.000000 1.000000
0.966049 -0.117091 -0.230303 2.168388 0.102622 0.991974 -0.073870 97.358315 0.237104 0.047727 0.970311 -73.348816 0.000000 0.000000 0.000000 1.000000
0.967435 -0.105202 -0.230220 2.545831 0.091313 0.993344 -0.070205 95.552490 0.236074 0.046897 0.970603 -84.935257 0.000000 0.000000 0.000000 1.000000
0.971110 -0.103294 -0.215119 2.781583 0.093456 0.994079 -0.055441 94.417366 0.219572 0.033735 0.975013 -96.057243 0.000000 0.000000 0.000000 1.000000
0.971652 -0.100663 -0.213914 2.771914 0.094946 0.994800 -0.036863 94.517395 0.216512 0.015508 0.976157 -106.763176 0.000000 0.000000 0.000000 1.000000
0.971243 -0.085906 -0.222052 2.510518 0.082799 0.996294 -0.023283 95.736107 0.223229 0.004228 0.974757 -117.380836 0.000000 0.000000 0.000000 1.000000
0.976418 -0.061114 -0.207059 2.099807 0.057125 0.998049 -0.025197 97.226631 0.208195 0.012775 0.978004 -128.302277 0.000000 0.000000 0.000000 1.000000
0.987854 -0.042301 -0.149514 1.632008 0.035634 0.998259 -0.046993 98.047150 0.151242 0.041094 0.987642 -139.654770 0.000000 0.000000 0.000000 1.000000
0.996727 -0.035882 -0.072435 1.165061 0.030502 0.996787 -0.074064 97.544296 0.074860 0.071612 0.994619 -151.145905 0.000000 0.000000 0.000000 1.000000
0.999054 -0.037375 -0.022231 0.678061 0.035406 0.995907 -0.083163 96.204315 0.025248 0.082297 0.996288 -162.765564 0.000000 0.000000 0.000000 1.000000
0.998948 -0.039864 -0.022659 0.209356 0.038242 0.996951 -0.068018 94.748489 0.025301 0.067080 0.997427 -174.439453 0.000000 0.000000 0.000000 1.000000
0.997426 -0.032714 -0.063800 -0.190293 0.030424 0.998869 -0.036546 94.108391 0.064923 0.034511 0.997293 -185.750061 0.000000 0.000000 0.000000 1.000000</float_array>
        <technique_common>
          <accessor source="#mixamorig_Hips-Matrix-animation-output-transform-array" count="18" stride="16">
            <param type="float4x4"/>
          </accessor>
        </technique_common>
      </source>
      <source id="mixamorig_Hips-Interpolations">
        <Name_array id="mixamorig_Hips-Interpolations-array" count="18">
 LINEAR LINEAR LINEAR LINEAR LINEAR LINEAR LINEAR LINEAR LINEAR LINEAR LINEAR
LINEAR LINEAR LINEAR LINEAR LINEAR LINEAR LINEAR</Name_array>
        <technique_common>
          <accessor source="#mixamorig_Hips-Interpolations-array" count="18">
            <param type="name"/>
          </accessor>
        </technique_common>
      </source>
      <sampler id="mixamorig_Hips-Matrix-animation-transform">
        <input semantic="INPUT" source="#mixamorig_Hips-Matrix-animation-input"/>
        <input semantic="OUTPUT" source="#mixamorig_Hips-Matrix-animation-output-transform"/>
        <input semantic="INTERPOLATION" source="#mixamorig_Hips-Interpolations"/>
      </sampler>
      <channel source="#mixamorig_Hips-Matrix-animation-transform" target="mixamorig_Hips/matrix"/>
    </animation>
    <animation id="mixamorig_Spine-anim" name="mixamorig_Spine">
      <source id="mixamorig_Spine-Matrix-animation-input">
        <float_array id="mixamorig_Spine-Matrix-animation-input-array" count="18">

0.000000 0.033333 0.066667 0.100000 0.133333 0.166667 0.200000 0.233333 0.266667 0.300000 0.333333 0.366667 0.400000 0.433333 0.466667 0.500000
0.533333 0.566667</float_array>
        <technique_common>
          <accessor source="#mixamorig_Spine-Matrix-animation-input-array" count="18">
            <param name="TIME" type="float"/>
          </accessor>
        </technique_common>
      </source>
      <source id="mixamorig_Spine-Matrix-animation-output-transform">
        <float_array id="mixamorig_Spine-Matrix-animation-output-transform-array" count="288">

0.999591 -0.007148 0.027699 0.004700 0.007873 0.999626 -0.026184 5.245300 -0.027501 0.026391 0.999273 0.258800 0.000000 0.000000 0.000000 1.000000
0.999678 0.024468 -0.006794 0.004700 -0.024691 0.999082 -0.034999 5.245300 0.005932 0.035156 0.999364 0.258800 0.000000 0.000000 0.000000 1.000000
0.996859 0.040479 -0.068077 0.004700 -0.042741 0.998570 -0.032106 5.245300 0.066680 0.034915 0.997163 0.258800 0.000000 0.000000 0.000000 1.000000
0.988986 0.052251 -0.138478 0.004700 -0.055346 0.998294 -0.018593 5.245300 0.137271 0.026052 0.990191 0.258800 0.000000 0.000000 0.000000 1.000000
0.980683 0.067289 -0.183667 0.004700 -0.068572 0.997646 -0.000638 5.245300 0.183192 0.013221 0.982988 0.258800 0.000000 0.000000 0.000000 1.000000
0.981000 0.075112 -0.178878 0.004700 -0.074458 0.997170 0.010378 5.245300 0.179151 0.003138 0.983817 0.258800 0.000000 0.000000 0.000000 1.000000
0.988287 0.070212 -0.135494 0.004700 -0.069521 0.997532 0.009830 5.245300 0.135849 -0.000295 0.990729 0.258800 0.000000 0.000000 0.000000 1.000000
0.994699 0.055951 -0.086272 0.004700 -0.055858 0.998433 0.003497 5.245300 0.086332 0.001341 0.996266 0.258800 0.000000 0.000000 0.000000 1.000000
0.997849 0.046101 -0.046596 0.004700 -0.046229 0.998930 -0.001666 5.245300 0.046469 0.003816 0.998912 0.258800 0.000000 0.000000 0.000000 1.000000
0.998865 0.047593 -0.001895 0.004700 -0.047603 0.998852 -0.005365 5.245300 0.001638 0.005450 0.999984 0.258800 0.000000 0.000000 0.000000 1.000000
0.996758 0.046372 0.065755 0.004700 -0.045741 0.998892 -0.011072 5.245300 -0.066196 0.008028 0.997774 0.258800 0.000000 0.000000 0.000000 1.000000
0.988811 0.030074 0.146113 0.004700 -0.028048 0.999480 -0.015906 5.245300 -0.146515 0.011630 0.989140 0.258800 0.000000 0.000000 0.000000 1.000000
0.978834 0.002350 0.204644 0.004700 -0.000033 0.999936 -0.011328 5.245300 -0.204657 0.011081 0.978771 0.258800 0.000000 0.000000 0.000000 1.000000
0.976550 -0.018321 0.214510 0.004700 0.018528 0.999828 0.001046 5.245300 -0.214492 0.002953 0.976721 0.258800 0.000000 0.000000 0.000000 1.000000
0.983484 -0.024291 0.179356 0.004700 0.022760 0.999685 0.010589 5.245300 -0.179556 -0.006332 0.983727 0.258800 0.000000 0.000000 0.000000 1.000000
0.992058 -0.019782 0.124214 0.004700 0.018872 0.999786 0.008497 5.245300 -0.124355 -0.006085 0.992219 0.258800 0.000000 0.000000 0.000000 1.000000
0.997403 -0.010857 0.071204 0.004700 0.011307 0.999919 -0.005924 5.245300 -0.071134 0.006713 0.997444 0.258800 0.000000 0.000000 0.000000 1.000000
0.999591 -0.007148 0.027699 0.004700 0.007874 0.999626 -0.026184 5.245300 -0.027502 0.026391 0.999273 0.258800 0.000000 0.000000 0.000000 1.000000</float_array>
        <technique_common>
          <accessor source="#mixamorig_Spine-Matrix-animation-output-transform-array" count="18" stride="16">
            <param type="float4x4"/>
          </accessor>
        </technique_common>
      </source>
      <source id="mixamorig_Spine-Interpolations">
        <Name_array id="mixamorig_Spine-Interpolations-array" count="18">
 LINEAR LINEAR LINEAR LINEAR LINEAR LINEAR LINEAR LINEAR LINEAR LINEAR LINEAR
LINEAR LINEAR LINEAR LINEAR LINEAR LINEAR LINEAR</Name_array>
        <technique_common>
          <accessor source="#mixamorig_Spine-Interpolations-array" count="18">
            <param type="name"/>
          </accessor>
        </technique_common>
      </source>
      <sampler id="mixamorig_Spine-Matrix-animation-transform">
        <input semantic="INPUT" source="#mixamorig_Spine-Matrix-animation-input"/>
        <input semantic="OUTPUT" source="#mixamorig_Spine-Matrix-animation-output-transform"/>
        <input semantic="INTERPOLATION" source="#mixamorig_Spine-Interpolations"/>
      </sampler>
      <channel source="#mixamorig_Spine-Matrix-animation-transform" target="mixamorig_Spine/matrix"/>
    </animation>
    <animation id="mixamorig_Spine1-anim" name="mixamorig_Spine1">
      <source id="mixamorig_Spine1-Matrix-animation-input">
        <float_array id="mixamorig_Spine1-Matrix-animation-input-array" count="18">

0.000000 0.033333 0.066667 0.100000 0.133333 0.166667 0.200000 0.233333 0.266667 0.300000 0.333333 0.366667 0.400000 0.433333 0.466667 0.500000
0.533333 0.566667</float_array>
        <technique_common>
          <accessor source="#mixamorig_Spine1-Matrix-animation-input-array" count="18">
            <param name="TIME" type="float"/>
          </accessor>
        </technique_common>
      </source>
      <source id="mixamorig_Spine1-Matrix-animation-output-transform">
        <float_array id="mixamorig_Spine1-Matrix-animation-output-transform-array" count="288">

0.999960 0.000326 0.008994 0.000000 -0.000473 0.999865 0.016397 11.066900 -0.008987 -0.016400 0.999825 0.000000 0.000000 0.000000 0.000000 1.000000
0.999989 0.004448 -0.001429 0.000000 -0.004428 0.999901 0.013354 11.066900 0.001488 -0.013347 0.999910 -0.000000 0.000000 0.000000 0.000000 1.000000
0.999761 0.005586 -0.021118 0.000000 -0.005254 0.999862 0.015777 11.066900 0.021203 -0.015663 0.999652 0.000000 0.000000 0.000000 0.000000 1.000000
0.999089 0.005891 -0.042260 0.000000 -0.005007 0.999767 0.021000 11.066900 0.042373 -0.020769 0.998886 0.000000 0.000000 0.000000 0.000000 1.000000
0.998567 0.007000 -0.053054 0.000000 -0.005558 0.999612 0.027280 11.066900 0.053224 -0.026946 0.998219 0.000000 0.000000 0.000000 0.000000 1.000000
0.998803 0.008313 -0.048192 0.000000 -0.006724 0.999431 0.033046 11.066900 0.048439 -0.032683 0.998291 0.000000 0.000000 0.000000 0.000000 1.000000
0.999363 0.008261 -0.034709 0.000000 -0.007019 0.999337 0.035738 11.066900 0.034981 -0.035471 0.998758 0.000000 0.000000 0.000000 0.000000 1.000000
0.999708 0.006609 -0.023241 0.000000 -0.005821 0.999411 0.033808 11.066900 0.023451 -0.033663 0.999158 0.000000 0.000000 0.000000 0.000000 1.000000
0.999868 0.004805 -0.015493 -0.000000 -0.004353 0.999569 0.029046 11.066900 0.015626 -0.028974 0.999458 0.000000 0.000000 0.000000 0.000000 1.000000
0.999985 0.004288 -0.003464 0.000000 -0.004202 0.999689 0.024593 11.066900 0.003568 -0.024578 0.999692 0.000000 0.000000 0.000000 0.000000 1.000000
0.999816 0.004151 0.018753 -0.000000 -0.004552 0.999761 0.021361 11.066900 -0.018660 -0.021442 0.999596 0.000000 0.000000 0.000000 0.000000 1.000000
0.998971 0.001794 0.045327 -0.000000 -0.002680 0.999806 0.019491 11.066900 -0.045283 -0.019593 0.998782 0.000000 0.000000 0.000000 0.000000 1.000000
0.998004 -0.003109 0.063074 -0.000000 0.001769 0.999772 0.021290 11.066900 -0.063126 -0.021135 0.997782 -0.000000 0.000000 0.000000 0.000000 1.000000
0.997909 -0.007312 0.064227 0.000000 0.005553 0.999606 0.027520 11.066900 -0.064403 -0.027105 0.997556 0.000000 0.000000 0.000000 0.000000 1.000000
0.998593 -0.007812 0.052450 0.000000 0.006068 0.999426 0.033316 11.066900 -0.052680 -0.032951 0.998068 0.000000 0.000000 0.000000 0.000000 1.000000
0.999312 -0.005063 0.036742 0.000000 0.003866 0.999461 0.032599 11.066900 -0.036888 -0.032435 0.998793 0.000000 0.000000 0.000000 0.000000 1.000000
0.999749 -0.001650 0.022362 0.000000 0.001086 0.999682 0.025198 11.066900 -0.022397 -0.025167 0.999432 0.000000 0.000000 0.000000 0.000000 1.000000
0.999960 0.000326 0.008994 -0.000000 -0.000473 0.999865 0.016397 11.066900 -0.008987 -0.016400 0.999825 0.000000 0.000000 0.000000 0.000000 1.000000</float_array>
        <technique_common>
          <accessor source="#mixamorig_Spine1-Matrix-animation-output-transform-array" count="18" stride="16">
            <param type="float4x4"/>
          </accessor>
        </technique_common>
      </source>
      <source id="mixamorig_Spine1-Interpolations">
        <Name_array id="mixamorig_Spine1-Interpolations-array" count="18">
 LINEAR LINEAR LINEAR LINEAR LINEAR LINEAR LINEAR LINEAR LINEAR LINEAR LINEAR
LINEAR LINEAR LINEAR LINEAR LINEAR LINEAR LINEAR</Name_array>
        <technique_common>
          <accessor source="#mixamorig_Spine1-Interpolations-array" count="18">
            <param type="name"/>
          </accessor>
        </technique_common>
      </source>
      <sampler id="mixamorig_Spine1-Matrix-animation-transform">
        <input semantic="INPUT" source="#mixamorig_Spine1-Matrix-animation-input"/>
        <input semantic="OUTPUT" source="#mixamorig_Spine1-Matrix-animation-output-transform"/>
        <input semantic="INTERPOLATION" source="#mixamorig_Spine1-Interpolations"/>
      </sampler>
      <channel source="#mixamorig_Spine1-Matrix-animation-transform" target="mixamorig_Spine1/matrix"/>
    </animation>
    <animation id="mixamorig_Spine2-anim" name="mixamorig_Spine2">
      <source id="mixamorig_Spine2-Matrix-animation-input">
        <float_array id="mixamorig_Spine2-Matrix-animation-input-array" count="18">

0.000000 0.033333 0.066667 0.100000 0.133333 0.166667 0.200000 0.233333 0.266667 0.300000 0.333333 0.366667 0.400000 0.433333 0.466667 0.500000
0.533333 0.566667</float_array>
        <technique_common>
          <accessor source="#mixamorig_Spine2-Matrix-animation-input-array" count="18">
            <param name="TIME" type="float"/>
          </accessor>
        </technique_common>
      </source>
      <source id="mixamorig_Spine2-Matrix-animation-output-transform">
        <float_array id="mixamorig_Spine2-Matrix-animation-output-transform-array" count="288">

0.999962 0.001228 0.008667 0.000000 0.000418 0.982277 -0.187435 8.141900 -0.008743 0.187431 0.982239 -0.000000 0.000000 0.000000 0.000000 1.000000
0.999989 0.004147 -0.002340 0.000000 -0.004517 0.981707 -0.190346 8.141900 0.001507 0.190355 0.981714 0.000000 0.000000 0.000000 0.000000 1.000000
0.999756 0.003105 -0.021860 0.000000 -0.007160 0.982148 -0.187975 8.141900 0.020886 0.188085 0.981931 0.000000 0.000000 0.000000 0.000000 1.000000
0.999090 0.001068 -0.042639 -0.000000 -0.008854 0.983103 -0.182839 8.141900 0.041724 0.183050 0.982218 0.000000 0.000000 0.000000 0.000000 1.000000
0.998573 0.000922 -0.053394 0.000000 -0.010353 0.984223 -0.176629 8.141900 0.052388 0.176929 0.982828 0.000000 0.000000 0.000000 0.000000 1.000000
0.998805 0.002658 -0.048807 0.000000 -0.010974 0.985221 -0.170935 8.141900 0.047632 0.171266 0.984073 0.000000 0.000000 0.000000 0.000000 1.000000
0.999359 0.004044 -0.035572 0.000000 -0.009977 0.985697 -0.168233 8.141900 0.034383 0.168480 0.985105 0.000000 0.000000 0.000000 0.000000 1.000000
0.999701 0.003752 -0.024157 0.000000 -0.007807 0.985406 -0.170044 8.141900 0.023166 0.170182 0.985140 -0.000000 0.000000 0.000000 0.000000 1.000000
0.999861 0.002952 -0.016411 0.000000 -0.005774 0.984604 -0.174707 8.141900 0.015642 0.174778 0.984484 0.000000 0.000000 0.000000 0.000000 1.000000
0.999982 0.003787 -0.004586 0.000000 -0.004548 0.983789 -0.179272 8.141900 0.003833 0.179290 0.983789 0.000000 0.000000 0.000000 0.000000 1.000000
0.999833 0.005932 0.017273 -0.000000 -0.002674 0.983133 -0.182871 8.141900 -0.018067 0.182795 0.982985 0.000000 0.000000 0.000000 0.000000 1.000000
0.999021 0.006298 0.043786 -0.000000 0.001916 0.982722 -0.185080 8.141900 -0.044195 0.184982 0.981748 0.000000 0.000000 0.000000 0.000000 1.000000
0.998066 0.003356 0.062068 -0.000000 0.008098 0.983012 -0.183361 8.141900 -0.061629 0.183509 0.981084 0.000000 0.000000 0.000000 0.000000 1.000000
0.997948 -0.000465 0.064024 0.000000 0.011815 0.984138 -0.177011 8.141900 -0.062927 0.177404 0.982124 0.000000 0.000000 0.000000 0.000000 1.000000
0.998607 -0.002011 0.052723 0.000000 0.011013 0.985209 -0.171002 8.141900 -0.051599 0.171344 0.983859 0.000000 0.000000 0.000000 0.000000 1.000000
0.999316 -0.000966 0.036965 0.000000 0.007297 0.985155 -0.171510 8.141900 -0.036250 0.171663 0.984489 0.000000 0.000000 0.000000 0.000000 1.000000
0.999752 0.000751 0.022272 0.000000 0.003243 0.983887 -0.178760 8.141900 -0.022047 0.178788 0.983641 -0.000000 0.000000 0.000000 0.000000 1.000000
0.999962 0.001228 0.008667 -0.000000 0.000418 0.982277 -0.187435 8.141900 -0.008743 0.187431 0.982239 0.000000 0.000000 0.000000 0.000000 1.000000</float_array>
        <technique_common>
          <accessor source="#mixamorig_Spine2-Matrix-animation-output-transform-array" count="18" stride="16">
            <param type="float4x4"/>
          </accessor>
        </technique_common>
      </source>
      <source id="mixamorig_Spine2-Interpolations">
        <Name_array id="mixamorig_Spine2-Interpolations-array" count="18">
 LINEAR LINEAR LINEAR LINEAR LINEAR LINEAR LINEAR LINEAR LINEAR LINEAR LINEAR
LINEAR LINEAR LINEAR LINEAR LINEAR LINEAR LINEAR</Name_array>
        <technique_common>
          <accessor source="#mixamorig_Spine2-Interpolations-array" count="18">
            <param type="name"/>
          </accessor>
        </technique_common>
      </source>
      <sampler id="mixamorig_Spine2-Matrix-animation-transform">
        <input semantic="INPUT" source="#mixamorig_Spine2-Matrix-animation-input"/>
        <input semantic="OUTPUT" source="#mixamorig_Spine2-Matrix-animation-output-transform"/>
        <input semantic="INTERPOLATION" source="#mixamorig_Spine2-Interpolations"/>
      </sampler>
      <channel source="#mixamorig_Spine2-Matrix-animation-transform" target="mixamorig_Spine2/matrix"/>
    </animation>
    <animation id="mixamorig_Neck-anim" name="mixamorig_Neck">
      <source id="mixamorig_Neck-Matrix-animation-input">
        <float_array id="mixamorig_Neck-Matrix-animation-input-array" count="18">

0.000000 0.033333 0.066667 0.100000 0.133333 0.166667 0.200000 0.233333 0.266667 0.300000 0.333333 0.366667 0.400000 0.433333 0.466667 0.500000
0.533333 0.566667</float_array>
        <technique_common>
          <accessor source="#mixamorig_Neck-Matrix-animation-input-array" count="18">
            <param name="TIME" type="float"/>
          </accessor>
        </technique_common>
      </source>
      <source id="mixamorig_Neck-Matrix-animation-output-transform">
        <float_array id="mixamorig_Neck-Matrix-animation-output-transform-array" count="288">

0.999704 0.011217 0.021576 -0.112200 -0.012904 0.996732 0.079743 18.919500 -0.020611 -0.079998 0.996582 -3.736100 0.000000 0.000000 0.000000 1.000000
0.999523 0.010501 0.029029 -0.112200 -0.012564 0.997339 0.071817 18.919500 -0.028197 -0.072148 0.996995 -3.736100 0.000000 0.000000 0.000000 1.000000
0.999205 0.011923 0.038034 -0.112200 -0.014148 0.998171 0.058780 18.919500 -0.037264 -0.059272 0.997546 -3.736100 0.000000 0.000000 0.000000 1.000000
0.998769 0.015387 0.047163 -0.112200 -0.017573 0.998773 0.046304 18.919500 -0.046392 -0.047076 0.997813 -3.736100 0.000000 0.000000 0.000000 1.000000
0.998327 0.019859 0.054294 -0.112200 -0.022061 0.998945 0.040267 18.919500 -0.053438 -0.041397 0.997713 -3.736100 0.000000 0.000000 0.000000 1.000000
0.998064 0.023176 0.057708 -0.112200 -0.025658 0.998761 0.042648 18.919500 -0.056648 -0.044046 0.997422 -3.736100 0.000000 0.000000 0.000000 1.000000
0.998143 0.022014 0.056803 -0.112200 -0.024908 0.998401 0.050744 18.919500 -0.055595 -0.052065 0.997095 -3.736100 0.000000 0.000000 0.000000 1.000000
0.998547 0.014405 0.051932 -0.112200 -0.017544 0.998013 0.060511 18.919500 -0.050957 -0.061334 0.996816 -3.736100 0.000000 0.000000 0.000000 1.000000
0.999025 0.003210 0.044040 -0.112200 -0.006254 0.997586 0.069165 18.919500 -0.043712 -0.069373 0.996633 -3.736100 0.000000 0.000000 0.000000 1.000000
0.999401 -0.005525 0.034165 -0.112200 0.002958 0.997199 0.074732 18.919500 -0.034482 -0.074586 0.996618 -3.736100 0.000000 0.000000 0.000000 1.000000
0.999698 -0.008752 0.022943 -0.112200 0.006994 0.997111 0.075630 18.919500 -0.023539 -0.075447 0.996872 -3.736100 0.000000 0.000000 0.000000 1.000000
0.999897 -0.009341 0.010891 -0.112200 0.008530 0.997344 0.072328 18.919500 -0.011538 -0.072228 0.997321 -3.736100 0.000000 0.000000 0.000000 1.000000
0.999934 -0.011437 -0.000458 -0.112200 0.011442 0.997591 0.068421 18.919500 -0.000326 -0.068422 0.997656 -3.736100 0.000000 0.000000 0.000000 1.000000
0.999873 -0.013834 -0.007962 -0.112200 0.014348 0.997545 0.068537 18.919500 0.006994 -0.068643 0.997617 -3.736100 0.000000 0.000000 0.000000 1.000000
0.999902 -0.011152 -0.008488 -0.112200 0.011750 0.997189 0.073995 18.919500 0.007639 -0.074088 0.997222 -3.736100 0.000000 0.000000 0.000000 1.000000
0.999996 -0.002219 -0.001715 -0.112200 0.002350 0.996728 0.080795 18.919500 0.001530 -0.080799 0.996729 -3.736100 0.000000 0.000000 0.000000 1.000000
0.999928 0.007326 0.009457 -0.112200 -0.008091 0.996471 0.083543 18.919500 -0.008812 -0.083614 0.996459 -3.736100 0.000000 0.000000 0.000000 1.000000
0.999704 0.011217 0.021576 -0.112200 -0.012904 0.996732 0.079743 18.919500 -0.020611 -0.079998 0.996582 -3.736100 0.000000 0.000000 0.000000 1.000000</float_array>
        <technique_common>
          <accessor source="#mixamorig_Neck-Matrix-animation-output-transform-array" count="18" stride="16">
            <param type="float4x4"/>
          </accessor>
        </technique_common>
      </source>
      <source id="mixamorig_Neck-Interpolations">
        <Name_array id="mixamorig_Neck-Interpolations-array" count="18">
 LINEAR LINEAR LINEAR LINEAR LINEAR LINEAR LINEAR LINEAR LINEAR LINEAR LINEAR
LINEAR LINEAR LINEAR LINEAR LINEAR LINEAR LINEAR</Name_array>
        <technique_common>
          <accessor source="#mixamorig_Neck-Interpolations-array" count="18">
            <param type="name"/>
          </accessor>
        </technique_common>
      </source>
      <sampler id="mixamorig_Neck-Matrix-animation-transform">
        <input semantic="INPUT" source="#mixamorig_Neck-Matrix-animation-input"/>
        <input semantic="OUTPUT" source="#mixamorig_Neck-Matrix-animation-output-transform"/>
        <input semantic="INTERPOLATION" source="#mixamorig_Neck-Interpolations"/>
      </sampler>
      <channel source="#mixamorig_Neck-Matrix-animation-transform" target="mixamorig_Neck/matrix"/>
    </animation>
    <animation id="mixamorig_Head-anim" name="mixamorig_Head">
      <source id="mixamorig_Head-Matrix-animation-input">
        <float_array id="mixamorig_Head-Matrix-animation-input-array" count="18">

0.000000 0.033333 0.066667 0.100000 0.133333 0.166667 0.200000 0.233333 0.266667 0.300000 0.333333 0.366667 0.400000 0.433333 0.466667 0.500000
0.533333 0.566667</float_array>
        <technique_common>
          <accessor source="#mixamorig_Head-Matrix-animation-input-array" count="18">
            <param name="TIME" type="float"/>
          </accessor>
        </technique_common>
      </source>
      <source id="mixamorig_Head-Matrix-animation-output-transform">
        <float_array id="mixamorig_Head-Matrix-animation-output-transform-array" count="288">

0.999430 0.033648 -0.002801 0.000000 -0.033021 0.991376 0.126823 8.673000 0.007044 -0.126658 0.991921 3.319300 0.000000 0.000000 0.000000 1.000000
0.997853 0.027002 0.059666 0.000000 -0.033118 0.994023 0.104026 8.673000 -0.056501 -0.105779 0.992783 3.319300 0.000000 0.000000 0.000000 1.000000
0.989955 0.042055 0.134982 0.000000 -0.052656 0.995721 0.075946 8.673000 -0.131210 -0.082291 0.987933 3.319300 0.000000 0.000000 0.000000 1.000000
0.976270 0.063559 0.207018 0.000000 -0.076073 0.995690 0.053054 8.673000 -0.202754 -0.067544 0.976897 3.319300 0.000000 0.000000 0.000000 1.000000
0.963057 0.072794 0.259271 -0.000000 -0.088116 0.994955 0.047957 8.673000 -0.254472 -0.069031 0.964613 3.319300 0.000000 0.000000 0.000000 1.000000
0.956266 0.066105 0.284932 -0.000000 -0.086817 0.994375 0.060669 8.673000 -0.279318 -0.082753 0.956626 3.319300 0.000000 0.000000 0.000000 1.000000
0.956140 0.056362 0.287436 0.000000 -0.082384 0.993445 0.079246 8.673000 -0.281086 -0.099450 0.954516 3.319300 0.000000 0.000000 0.000000 1.000000
0.961030 0.052633 0.271388 0.000000 -0.082149 0.991734 0.098566 8.673000 -0.263957 -0.117019 0.957410 3.319300 0.000000 0.000000 0.000000 1.000000
0.970756 0.049820 0.234844 -0.000000 -0.080661 0.989048 0.123603 8.673000 -0.226114 -0.138931 0.964142 3.319300 0.000000 0.000000 0.000000 1.000000
0.984220 0.040506 0.172253 0.000000 -0.067067 0.986211 0.151292 8.673000 -0.163749 -0.160457 0.973365 3.319300 0.000000 0.000000 0.000000 1.000000
0.995976 0.027253 0.085380 -0.000000 -0.041087 0.985484 0.164719 8.673000 -0.079652 -0.167564 0.982638 3.319300 0.000000 0.000000 0.000000 1.000000
0.999772 0.017999 -0.011494 -0.000000 -0.016017 0.987954 0.153917 8.673000 0.014126 -0.153697 0.988017 3.319300 0.000000 0.000000 0.000000 1.000000
0.995044 0.016057 -0.098130 0.000000 -0.003121 0.991433 0.130576 8.673000 0.099386 -0.129623 0.986570 3.319300 0.000000 0.000000 0.000000 1.000000
0.987262 0.019546 -0.157898 0.000000 -0.001470 0.993503 0.113792 8.673000 0.159096 -0.112111 0.980877 3.319300 0.000000 0.000000 0.000000 1.000000
0.983265 0.025532 -0.180383 0.000000 -0.005401 0.993781 0.111223 8.673000 0.182101 -0.108388 0.977288 3.319300 0.000000 0.000000 0.000000 1.000000
0.986690 0.031152 -0.159603 0.000000 -0.012250 0.992930 0.118071 8.673000 0.162153 -0.114544 0.980095 3.319300 0.000000 0.000000 0.000000 1.000000
0.994688 0.034060 -0.097134 0.000000 -0.021693 0.991838 0.125646 8.673000 0.100621 -0.122872 0.987308 3.319300 0.000000 0.000000 0.000000 1.000000
0.999430 0.033648 -0.002801 -0.000000 -0.033021 0.991376 0.126823 8.673000 0.007044 -0.126658 0.991921 3.319300 0.000000 0.000000 0.000000 1.000000</float_array>
        <technique_common>
          <accessor source="#mixamorig_Head-Matrix-animation-output-transform-array" count="18" stride="16">
            <param type="float4x4"/>
          </accessor>
        </technique_common>
      </source>
      <source id="mixamorig_Head-Interpolations">
        <Name_array id="mixamorig_Head-Interpolations-array" count="18">
 LINEAR LINEAR LINEAR LINEAR LINEAR LINEAR LINEAR LINEAR LINEAR LINEAR LINEAR
LINEAR LINEAR LINEAR LINEAR LINEAR LINEAR LINEAR</Name_array>
        <technique_common>
          <accessor source="#mixamorig_Head-Interpolations-array" count="18">
            <param type="name"/>
          </accessor>
        </technique_common>
      </source>
      <sampler id="mixamorig_Head-Matrix-animation-transform">
        <input semantic="INPUT" source="#mixamorig_Head-Matrix-animation-input"/>
        <input semantic="OUTPUT" source="#mixamorig_Head-Matrix-animation-output-transform"/>
        <input semantic="INTERPOLATION" source="#mixamorig_Head-Interpolations"/>
      </sampler>
      <channel source="#mixamorig_Head-Matrix-animation-transform" target="mixamorig_Head/matrix"/>
    </animation>
    <animation id="mixamorig_LeftShoulder-anim" name="mixamorig_LeftShoulder">
      <source id="mixamorig_LeftShoulder-Matrix-animation-input">
        <float_array id="mixamorig_LeftShoulder-Matrix-animation-input-array" count="18">

0.000000 0.033333 0.066667 0.100000 0.133333 0.166667 0.200000 0.233333 0.266667 0.300000 0.333333 0.366667 0.400000 0.433333 0.466667 0.500000
0.533333 0.566667</float_array>
        <technique_common>
          <accessor source="#mixamorig_LeftShoulder-Matrix-animation-input-array" count="18">
            <param name="TIME" type="float"/>
          </accessor>
        </technique_common>
      </source>
      <source id="mixamorig_LeftShoulder-Matrix-animation-output-transform">
        <float_array id="mixamorig_LeftShoulder-Matrix-animation-output-transform-array" count="288">

-0.024704 0.949872 -0.311662 6.339200 0.009413 -0.311522 -0.950192 14.952900 -0.999651 -0.026407 -0.001245 -4.642900 0.000000 0.000000 0.000000 1.000000
-0.002516 0.951234 -0.308459 6.339200 0.009658 -0.308422 -0.951201 14.952900 -0.999950 -0.005372 -0.008411 -4.642900 0.000000 0.000000 0.000000 1.000000
0.022594 0.953142 -0.301679 6.339200 0.009955 -0.301955 -0.953270 14.952900 -0.999695 0.018535 -0.016311 -4.642900 0.000000 0.000000 0.000000 1.000000
0.037412 0.955010 -0.294205 6.339200 0.010238 -0.294762 -0.955516 14.952900 -0.999247 0.032736 -0.020806 -4.642900 0.000000 0.000000 0.000000 1.000000
0.032267 0.955414 -0.293501 6.339200 0.010072 -0.293949 -0.955768 14.952900 -0.999429 0.027883 -0.019107 -4.642900 0.000000 0.000000 0.000000 1.000000
0.013164 0.951767 -0.306539 6.339200 0.009862 -0.306674 -0.951764 14.952900 -0.999865 0.009506 -0.013424 -4.642900 0.000000 0.000000 0.000000 1.000000
-0.004170 0.943511 -0.331314 6.339200 0.010583 -0.331257 -0.943481 14.952900 -0.999935 -0.007440 -0.008604 -4.642900 0.000000 0.000000 0.000000 1.000000
-0.013968 0.934403 -0.355944 6.339200 0.011659 -0.355802 -0.934488 14.952900 -0.999834 -0.017203 -0.005924 -4.642900 0.000000 0.000000 0.000000 1.000000
-0.025074 0.929759 -0.367314 6.339200 0.012191 -0.367118 -0.930095 14.952900 -0.999611 -0.027799 -0.002129 -4.642900 0.000000 0.000000 0.000000 1.000000
-0.044151 0.932742 -0.357832 6.339200 0.011864 -0.357666 -0.933774 14.952900 -0.998954 -0.045473 0.004725 -4.642900 0.000000 0.000000 0.000000 1.000000
-0.064390 0.942979 -0.326563 6.339200 0.009835 -0.326627 -0.945102 14.952900 -0.997876 -0.064067 0.011758 -4.642900 0.000000 0.000000 0.000000 1.000000
-0.075242 0.956768 -0.280951 6.339200 0.006159 -0.281299 -0.959601 14.952900 -0.997146 -0.073933 0.015273 -4.642900 0.000000 0.000000 0.000000 1.000000
-0.074502 0.968155 -0.239008 6.339200 0.002988 -0.239457 -0.970902 14.952900 -0.997216 -0.073049 0.014948 -4.642900 0.000000 0.000000 0.000000 1.000000
-0.065479 0.972729 -0.222511 6.339200 0.002485 -0.222830 -0.974854 14.952900 -0.997851 -0.064385 0.012173 -4.642900 0.000000 0.000000 0.000000 1.000000
-0.050806 0.969690 -0.238996 6.339200 0.004629 -0.239074 -0.970990 14.952900 -0.998698 -0.050438 0.007657 -4.642900 0.000000 0.000000 0.000000 1.000000
-0.035157 0.961465 -0.272671 6.339200 0.007237 -0.272587 -0.962104 14.952900 -0.999356 -0.035798 0.002625 -4.642900 0.000000 0.000000 0.000000 1.000000
-0.025539 0.953351 -0.300781 6.339200 0.008798 -0.300653 -0.953693 14.952900 -0.999635 -0.027003 -0.000709 -4.642900 0.000000 0.000000 0.000000 1.000000
-0.024704 0.949872 -0.311663 6.339200 0.009413 -0.311523 -0.950192 14.952900 -0.999651 -0.026407 -0.001245 -4.642900 0.000000 0.000000 0.000000 1.000000</float_array>
        <technique_common>
          <accessor source="#mixamorig_LeftShoulder-Matrix-animation-output-transform-array" count="18" stride="16">
            <param type="float4x4"/>
          </accessor>
        </technique_common>
      </source>
      <source id="mixamorig_LeftShoulder-Interpolations">
        <Name_array id="mixamorig_LeftShoulder-Interpolations-array" count="18">
 LINEAR LINEAR LINEAR LINEAR LINEAR LINEAR LINEAR LINEAR LINEAR LINEAR LINEAR
LINEAR LINEAR LINEAR LINEAR LINEAR LINEAR LINEAR</Name_array>
        <technique_common>
          <accessor source="#mixamorig_LeftShoulder-Interpolations-array" count="18">
            <param type="name"/>
          </accessor>
        </technique_common>
      </source>
      <sampler id="mixamorig_LeftShoulder-Matrix-animation-transform">
        <input semantic="INPUT" source="#mixamorig_LeftShoulder-Matrix-animation-input"/>
        <input semantic="OUTPUT" source="#mixamorig_LeftShoulder-Matrix-animation-output-transform"/>
        <input semantic="INTERPOLATION" source="#mixamorig_LeftShoulder-Interpolations"/>
      </sampler>
      <channel source="#mixamorig_LeftShoulder-Matrix-animation-transform" target="mixamorig_LeftShoulder/matrix"/>
    </animation>
    <animation id="mixamorig_LeftArm-anim" name="mixamorig_LeftArm">
      <source id="mixamorig_LeftArm-Matrix-animation-input">
        <float_array id="mixamorig_LeftArm-Matrix-animation-input-array" count="18">

0.000000 0.033333 0.066667 0.100000 0.133333 0.166667 0.200000 0.233333 0.266667 0.300000 0.333333 0.366667 0.400000 0.433333 0.466667 0.500000
0.533333 0.566667</float_array>
        <technique_common>
          <accessor source="#mixamorig_LeftArm-Matrix-animation-input-array" count="18">
            <param name="TIME" type="float"/>
          </accessor>
        </technique_common>
      </source>
      <source id="mixamorig_LeftArm-Matrix-animation-output-transform">
        <float_array id="mixamorig_LeftArm-Matrix-animation-output-transform-array" count="288">

0.869540 0.088711 0.485829 0.000000 0.249919 0.769434 -0.587803 9.143700 -0.425958 0.632536 0.646883 0.000000 0.000000 0.000000 0.000000 1.000000
0.894139 -0.174094 0.412562 0.000000 0.383972 0.772122 -0.506353 9.143700 -0.230395 0.611162 0.757231 -0.000000 0.000000 0.000000 0.000000 1.000000
0.883393 -0.372403 0.284489 -0.000000 0.465214 0.770076 -0.436531 9.143700 -0.056512 0.517977 0.853526 0.000000 0.000000 0.000000 0.000000 1.000000
0.865301 -0.491472 0.098536 0.000000 0.491645 0.793851 -0.357891 9.143700 0.097670 0.358128 0.928550 0.000000 0.000000 0.000000 0.000000 1.000000
0.849377 -0.520498 -0.087407 0.000000 0.479777 0.830466 -0.283092 9.143700 0.219937 0.198516 0.955102 0.000000 0.000000 0.000000 0.000000 1.000000
0.851064 -0.491505 -0.184699 0.000000 0.439940 0.859527 -0.260126 9.143700 0.286607 0.140127 0.947745 0.000000 0.000000 0.000000 0.000000 1.000000
0.895082 -0.421166 -0.146447 0.000000 0.362470 0.878527 -0.311136 9.143700 0.259698 0.225410 0.939014 0.000000 0.000000 0.000000 0.000000 1.000000
0.960968 -0.276532 0.008403 0.000000 0.255094 0.873892 -0.413810 9.143700 0.107088 0.399802 0.910324 0.000000 0.000000 0.000000 0.000000 1.000000
0.977408 -0.059945 0.202684 -0.000000 0.161877 0.828894 -0.535472 9.143700 -0.135904 0.556185 0.819871 0.000000 0.000000 0.000000 0.000000 1.000000
0.913347 0.170434 0.369796 0.000000 0.115829 0.761914 -0.637236 9.143700 -0.390360 0.624851 0.676151 -0.000000 0.000000 0.000000 0.000000 1.000000
0.779425 0.389014 0.491086 -0.000000 0.094513 0.701877 -0.706000 9.143700 -0.619326 0.596688 0.510293 0.000000 0.000000 0.000000 0.000000 1.000000
0.611297 0.573654 0.545194 0.000000 0.061053 0.652661 -0.755186 9.143700 -0.789043 0.494929 0.363947 0.000000 0.000000 0.000000 0.000000 1.000000
0.481691 0.689737 0.540590 0.000000 -0.011901 0.621963 -0.782956 9.143700 -0.876260 0.370710 0.307802 0.000000 0.000000 0.000000 0.000000 1.000000
0.444316 0.733024 0.515032 0.000000 -0.106710 0.614107 -0.781975 9.143700 -0.889492 0.292485 0.351078 0.000000 0.000000 0.000000 0.000000 1.000000
0.510799 0.706917 0.489236 0.000000 -0.159446 0.637105 -0.754105 9.143700 -0.844784 0.307189 0.438148 0.000000 0.000000 0.000000 0.000000 1.000000
0.652282 0.590551 0.475160 0.000000 -0.116471 0.697526 -0.707030 9.143700 -0.748974 0.405841 0.523766 0.000000 0.000000 0.000000 0.000000 1.000000
0.796237 0.371596 0.477413 0.000000 0.033509 0.760832 -0.648083 9.143700 -0.604056 0.532025 0.593351 -0.000000 0.000000 0.000000 0.000000 1.000000
0.869541 0.088711 0.485829 -0.000000 0.249919 0.769434 -0.587803 9.143700 -0.425958 0.632536 0.646883 -0.000000 0.000000 0.000000 0.000000 1.000000</float_array>
        <technique_common>
          <accessor source="#mixamorig_LeftArm-Matrix-animation-output-transform-array" count="18" stride="16">
            <param type="float4x4"/>
          </accessor>
        </technique_common>
      </source>
      <source id="mixamorig_LeftArm-Interpolations">
        <Name_array id="mixamorig_LeftArm-Interpolations-array" count="18">
 LINEAR LINEAR LINEAR LINEAR LINEAR LINEAR LINEAR LINEAR LINEAR LINEAR LINEAR
LINEAR LINEAR LINEAR LINEAR LINEAR LINEAR LINEAR</Name_array>
        <technique_common>
          <accessor source="#mixamorig_LeftArm-Interpolations-array" count="18">
            <param type="name"/>
          </accessor>
        </technique_common>
      </source>
      <sampler id="mixamorig_LeftArm-Matrix-animation-transform">
        <input semantic="INPUT" source="#mixamorig_LeftArm-Matrix-animation-input"/>
        <input semantic="OUTPUT" source="#mixamorig_LeftArm-Matrix-animation-output-transform"/>
        <input semantic="INTERPOLATION" source="#mixamorig_LeftArm-Interpolations"/>
      </sampler>
      <channel source="#mixamorig_LeftArm-Matrix-animation-transform" target="mixamorig_LeftArm/matrix"/>
    </animation>
    <animation id="mixamorig_LeftForeArm-anim" name="mixamorig_LeftForeArm">
      <source id="mixamorig_LeftForeArm-Matrix-animation-input">
        <float_array id="mixamorig_LeftForeArm-Matrix-animation-input-array" count="18">

0.000000 0.033333 0.066667 0.100000 0.133333 0.166667 0.200000 0.233333 0.266667 0.300000 0.333333 0.366667 0.400000 0.433333 0.466667 0.500000
0.533333 0.566667</float_array>
        <technique_common>
          <accessor source="#mixamorig_LeftForeArm-Matrix-animation-input-array" count="18">
            <param name="TIME" type="float"/>
          </accessor>
        </technique_common>
      </source>
      <source id="mixamorig_LeftForeArm-Matrix-animation-output-transform">
        <float_array id="mixamorig_LeftForeArm-Matrix-animation-output-transform-array" count="288">

0.134047 -0.990975 -0.000000 0.000000 0.990975 0.134047 -0.000000 24.573900 0.000000 -0.000000 1.000000 0.000000 0.000000 0.000000 0.000000 1.000000
0.134715 -0.990884 -0.000000 0.000000 0.990884 0.134715 0.000000 24.573900 -0.000000 -0.000000 1.000000 0.000000 0.000000 0.000000 0.000000 1.000000
0.089642 -0.995974 0.000000 -0.000000 0.995974 0.089642 -0.000000 24.573900 0.000000 0.000000 1.000000 -0.000000 0.000000 0.000000 0.000000 1.000000
-0.002352 -0.999997 -0.000000 0.000000 0.999997 -0.002352 -0.000000 24.573900 0.000000 -0.000000 1.000000 -0.000000 0.000000 0.000000 0.000000 1.000000
-0.112367 -0.993667 -0.000000 0.000000 0.993667 -0.112367 -0.000000 24.573900 0.000000 -0.000000 1.000000 -0.000000 0.000000 0.000000 0.000000 1.000000
-0.180100 -0.983648 0.000000 -0.000000 0.983648 -0.180100 -0.000000 24.573900 0.000000 0.000000 1.000000 0.000000 0.000000 0.000000 0.000000 1.000000
-0.148846 -0.988860 -0.000000 0.000000 0.988860 -0.148846 -0.000000 24.573900 0.000000 -0.000000 1.000000 0.000000 0.000000 0.000000 0.000000 1.000000
-0.008930 -0.999960 -0.000000 0.000000 0.999960 -0.008930 -0.000000 24.573900 0.000000 -0.000000 1.000000 0.000000 0.000000 0.000000 0.000000 1.000000
0.173742 -0.984791 -0.000000 0.000000 0.984791 0.173742 0.000000 24.573900 -0.000000 -0.000000 1.000000 0.000000 0.000000 0.000000 0.000000 1.000000
