<?xml version="1.0" encoding="utf-8"?>
<COLLADA xmlns="http://www.collada.org/2005/11/COLLADASchema" version="1.4.1">
  <asset>
    <contributor>
      <author>Mixamo</author>
      <authoring_tool>COLLADA Mixamo exporter</authoring_tool>
      <comments/>
    </contributor>
    <created>2024-11-02T23:46:23Z</created>
    <modified>2024-11-02T23:46:23Z</modified>
    <revision/>
    <title/>
    <unit meter="0.010000"/>
    <up_axis>Y_UP</up_axis>
  </asset>
  <library_animations>
    <animation id="mixamorig1_Hips-anim" name="mixamorig1_Hips">
      <source id="mixamorig1_Hips-Matrix-animation-input">
        <float_array id="mixamorig1_Hips-Matrix-animation-input-array" count="459">

0.000000 0.033333 0.066667 0.100000 0.133333 0.166667 0.200000 0.233333 0.266667 0.300000 0.333333 0.366667 0.400000 0.433333 0.466667 0.500000
0.533333 0.566667 0.600000 0.633333 0.666667 0.700000 0.733333 0.766667 0.800000 0.833333 0.866667 0.900000 0.933333 0.966667 1.000000 1.033333
1.066667 1.100000 1.133333 1.166667 1.200000 1.233333 1.266667 1.300000 1.333333 1.366667 1.400000 1.433333 1.466667 1.500000 1.533333 1.566667
1.600000 1.633333 1.666667 1.700000 1.733333 1.766667 1.800000 1.833333 1.866667 1.900000 1.933333 1.966667 2.000000 2.033333 2.066667 2.100000
2.133333 2.166667 2.200000 2.233333 2.266667 2.300000 2.333333 2.366667 2.400000 2.433333 2.466667 2.500000 2.533333 2.566667 2.600000 2.633333
2.666667 2.700000 2.733333 2.766667 2.800000 2.833333 2.866667 2.900000 2.933333 2.966667 3.000000 3.033333 3.066667 3.100000 3.133333 3.166667
3.200000 3.233333 3.266667 3.300000 3.333333 3.366667 3.400000 3.433333 3.466667 3.500000 3.533333 3.566667 3.600000 3.633333 3.666667 3.700000
3.733333 3.766667 3.800000 3.833333 3.866667 3.900000 3.933333 3.966667 4.000000 4.033333 4.066667 4.100000 4.133333 4.166667 4.200000 4.233333
4.266667 4.300000 4.333333 4.366667 4.400000 4.433333 4.466667 4.500000 4.533333 4.566667 4.600000 4.633333 4.666667 4.700000 4.733333 4.766667
4.800000 4.833333 4.866667 4.900000 4.933333 4.966667 5.000000 5.033333 5.066667 5.100000 5.133333 5.166667 5.200000 5.233333 5.266667 5.300000
5.333333 5.366667 5.400000 5.433333 5.466667 5.500000 5.533333 5.566667 5.600000 5.633333 5.666667 5.700000 5.733333 5.766667 5.800000 5.833333
5.866667 5.900000 5.933333 5.966667 6.000000 6.033333 6.066667 6.100000 6.133333 6.166667 6.200000 6.233333 6.266667 6.300000 6.333333 6.366667
6.400000 6.433333 6.466667 6.500000 6.533333 6.566667 6.600000 6.633333 6.666667 6.700000 6.733333 6.766667 6.800000 6.833333 6.866667 6.900000
6.933333 6.966667 7.000000 7.033333 7.066667 7.100000 7.133333 7.166667 7.200000 7.233333 7.266667 7.300000 7.333333 7.366667 7.400000 7.433333
7.466667 7.500000 7.533333 7.566667 7.600000 7.633333 7.666667 7.700000 7.733333 7.766667 7.800000 7.833333 7.866667 7.900000 7.933333 7.966667
8.000000 8.033333 8.066667 8.100000 8.133333 8.166667 8.200000 8.233333 8.266667 8.300000 8.333333 8.366667 8.400000 8.433333 8.466667 8.500000
8.533333 8.566667 8.600000 8.633333 8.666667 8.700000 8.733333 8.766667 8.800000 8.833333 8.866667 8.900000 8.933333 8.966667 9.000000 9.033333
9.066667 9.100000 9.133333 9.166667 9.200000 9.233333 9.266667 9.300000 9.333333 9.366667 9.400000 9.433333 9.466667 9.500000 9.533333 9.566667
9.600000 9.633333 9.666667 9.700000 9.733333 9.766667 9.800000 9.833333 9.866667 9.900000 9.933333 9.966667 10.000000 10.033333 10.066667 10.100000
10.133333 10.166667 10.200000 10.233333 10.266667 10.300000 10.333333 10.366667 10.400000 10.433333 10.466667 10.500000 10.533333 10.566667 10.600000 10.633333
10.666667 10.700000 10.733333 10.766667 10.800000 10.833333 10.866667 10.900000 10.933333 10.966667 11.000000 11.033333 11.066667 11.100000 11.133333 11.166667
11.200000 11.233333 11.266667 11.300000 11.333333 11.366667 11.400000 11.433333 11.466667 11.500000 11.533333 11.566667 11.600000 11.633333 11.666667 11.700000
11.733333 11.766667 11.800000 11.833333 11.866667 11.900000 11.933333 11.966667 12.000000 12.033333 12.066667 12.100000 12.133333 12.166667 12.200000 12.233333
12.266667 12.300000 12.333333 12.366667 12.400000 12.433333 12.466667 12.500000 12.533333 12.566667 12.600000 12.633333 12.666667 12.700000 12.733333 12.766667
12.800000 12.833333 12.866667 12.900000 12.933333 12.966667 13.000000 13.033333 13.066667 13.100000 13.133333 13.166667 13.200000 13.233333 13.266667 13.300000
13.333333 13.366667 13.400000 13.433333 13.466667 13.500000 13.533333 13.566667 13.600000 13.633333 13.666667 13.700000 13.733333 13.766667 13.800000 13.833333
13.866667 13.900000 13.933333 13.966667 14.000000 14.033333 14.066667 14.100000 14.133333 14.166667 14.200000 14.233333 14.266667 14.300000 14.333333 14.366667
14.400000 14.433333 14.466667 14.500000 14.533333 14.566667 14.600000 14.633333 14.666667 14.700000 14.733333 14.766667 14.800000 14.833333 14.866667 14.900000
14.933333 14.966667 15.000000 15.033333 15.066667 15.100000 15.133333 15.166667 15.200000 15.233333 15.266667</float_array>
        <technique_common>
          <accessor source="#mixamorig1_Hips-Matrix-animation-input-array" count="459">
            <param name="TIME" type="float"/>
          </accessor>
        </technique_common>
      </source>
      <source id="mixamorig1_Hips-Matrix-animation-output-transform">
        <float_array id="mixamorig1_Hips-Matrix-animation-output-transform-array" count="7344">

0.924688 -0.347061 -0.156525 0.813317 0.315092 0.928380 -0.197045 89.016258 0.213702 0.132885 0.967819 0.078627 0.000000 0.000000 0.000000 1.000000
0.926810 -0.364555 -0.090131 0.754316 0.335917 0.912105 -0.234999 88.109169 0.167879 0.187523 0.967808 -0.469443 0.000000 0.000000 0.000000 1.000000
0.927941 -0.372383 -0.016016 0.507578 0.355544 0.897240 -0.261818 86.882095 0.111867 0.237257 0.964984 -0.826034 0.000000 0.000000 0.000000 1.000000
0.926538 -0.372951 0.049342 0.133890 0.371807 0.887818 -0.271179 85.431984 0.057330 0.269603 0.961263 -0.982110 0.000000 0.000000 0.000000 1.000000
0.928330 -0.356820 0.104322 -0.501957 0.371734 0.887822 -0.271268 83.863556 0.004174 0.290606 0.956834 -1.011545 0.000000 0.000000 0.000000 1.000000
0.932416 -0.329063 0.149394 -1.364220 0.358372 0.895222 -0.264853 82.246933 -0.046588 0.300492 0.952646 -0.935623 0.000000 0.000000 0.000000 1.000000
0.937434 -0.298268 0.179594 -2.486803 0.336169 0.909653 -0.243972 80.777130 -0.090599 0.289081 0.953008 -0.779402 0.000000 0.000000 0.000000 1.000000
0.944457 -0.268030 0.190162 -3.733886 0.304882 0.930601 -0.202555 79.596390 -0.122674 0.249281 0.960630 -0.568855 0.000000 0.000000 0.000000 1.000000
0.955899 -0.226473 0.186995 -4.999742 0.255751 0.954897 -0.150878 78.661293 -0.144391 0.192048 0.970705 -0.350432 0.000000 0.000000 0.000000 1.000000
0.970706 -0.153190 0.185101 -6.161951 0.175451 0.978269 -0.110480 77.886406 -0.164155 0.139720 0.976489 -0.195542 0.000000 0.000000 0.000000 1.000000
0.980718 -0.039722 0.191346 -7.136954 0.058673 0.993803 -0.094413 77.333786 -0.186410 0.103819 0.976971 -0.158072 0.000000 0.000000 0.000000 1.000000
0.975655 0.098769 0.195810 -7.852787 -0.080298 0.991727 -0.100145 77.115410 -0.204082 0.081984 0.975515 -0.217992 0.000000 0.000000 0.000000 1.000000
0.954443 0.234041 0.185103 -8.280755 -0.214379 0.969326 -0.120199 77.198402 -0.207556 0.075041 0.975341 -0.341605 0.000000 0.000000 0.000000 1.000000
0.925856 0.344793 0.154627 -8.450705 -0.322969 0.934467 -0.149877 77.488052 -0.196170 0.088825 0.976539 -0.485765 0.000000 0.000000 0.000000 1.000000
0.899123 0.424092 0.108279 -8.425708 -0.401158 0.897401 -0.183695 77.932198 -0.175073 0.121728 0.977001 -0.619091 0.000000 0.000000 0.000000 1.000000
0.880132 0.471648 0.053996 -8.203642 -0.450914 0.866128 -0.215634 78.454521 -0.148471 0.165438 0.974980 -0.767673 0.000000 0.000000 0.000000 1.000000
0.870905 0.491445 -0.002491 -7.701915 -0.477231 0.844484 -0.243100 78.888710 -0.117367 0.212906 0.969998 -1.007787 0.000000 0.000000 0.000000 1.000000
0.870162 0.489002 -0.060791 -6.867448 -0.486353 0.832439 -0.265530 79.055290 -0.079240 0.260620 0.962184 -1.347819 0.000000 0.000000 0.000000 1.000000
0.873921 0.470024 -0.123848 -5.770278 -0.485128 0.827614 -0.282322 78.868690 -0.030200 0.306809 0.951292 -1.704705 0.000000 0.000000 0.000000 1.000000
0.876593 0.440679 -0.193358 -4.588821 -0.480320 0.825931 -0.295180 78.333923 0.029621 0.351626 0.935672 -1.999881 0.000000 0.000000 0.000000 1.000000
0.875096 0.403749 -0.266821 -3.462153 -0.474412 0.824605 -0.308156 77.472710 0.095604 0.396249 0.913152 -2.214060 0.000000 0.000000 0.000000 1.000000
0.870669 0.355643 -0.339784 -2.398689 -0.463210 0.825208 -0.323214 76.288109 0.165444 0.438804 0.883221 -2.346008 0.000000 0.000000 0.000000 1.000000
0.866269 0.291864 -0.405455 -1.345990 -0.438957 0.832181 -0.338809 74.849945 0.238526 0.471477 0.849008 -2.380242 0.000000 0.000000 0.000000 1.000000
0.866613 0.211981 -0.451714 -0.266017 -0.392307 0.848870 -0.354282 73.353760 0.308345 0.484236 0.818803 -2.332368 0.000000 0.000000 0.000000 1.000000
0.875700 0.115380 -0.468868 0.838389 -0.314188 0.873505 -0.371852 72.019348 0.366654 0.472944 0.801180 -2.251267 0.000000 0.000000 0.000000 1.000000
0.887595 0.003857 -0.460608 1.845039 -0.205970 0.897750 -0.389387 70.777466 0.412009 0.440489 0.797633 -2.082606 0.000000 0.000000 0.000000 1.000000
0.890541 -0.111513 -0.441023 2.632535 -0.084006 0.912500 -0.400358 69.818443 0.447079 0.393584 0.803251 -1.789849 0.000000 0.000000 0.000000 1.000000
0.880667 -0.216315 -0.421467 3.198588 0.031705 0.914582 -0.403155 69.225136 0.472675 0.341682 0.812300 -1.408780 0.000000 0.000000 0.000000 1.000000
0.864738 -0.304054 -0.399724 3.586399 0.133882 0.906669 -0.400035 68.985435 0.484049 0.292410 0.824738 -1.013255 0.000000 0.000000 0.000000 1.000000
0.852284 -0.371688 -0.368049 3.735730 0.222104 0.894189 -0.388709 69.039520 0.473584 0.249546 0.844657 -0.634482 0.000000 0.000000 0.000000 1.000000
0.848524 -0.416720 -0.326115 3.532350 0.294419 0.883886 -0.363405 69.239784 0.439687 0.212343 0.872689 -0.240975 0.000000 0.000000 0.000000 1.000000
0.853218 -0.438117 -0.282973 2.956873 0.346658 0.881744 -0.319930 69.416077 0.389676 0.174875 0.904196 0.190810 0.000000 0.000000 0.000000 1.000000
0.865987 -0.434800 -0.247015 2.104893 0.374033 0.891051 -0.257153 69.448135 0.331913 0.130300 0.934268 0.614767 0.000000 0.000000 0.000000 1.000000
0.888824 -0.404912 -0.214567 1.105288 0.371319 0.910776 -0.180582 69.225090 0.268542 0.080833 0.959870 0.922059 0.000000 0.000000 0.000000 1.000000
0.922678 -0.345865 -0.170419 0.050498 0.330985 0.937199 -0.110034 68.701492 0.197773 0.045120 0.979209 0.997877 0.000000 0.000000 0.000000 1.000000
0.961150 -0.255726 -0.103900 -0.982592 0.248432 0.965491 -0.078159 68.094574 0.120302 0.049310 0.991512 0.726213 0.000000 0.000000 0.000000 1.000000
0.989879 -0.139621 -0.025421 -1.963169 0.135999 0.984446 -0.111224 67.350121 0.040555 0.106641 0.993470 -0.039649 0.000000 0.000000 0.000000 1.000000
0.999156 -0.014071 0.038600 -2.806069 0.021839 0.977691 -0.208911 67.283592 -0.034799 0.209577 0.977173 -1.489885 0.000000 0.000000 0.000000 1.000000
0.992672 0.100364 0.067299 -3.507955 -0.071094 0.935413 -0.346336 68.004257 -0.097712 0.339014 0.935693 -3.492763 0.000000 0.000000 0.000000 1.000000
0.980172 0.189834 0.056793 -4.064063 -0.138032 0.859787 -0.491644 69.307167 -0.142161 0.474057 0.868942 -5.539103 0.000000 0.000000 0.000000 1.000000
0.968022 0.250058 0.020087 -4.421194 -0.184704 0.764624 -0.617442 71.078499 -0.169756 0.593988 0.786360 -7.123963 0.000000 0.000000 0.000000 1.000000
0.959275 0.281823 -0.019161 -4.559931 -0.212385 0.674871 -0.706712 73.290276 -0.186237 0.682001 0.707242 -8.109320 0.000000 0.000000 0.000000 1.000000
0.955945 0.290192 -0.044247 -4.543611 -0.221215 0.613086 -0.758412 75.661125 -0.192958 0.734789 0.650271 -8.642013 0.000000 0.000000 0.000000 1.000000
0.956618 0.285581 -0.057672 -4.459431 -0.220158 0.578923 -0.785098 78.079803 -0.190821 0.763736 0.616681 -8.920121 0.000000 0.000000 0.000000 1.000000
0.957250 0.280620 -0.070174 -4.317011 -0.221437 0.554818 -0.801962 80.523598 -0.186113 0.783217 0.593239 -9.010431 0.000000 0.000000 0.000000 1.000000
0.955895 0.281288 -0.084511 -4.071575 -0.227878 0.528747 -0.817617 82.886154 -0.185301 0.800814 0.569526 -8.935255 0.000000 0.000000 0.000000 1.000000
0.954272 0.283452 -0.094974 -3.716481 -0.231749 0.500776 -0.833976 85.059990 -0.188831 0.817850 0.543566 -8.747831 0.000000 0.000000 0.000000 1.000000
0.954896 0.280557 -0.097269 -3.307945 -0.226338 0.475657 -0.850013 86.975677 -0.192210 0.833689 0.517704 -8.505728 0.000000 0.000000 0.000000 1.000000
0.957968 0.271147 -0.093682 -2.920251 -0.213975 0.457844 -0.862898 88.602928 -0.191081 0.846675 0.496619 -8.235915 0.000000 0.000000 0.000000 1.000000
0.961543 0.259132 -0.091028 -2.617231 -0.203559 0.449859 -0.869592 89.971237 -0.184389 0.854680 0.485308 -7.928794 0.000000 0.000000 0.000000 1.000000
0.964307 0.247769 -0.093396 -2.411468 -0.199976 0.450275 -0.870208 91.127426 -0.173557 0.857824 0.483751 -7.568126 0.000000 0.000000 0.000000 1.000000
0.966769 0.235764 -0.098863 -2.235843 -0.199702 0.454996 -0.867812 92.074951 -0.159617 0.858717 0.486958 -7.157664 0.000000 0.000000 0.000000 1.000000
0.969924 0.219968 -0.104223 -2.027507 -0.197582 0.461418 -0.864902 92.810638 -0.142160 0.859481 0.491002 -6.714825 0.000000 0.000000 0.000000 1.000000
0.974091 0.198707 -0.107988 -1.773484 -0.191405 0.470032 -0.861646 93.367386 -0.120457 0.859992 0.495888 -6.262369 0.000000 0.000000 0.000000 1.000000
0.979212 0.171582 -0.108187 -1.516223 -0.179260 0.482415 -0.857404 93.811142 -0.094924 0.858974 0.503144 -5.823192 0.000000 0.000000 0.000000 1.000000
0.984953 0.138524 -0.103334 -1.288317 -0.159463 0.497977 -0.852403 94.191727 -0.066621 0.856055 0.512574 -5.413340 0.000000 0.000000 0.000000 1.000000
0.990373 0.100071 -0.095641 -1.104632 -0.133755 0.513879 -0.847371 94.525482 -0.035649 0.852006 0.522317 -5.023764 0.000000 0.000000 0.000000 1.000000
0.994367 0.056396 -0.089741 -0.955719 -0.105991 0.528835 -0.842080 94.797363 -0.000031 0.846849 0.531834 -4.637867 0.000000 0.000000 0.000000 1.000000
0.996241 0.004656 -0.086496 -0.803981 -0.075044 0.545126 -0.834989 94.955536 0.043264 0.838341 0.543426 -4.266164 0.000000 0.000000 0.000000 1.000000
0.995066 -0.059002 -0.079766 -0.639147 -0.032452 0.566188 -0.823637 94.876747 0.093759 0.822162 0.561480 -3.933301 0.000000 0.000000 0.000000 1.000000
0.989453 -0.130953 -0.061922 -0.593282 0.028286 0.593917 -0.804029 94.324501 0.142067 0.793797 0.591357 -3.660154 0.000000 0.000000 0.000000 1.000000
0.980642 -0.192269 -0.037057 -0.842147 0.094371 0.629908 -0.770915 93.106438 0.171565 0.752495 0.635859 -3.468483 0.000000 0.000000 0.000000 1.000000
0.976556 -0.213995 -0.023315 -1.366100 0.131838 0.680202 -0.721071 91.272858 0.170165 0.701093 0.692468 -3.327270 0.000000 0.000000 0.000000 1.000000
0.984439 -0.171010 -0.040454 -2.010164 0.103183 0.748851 -0.654656 89.381439 0.142247 0.640295 0.754843 -3.064750 0.000000 0.000000 0.000000 1.000000
0.994277 -0.059301 -0.088866 -2.664847 -0.002638 0.817925 -0.575319 88.142975 0.106803 0.572261 0.813087 -2.530896 0.000000 0.000000 0.000000 1.000000
0.985316 0.085859 -0.147582 -3.233421 -0.148661 0.856536 -0.494212 87.878532 0.083977 0.508895 0.856723 -1.745609 0.000000 0.000000 0.000000 1.000000
0.960682 0.200461 -0.192110 -3.628284 -0.265438 0.866052 -0.423671 88.427284 0.081448 0.458006 0.885210 -0.827131 0.000000 0.000000 0.000000 1.000000
0.948132 0.239452 -0.209066 -3.760298 -0.302972 0.879760 -0.366376 89.431168 0.096199 0.410714 0.906675 0.163378 0.000000 0.000000 0.000000 1.000000
0.960576 0.191674 -0.201382 -3.571604 -0.249045 0.915197 -0.316846 90.523987 0.123573 0.354507 0.926852 1.270283 0.000000 0.000000 0.000000 1.000000
0.978359 0.081182 -0.190325 -3.157535 -0.130686 0.955575 -0.264193 91.604393 0.160422 0.283348 0.945504 2.547041 0.000000 0.000000 0.000000 1.000000
0.979754 -0.036934 -0.196770 -2.795752 -0.003987 0.979042 -0.203621 92.680237 0.200167 0.200283 0.959072 3.968757 0.000000 0.000000 0.000000 1.000000
0.969771 -0.109081 -0.218279 -2.712505 0.078885 0.986634 -0.142583 93.671974 0.230915 0.121054 0.965414 5.389134 0.000000 0.000000 0.000000 1.000000
0.965469 -0.119921 -0.231275 -2.932367 0.100782 0.990561 -0.092908 94.435730 0.240233 0.066392 0.968442 6.647927 0.000000 0.000000 0.000000 1.000000
0.972793 -0.085320 -0.215394 -3.340802 0.073092 0.995262 -0.064124 94.957458 0.219844 0.046636 0.974420 7.642632 0.000000 0.000000 0.000000 1.000000
0.985054 -0.030057 -0.169604 -3.831665 0.020780 0.998203 -0.056211 95.357292 0.170988 0.051846 0.983908 8.364928 0.000000 0.000000 0.000000 1.000000
0.993819 0.025441 -0.108056 -4.341230 -0.031870 0.997797 -0.058188 95.742760 0.106338 0.061272 0.992440 8.905759 0.000000 0.000000 0.000000 1.000000
0.996440 0.068653 -0.048920 -4.797112 -0.071439 0.995776 -0.057678 96.146690 0.044753 0.060968 0.997136 9.407265 0.000000 0.000000 0.000000 1.000000
0.995396 0.095446 -0.008753 -5.137000 -0.095763 0.994183 -0.049286 96.590134 0.003998 0.049897 0.998746 9.975150 0.000000 0.000000 0.000000 1.000000
0.993842 0.110794 0.001938 -5.336138 -0.110656 0.993227 -0.035429 97.070816 -0.005850 0.034997 0.999370 10.618969 0.000000 0.000000 0.000000 1.000000
0.992287 0.123068 -0.014847 -5.397838 -0.123386 0.992095 -0.022892 97.509483 0.011912 0.024548 0.999628 11.261744 0.000000 0.000000 0.000000 1.000000
0.989406 0.137806 -0.045657 -5.338745 -0.138691 0.990193 -0.016812 97.746727 0.042892 0.022966 0.998816 11.783920 0.000000 0.000000 0.000000 1.000000
0.984660 0.155575 -0.078997 -5.185394 -0.157050 0.987508 -0.012781 97.635651 0.076022 0.024992 0.996793 12.045619 0.000000 0.000000 0.000000 1.000000
0.978583 0.170899 -0.114759 -4.950413 -0.171755 0.985137 0.002462 97.171730 0.113474 0.017301 0.993390 11.905906 0.000000 0.000000 0.000000 1.000000
0.971693 0.173834 -0.159981 -4.590197 -0.170269 0.984746 0.035835 96.532028 0.163770 -0.007581 0.986469 11.289875 0.000000 0.000000 0.000000 1.000000
0.962415 0.158804 -0.220313 -4.040650 -0.145056 0.986396 0.077343 95.924194 0.229599 -0.042478 0.972358 10.285960 0.000000 0.000000 0.000000 1.000000
0.947421 0.130350 -0.292236 -3.326349 -0.101730 0.988583 0.111148 95.428131 0.303387 -0.075575 0.949866 9.146763 0.000000 0.000000 0.000000 1.000000
0.927889 0.094656 -0.360641 -2.584992 -0.051247 0.990436 0.128104 95.076622 0.369318 -0.100384 0.923865 8.154821 0.000000 0.000000 0.000000 1.000000
0.912639 0.049337 -0.405777 -1.922550 0.001551 0.992264 0.124134 94.918106 0.408763 -0.113919 0.905503 7.444911 0.000000 0.000000 0.000000 1.000000
0.911065 -0.011559 -0.412100 -1.387047 0.057414 0.993423 0.099067 94.855110 0.408245 -0.113917 0.905737 6.907971 0.000000 0.000000 0.000000 1.000000
0.923865 -0.076627 -0.374970 -1.026766 0.107369 0.992299 0.061760 94.898537 0.367349 -0.097319 0.924978 6.369887 0.000000 0.000000 0.000000 1.000000
0.942810 -0.125555 -0.308780 -0.869063 0.140848 0.989645 0.027651 95.150246 0.302111 -0.069561 0.950731 5.802808 0.000000 0.000000 0.000000 1.000000
0.958971 -0.150700 -0.240133 -0.925962 0.156671 0.987634 0.005857 95.548508 0.236281 -0.043238 0.970722 5.304892 0.000000 0.000000 0.000000 1.000000
0.969109 -0.161711 -0.186218 -1.158109 0.163553 0.986519 -0.005533 95.819229 0.184602 -0.025094 0.982493 4.913797 0.000000 0.000000 0.000000 1.000000
0.974534 -0.172452 -0.143331 -1.510736 0.172658 0.984919 -0.011098 95.796814 0.143083 -0.013932 0.989613 4.604044 0.000000 0.000000 0.000000 1.000000
0.976681 -0.191850 -0.096375 -1.982127 0.191514 0.981406 -0.012814 95.547165 0.097041 -0.005942 0.995263 4.377451 0.000000 0.000000 0.000000 1.000000
0.974869 -0.219595 -0.037517 -2.626597 0.219227 0.975578 -0.013704 95.221153 0.039611 0.005135 0.999202 4.223558 0.000000 0.000000 0.000000 1.000000
0.968189 -0.248753 0.027075 -3.530508 0.249303 0.968234 -0.019270 94.820839 -0.021421 0.025407 0.999448 4.068294 0.000000 0.000000 0.000000 1.000000
0.958109 -0.273464 0.085109 -4.717173 0.276891 0.960393 -0.031243 94.272926 -0.073194 0.053500 0.995882 3.849248 0.000000 0.000000 0.000000 1.000000
0.946804 -0.295785 0.126784 -6.104922 0.303159 0.951969 -0.043013 93.598007 -0.107972 0.079161 0.990997 3.640604 0.000000 0.000000 0.000000 1.000000
0.934582 -0.323809 0.147322 -7.655081 0.333546 0.941593 -0.046361 92.839661 -0.123705 0.092466 0.988001 3.582858 0.000000 0.000000 0.000000 1.000000
0.921648 -0.358419 0.148663 -9.485480 0.367960 0.928909 -0.041646 91.937958 -0.123167 0.093085 0.988011 3.691487 0.000000 0.000000 0.000000 1.000000
0.911783 -0.386074 0.139996 -11.741783 0.394019 0.918502 -0.033215 90.798851 -0.115763 0.085445 0.989595 3.845437 0.000000 0.000000 0.000000 1.000000
0.911267 -0.390431 0.130982 -14.348225 0.395406 0.918410 -0.013321 89.487389 -0.115094 0.063930 0.991295 4.006241 0.000000 0.000000 0.000000 1.000000
0.922253 -0.364276 0.129434 -17.013350 0.362904 0.931173 0.034879 88.363625 -0.133231 0.014805 0.990974 4.304630 0.000000 0.000000 0.000000 1.000000
0.938977 -0.310725 0.147553 -19.566452 0.295900 0.948376 0.114137 87.764420 -0.175401 -0.063511 0.982446 4.809144 0.000000 0.000000 0.000000 1.000000
0.952885 -0.232016 0.195392 -22.068645 0.192976 0.960678 0.199645 87.800453 -0.234030 -0.152533 0.960189 5.389912 0.000000 0.000000 0.000000 1.000000
0.956153 -0.128968 0.262943 -24.586758 0.060154 0.965161 0.254648 88.214508 -0.286624 -0.227665 0.930599 5.888916 0.000000 0.000000 0.000000 1.000000
0.946733 -0.019617 0.321422 -27.020676 -0.068745 0.962820 0.261249 88.646759 -0.314597 -0.269430 0.910185 6.254771 0.000000 0.000000 0.000000 1.000000
0.934097 0.064984 0.351056 -29.091015 -0.153459 0.960907 0.230452 89.103462 -0.322356 -0.269137 0.907552 6.434422 0.000000 0.000000 0.000000 1.000000
0.928470 0.110999 0.354433 -30.548098 -0.186194 0.964824 0.185596 89.720276 -0.321365 -0.238314 0.916478 6.403900 0.000000 0.000000 0.000000 1.000000
0.931351 0.129928 0.340153 -31.426678 -0.188753 0.971131 0.145869 90.452995 -0.311381 -0.200060 0.928988 6.285985 0.000000 0.000000 0.000000 1.000000
0.939727 0.142627 0.310757 -31.936882 -0.186208 0.975725 0.115269 91.246300 -0.286773 -0.166187 0.943474 6.215310 0.000000 0.000000 0.000000 1.000000
0.949791 0.159112 0.269409 -32.240509 -0.188539 0.978208 0.086960 92.115875 -0.249701 -0.133388 0.959092 6.219109 0.000000 0.000000 0.000000 1.000000
0.957805 0.176684 0.226699 -32.371147 -0.193920 0.979419 0.055973 92.988029 -0.212143 -0.097573 0.972355 6.290439 0.000000 0.000000 0.000000 1.000000
0.962489 0.190095 0.193595 -32.329571 -0.197949 0.979968 0.021886 93.789917 -0.185556 -0.059387 0.980837 6.418140 0.000000 0.000000 0.000000 1.000000
0.965089 0.198360 0.171047 -32.107128 -0.198905 0.979917 -0.014123 94.475578 -0.170413 -0.020392 0.985162 6.595844 0.000000 0.000000 0.000000 1.000000
0.967692 0.202652 0.150014 -31.675406 -0.197414 0.979086 -0.049184 95.044403 -0.156844 0.017980 0.987460 6.825728 0.000000 0.000000 0.000000 1.000000
0.971711 0.202053 0.122280 -30.986637 -0.193509 0.977973 -0.078246 95.526001 -0.135397 0.052370 0.989406 7.109496 0.000000 0.000000 0.000000 1.000000
0.976835 0.194580 0.089060 -29.979092 -0.185676 0.977581 -0.099293 95.888214 -0.106384 0.080457 0.991065 7.433165 0.000000 0.000000 0.000000 1.000000
0.982122 0.179099 0.057967 -28.613602 -0.171526 0.978276 -0.116421 96.076668 -0.077558 0.104397 0.991507 7.764758 0.000000 0.000000 0.000000 1.000000
0.987225 0.155747 0.033615 -26.905651 -0.150078 0.979806 -0.132124 96.140755 -0.053514 0.125391 0.990663 8.085075 0.000000 0.000000 0.000000 1.000000
0.991958 0.125884 0.013117 -24.924955 -0.122781 0.982271 -0.141661 96.185928 -0.030717 0.138912 0.989828 8.389944 0.000000 0.000000 0.000000 1.000000
0.995773 0.091347 -0.009565 -22.773958 -0.091782 0.985781 -0.140752 96.260124 -0.003428 0.141035 0.989999 8.655397 0.000000 0.000000 0.000000 1.000000
0.997998 0.051251 -0.037045 -20.587524 -0.055783 0.989416 -0.133953 96.335999 0.029788 0.135751 0.990295 8.838547 0.000000 0.000000 0.000000 1.000000
0.997732 -0.000649 -0.067303 -18.521610 -0.008146 0.991438 -0.130322 96.361115 0.066812 0.130575 0.989185 8.915780 0.000000 0.000000 0.000000 1.000000
0.992821 -0.070946 -0.096300 -16.732542 0.057894 0.989539 -0.132140 96.248573 0.104667 0.125616 0.986542 8.913483 0.000000 0.000000 0.000000 1.000000
0.980497 -0.155058 -0.120759 -15.355207 0.139244 0.981696 -0.129939 95.927208 0.138696 0.110590 0.984141 8.899981 0.000000 0.000000 0.000000 1.000000
0.962088 -0.234426 -0.139394 -14.485958 0.220449 0.969329 -0.108646 95.391632 0.160589 0.073798 0.984259 8.930320 0.000000 0.000000 0.000000 1.000000
0.946302 -0.288016 -0.146830 -14.196548 0.282108 0.957502 -0.060047 94.742889 0.157885 0.015401 0.987337 8.981750 0.000000 0.000000 0.000000 1.000000
0.944413 -0.303754 -0.125771 -14.546450 0.307481 0.951492 0.010886 94.055206 0.116364 -0.048953 0.992000 8.962482 0.000000 0.000000 0.000000 1.000000
0.958721 -0.278405 -0.057833 -15.524293 0.282807 0.954743 0.092117 93.346344 0.029570 -0.104670 0.994067 8.805549 0.000000 0.000000 0.000000 1.000000
0.975679 -0.212715 0.052946 -16.893026 0.201259 0.964993 0.168174 92.605698 -0.086866 -0.153428 0.984334 8.555882 0.000000 0.000000 0.000000 1.000000
0.977943 -0.119261 0.171475 -18.414005 0.080594 0.972844 0.216979 91.988892 -0.192696 -0.198373 0.960998 8.326007 0.000000 0.000000 0.000000 1.000000
0.967688 -0.014762 0.251720 -20.005838 -0.042692 0.974281 0.221256 91.677994 -0.248512 -0.224853 0.942169 8.116926 0.000000 0.000000 0.000000 1.000000
0.959784 0.088154 0.266540 -21.559086 -0.141210 0.972167 0.186951 91.569305 -0.242641 -0.217071 0.945519 7.844715 0.000000 0.000000 0.000000 1.000000
0.959355 0.173933 0.222226 -22.890499 -0.207784 0.968220 0.139197 91.534882 -0.190953 -0.179714 0.965008 7.427733 0.000000 0.000000 0.000000 1.000000
0.960396 0.233781 0.151610 -23.803846 -0.249896 0.963348 0.097535 91.577690 -0.123251 -0.131559 0.983616 6.808421 0.000000 0.000000 0.000000 1.000000
0.958238 0.272534 0.086635 -24.194201 -0.278344 0.958354 0.063897 91.727249 -0.065613 -0.085342 0.994189 5.980504 0.000000 0.000000 0.000000 1.000000
0.952945 0.300800 0.037623 -24.067656 -0.302096 0.952619 0.035424 91.917572 -0.025184 -0.045123 0.998664 5.017319 0.000000 0.000000 0.000000 1.000000
0.945346 0.326025 -0.005426 -23.476759 -0.325902 0.945262 0.016388 91.962769 0.010472 -0.013725 0.999851 4.056627 0.000000 0.000000 0.000000 1.000000
0.935667 0.348021 -0.058389 -22.471743 -0.347872 0.937452 0.013024 91.756508 0.059270 0.008126 0.998209 3.225679 0.000000 0.000000 0.000000 1.000000
0.923304 0.361826 -0.128806 -21.074240 -0.361742 0.931946 0.024882 91.327988 0.129043 0.023620 0.991358 2.596934 0.000000 0.000000 0.000000 1.000000
0.906570 0.365163 -0.211628 -19.305458 -0.363875 0.930289 0.046445 90.785629 0.213835 0.034901 0.976246 2.185865 0.000000 0.000000 0.000000 1.000000
0.885387 0.360066 -0.294011 -17.178463 -0.354806 0.932083 0.073031 90.207497 0.300339 0.039656 0.953008 1.949170 0.000000 0.000000 0.000000 1.000000
0.863772 0.348190 -0.364228 -14.731694 -0.334876 0.936793 0.101379 89.662193 0.376505 0.034403 0.925776 1.848281 0.000000 0.000000 0.000000 1.000000
0.848159 0.324449 -0.418758 -12.029499 -0.298906 0.945747 0.127345 89.242325 0.437356 0.017161 0.899125 1.853240 0.000000 0.000000 0.000000 1.000000
0.842544 0.277677 -0.461536 -9.195446 -0.236649 0.960577 0.145910 89.034882 0.483856 -0.013714 0.875040 1.916436 0.000000 0.000000 0.000000 1.000000
0.843658 0.200548 -0.498018 -6.409833 -0.142308 0.977966 0.152744 89.058655 0.517677 -0.057992 0.853608 1.959734 0.000000 0.000000 0.000000 1.000000
0.842794 0.101292 -0.528619 -3.835578 -0.027065 0.988865 0.146332 89.310036 0.537555 -0.109021 0.836151 1.947946 0.000000 0.000000 0.000000 1.000000
0.838072 0.005465 -0.545532 -1.542169 0.078533 0.988327 0.130549 89.685913 0.539877 -0.152252 0.827860 1.914098 0.000000 0.000000 0.000000 1.000000
0.839522 -0.062639 -0.539703 0.443481 0.145706 0.982902 0.112573 90.120293 0.523424 -0.173146 0.834295 1.907386 0.000000 0.000000 0.000000 1.000000
0.855513 -0.097495 -0.508519 2.051442 0.169168 0.980847 0.096550 90.643211 0.489366 -0.168625 0.855620 1.935704 0.000000 0.000000 0.000000 1.000000
0.882718 -0.110461 -0.456735 3.202257 0.166082 0.982583 0.083345 91.333298 0.439574 -0.149426 0.885690 1.959913 0.000000 0.000000 0.000000 1.000000
0.912227 -0.115724 -0.393001 3.918971 0.156553 0.984941 0.073360 92.175247 0.378593 -0.128447 0.916607 1.950088 0.000000 0.000000 0.000000 1.000000
0.937606 -0.121005 -0.325965 4.281404 0.150482 0.986361 0.066690 93.034233 0.313449 -0.111581 0.943027 1.961132 0.000000 0.000000 0.000000 1.000000
0.956923 -0.126685 -0.261245 4.372995 0.147677 0.987073 0.062271 93.817825 0.249979 -0.098168 0.963262 2.061704 0.000000 0.000000 0.000000 1.000000
0.970873 -0.130795 -0.200742 4.265113 0.145105 0.987700 0.058249 94.508995 0.190654 -0.085681 0.977911 2.248236 0.000000 0.000000 0.000000 1.000000
0.980597 -0.133811 -0.143262 3.999273 0.142633 0.988348 0.053150 95.048302 0.134481 -0.072552 0.988257 2.480771 0.000000 0.000000 0.000000 1.000000
0.986786 -0.137873 -0.085119 3.633876 0.142130 0.988772 0.046133 95.382904 0.077803 -0.057621 0.995302 2.719442 0.000000 0.000000 0.000000 1.000000
0.989374 -0.143597 -0.022799 3.252281 0.144372 0.988829 0.037067 95.547775 0.017222 -0.039965 0.999053 2.948604 0.000000 0.000000 0.000000 1.000000
0.987948 -0.148807 0.042615 2.902158 0.147748 0.988656 0.027009 95.647636 -0.046150 -0.020387 0.998726 3.175010 0.000000 0.000000 0.000000 1.000000
0.982861 -0.151474 0.105070 2.585757 0.150515 0.988461 0.017037 95.757584 -0.106439 -0.000930 0.994319 3.399175 0.000000 0.000000 0.000000 1.000000
0.975336 -0.153545 0.158566 2.295752 0.154432 0.987980 0.006789 95.847282 -0.157702 0.017866 0.987325 3.601633 0.000000 0.000000 0.000000 1.000000
0.966615 -0.159842 0.200263 2.041998 0.164195 0.986414 -0.005211 95.839447 -0.196709 0.037920 0.979728 3.762708 0.000000 0.000000 0.000000 1.000000
0.957791 -0.174577 0.228383 1.804261 0.183917 0.982736 -0.020100 95.666901 -0.220931 0.061255 0.973364 3.888262 0.000000 0.000000 0.000000 1.000000
0.950047 -0.198494 0.240853 1.492185 0.213413 0.976252 -0.037252 95.286964 -0.227739 0.086792 0.969846 4.012879 0.000000 0.000000 0.000000 1.000000
0.943621 -0.230428 0.237659 0.965443 0.249687 0.966821 -0.053975 94.683929 -0.217336 0.110273 0.969848 4.187181 0.000000 0.000000 0.000000 1.000000
0.936398 -0.270308 0.223814 0.092582 0.291039 0.954510 -0.064861 93.866211 -0.196100 0.125874 0.972471 4.473625 0.000000 0.000000 0.000000 1.000000
0.925700 -0.313838 0.211151 -1.134147 0.332685 0.941149 -0.059665 92.993179 -0.179999 0.125478 0.975631 4.913097 0.000000 0.000000 0.000000 1.000000
0.912059 -0.348105 0.216731 -2.639170 0.361591 0.932009 -0.024710 92.298141 -0.193394 0.100905 0.975919 5.495370 0.000000 0.000000 0.000000 1.000000
0.898527 -0.355979 0.256765 -4.311310 0.356437 0.933165 0.046422 91.975975 -0.256129 0.049809 0.965358 6.190468 0.000000 0.000000 0.000000 1.000000
0.882198 -0.329203 0.336679 -6.093121 0.298976 0.943991 0.139624 91.895790 -0.363786 -0.022517 0.931210 6.944814 0.000000 0.000000 0.000000 1.000000
0.855747 -0.271714 0.440304 -7.935880 0.189687 0.956510 0.221603 91.937164 -0.481368 -0.106116 0.870071 7.697300 0.000000 0.000000 0.000000 1.000000
0.822390 -0.200392 0.532464 -9.832918 0.064281 0.962649 0.263010 92.049973 -0.565282 -0.182069 0.804554 8.407331 0.000000 0.000000 0.000000 1.000000
0.803576 -0.133601 0.580014 -11.745543 -0.027519 0.965101 0.260429 92.239914 -0.594566 -0.225236 0.771855 9.080834 0.000000 0.000000 0.000000 1.000000
0.817673 -0.081218 0.569925 -13.541254 -0.064387 0.970884 0.230733 92.478897 -0.572071 -0.225360 0.788637 9.745545 0.000000 0.000000 0.000000 1.000000
0.857307 -0.041972 0.513092 -15.141193 -0.067298 0.978981 0.192528 92.719482 -0.510388 -0.199585 0.836462 10.336576 0.000000 0.000000 0.000000 1.000000
0.898811 -0.002124 0.438331 -16.601154 -0.073707 0.985017 0.155913 92.884865 -0.432095 -0.172444 0.885188 10.703293 0.000000 0.000000 0.000000 1.000000
0.926408 0.047902 0.373462 -17.970129 -0.101146 0.987077 0.124295 92.990540 -0.362682 -0.152922 0.919281 10.714970 0.000000 0.000000 0.000000 1.000000
0.938988 0.101898 0.328509 -19.143089 -0.141174 0.985127 0.097953 93.075340 -0.313642 -0.138353 0.939408 10.382807 0.000000 0.000000 0.000000 1.000000
0.942960 0.153160 0.295582 -19.955498 -0.181693 0.980757 0.071441 93.030525 -0.278952 -0.121071 0.952643 9.818926 0.000000 0.000000 0.000000 1.000000
0.945305 0.200798 0.257059 -20.385424 -0.217970 0.975142 0.039839 92.779282 -0.242669 -0.093691 0.965574 9.163720 0.000000 0.000000 0.000000 1.000000
0.950005 0.241948 0.197361 -20.540995 -0.248601 0.968561 0.009278 92.444359 -0.188912 -0.057879 0.980287 8.535904 0.000000 0.000000 0.000000 1.000000
0.955093 0.273201 0.114707 -20.504337 -0.273931 0.961701 -0.009658 92.149849 -0.112952 -0.022198 0.993352 7.991191 0.000000 0.000000 0.000000 1.000000
0.954766 0.296629 0.020814 -20.284876 -0.296329 0.954946 -0.016333 91.823586 -0.024721 0.009426 0.999650 7.530247 0.000000 0.000000 0.000000 1.000000
0.945904 0.316202 -0.072673 -19.892767 -0.318302 0.947797 -0.019097 91.272583 0.062841 0.041196 0.997173 7.117631 0.000000 0.000000 0.000000 1.000000
0.928858 0.332319 -0.163666 -19.358356 -0.340315 0.940038 -0.022679 90.312088 0.146316 0.076764 0.986255 6.670613 0.000000 0.000000 0.000000 1.000000
0.904717 0.340046 -0.256623 -18.686983 -0.357519 0.933615 -0.023305 88.815239 0.231663 0.112832 0.966230 6.095519 0.000000 0.000000 0.000000 1.000000
0.875880 0.327931 -0.353972 -17.772087 -0.356807 0.934012 -0.017597 86.794411 0.324844 0.141713 0.935090 5.387249 0.000000 0.000000 0.000000 1.000000
0.847843 0.279316 -0.450716 -16.378839 -0.318285 0.947928 -0.011282 84.515800 0.424095 0.153021 0.892596 4.709406 0.000000 0.000000 0.000000 1.000000
0.823200 0.183782 -0.537184 -14.364478 -0.228210 0.973469 -0.016673 82.424995 0.519868 0.136316 0.843300 4.331395 0.000000 0.000000 0.000000 1.000000
0.794316 0.051238 -0.605341 -11.986828 -0.096975 0.994354 -0.043084 80.919395 0.599715 0.092925 0.794800 4.402944 0.000000 0.000000 0.000000 1.000000
0.755095 -0.083101 -0.650327 -9.762984 0.035142 0.995639 -0.086423 80.251701 0.654673 0.042403 0.754722 4.746274 0.000000 0.000000 0.000000 1.000000
0.718656 -0.183407 -0.670743 -8.072287 0.130005 0.983020 -0.129504 80.432816 0.683105 0.005869 0.730296 5.051133 0.000000 0.000000 0.000000 1.000000
0.707204 -0.238045 -0.665730 -6.989845 0.177969 0.971232 -0.158227 81.178528 0.684243 -0.006580 0.729224 5.115379 0.000000 0.000000 0.000000 1.000000
0.729264 -0.259593 -0.633076 -6.369373 0.193967 0.965713 -0.172553 82.202110 0.656164 0.003040 0.754613 4.851043 0.000000 0.000000 0.000000 1.000000
0.771853 -0.268181 -0.576474 -6.016825 0.198226 0.963000 -0.182586 83.404999 0.604110 0.026657 0.796455 4.302048 0.000000 0.000000 0.000000 1.000000
0.814517 -0.279485 -0.508380 -5.799838 0.205271 0.958460 -0.198038 84.709152 0.542610 0.056950 0.838052 3.687909 0.000000 0.000000 0.000000 1.000000
0.846631 -0.299088 -0.440184 -5.660997 0.220377 0.949917 -0.221568 85.902840 0.484406 0.090580 0.870141 3.199358 0.000000 0.000000 0.000000 1.000000
0.869271 -0.321821 -0.375232 -5.609953 0.239747 0.938276 -0.249318 86.795280 0.432307 0.126764 0.892772 2.835453 0.000000 0.000000 0.000000 1.000000
0.887517 -0.338560 -0.312555 -5.729563 0.256815 0.926654 -0.274515 87.291580 0.382570 0.163368 0.909368 2.513192 0.000000 0.000000 0.000000 1.000000
0.904551 -0.345447 -0.249907 -6.078503 0.270070 0.917777 -0.291114 87.398003 0.329923 0.195835 0.923471 2.225767 0.000000 0.000000 0.000000 1.000000
0.919853 -0.347108 -0.182719 -6.594925 0.285696 0.912019 -0.294278 87.193329 0.268790 0.218491 0.938091 2.050510 0.000000 0.000000 0.000000 1.000000
0.930314 -0.350621 -0.107617 -7.154480 0.310202 0.908755 -0.279176 86.677933 0.195682 0.226338 0.954190 2.074723 0.000000 0.000000 0.000000 1.000000
0.934467 -0.354783 -0.030006 -7.736552 0.337246 0.908991 -0.244951 85.688057 0.114180 0.218779 0.969071 2.280357 0.000000 0.000000 0.000000 1.000000
0.936694 -0.347997 0.038757 -8.455842 0.348481 0.915715 -0.200068 83.975243 0.034133 0.200908 0.979015 2.536672 0.000000 0.000000 0.000000 1.000000
0.944164 -0.315293 0.095633 -9.391498 0.326943 0.932498 -0.153480 81.531624 -0.040786 0.176177 0.983513 2.723363 0.000000 0.000000 0.000000 1.000000
0.957224 -0.247300 0.150217 -10.485207 0.263905 0.959055 -0.102796 78.685844 -0.118645 0.138042 0.983294 2.854953 0.000000 0.000000 0.000000 1.000000
0.965777 -0.145296 0.214859 -11.629708 0.158651 0.986254 -0.046182 76.310371 -0.205196 0.078689 0.975553 3.010296 0.000000 0.000000 0.000000 1.000000
0.956070 -0.023604 0.292187 -12.756075 0.024046 0.999709 0.002079 74.891602 -0.292151 0.005038 0.956359 3.175187 0.000000 0.000000 0.000000 1.000000
0.925405 0.096182 0.366573 -13.726781 -0.112485 0.993380 0.023321 74.288300 -0.361903 -0.062815 0.930097 3.181915 0.000000 0.000000 0.000000 1.000000
0.889981 0.194693 0.412345 -14.459876 -0.219689 0.975475 0.013584 74.595085 -0.399588 -0.102678 0.910926 2.859472 0.000000 0.000000 0.000000 1.000000
0.870527 0.265346 0.414457 -14.998945 -0.283535 0.958787 -0.018304 75.660858 -0.402233 -0.101579 0.909885 2.172622 0.000000 0.000000 0.000000 1.000000
0.871392 0.309374 0.380741 -15.385287 -0.309940 0.948760 -0.061572 77.262352 -0.380281 -0.064353 0.922629 1.262864 0.000000 0.000000 0.000000 1.000000
0.880473 0.334669 0.335802 -15.581725 -0.317139 0.942262 -0.107544 79.147232 -0.352405 -0.011807 0.935773 0.354684 0.000000 0.000000 0.000000 1.000000
0.885291 0.354636 0.300820 -15.536539 -0.323169 0.934314 -0.150398 80.927193 -0.334397 0.035930 0.941747 -0.369026 0.000000 0.000000 0.000000 1.000000
0.883140 0.377031 0.279125 -15.319974 -0.334658 0.923326 -0.188345 82.560204 -0.328735 0.072923 0.941603 -0.854285 0.000000 0.000000 0.000000 1.000000
0.879904 0.397502 0.260310 -15.043784 -0.346593 0.911698 -0.220637 84.014603 -0.325027 0.103918 0.939978 -1.165171 0.000000 0.000000 0.000000 1.000000
0.883525 0.405714 0.234052 -14.734247 -0.351502 0.904592 -0.241164 85.053841 -0.309565 0.130804 0.941838 -1.396155 0.000000 0.000000 0.000000 1.000000
0.899171 0.390011 0.198451 -14.305460 -0.341762 0.909112 -0.238149 85.501427 -0.273295 0.146314 0.950738 -1.586352 0.000000 0.000000 0.000000 1.000000
0.927810 0.339336 0.154983 -13.683248 -0.305671 0.929671 -0.205614 85.083725 -0.213856 0.143397 0.966283 -1.683094 0.000000 0.000000 0.000000 1.000000
0.962578 0.252694 0.097925 -12.932071 -0.236130 0.959358 -0.154513 83.508987 -0.132990 0.125608 0.983126 -1.583749 0.000000 0.000000 0.000000 1.000000
0.988682 0.148521 0.021215 -12.207720 -0.145385 0.983365 -0.108885 80.925232 -0.037034 0.104568 0.993828 -1.304773 0.000000 0.000000 0.000000 1.000000
0.996463 0.055676 -0.062937 -11.618794 -0.061140 0.994196 -0.088518 78.059631 0.057643 0.092053 0.994084 -1.101053 0.000000 0.000000 0.000000 1.000000
0.991839 -0.003762 -0.127439 -11.185927 -0.008934 0.995056 -0.098910 75.786926 0.127181 0.099241 0.986902 -1.304756 0.000000 0.000000 0.000000 1.000000
0.988042 -0.020479 -0.152816 -10.879507 -0.001368 0.989936 -0.141506 74.679237 0.154176 0.140023 0.978071 -2.123694 0.000000 0.000000 0.000000 1.000000
0.989168 0.005060 -0.146702 -10.674582 -0.037910 0.974307 -0.222011 74.846947 0.141809 0.225168 0.963945 -3.556306 0.000000 0.000000 0.000000 1.000000
0.988383 0.057222 -0.140798 -10.581292 -0.102574 0.934755 -0.340165 76.015587 0.112147 0.350656 0.929765 -5.306901 0.000000 0.000000 0.000000 1.000000
0.981722 0.106722 -0.157586 -10.587219 -0.169993 0.864034 -0.473865 77.757523 0.085588 0.491992 0.866382 -6.887897 0.000000 0.000000 0.000000 1.000000
0.973200 0.133788 -0.187035 -10.641655 -0.219912 0.779250 -0.586863 79.765984 0.067232 0.612266 0.787788 -7.946674 0.000000 0.000000 0.000000 1.000000
0.968181 0.143841 -0.204782 -10.719008 -0.245006 0.711500 -0.658590 81.914352 0.050971 0.687807 0.724102 -8.435612 0.000000 0.000000 0.000000 1.000000
