<?xml version="1.0" encoding="utf-8"?>
<COLLADA xmlns="http://www.collada.org/2005/11/COLLADASchema" version="1.4.1">
  <asset>
    <contributor>
      <author>Mixamo</author>
      <authoring_tool>COLLADA Mixamo exporter</authoring_tool>
      <comments/>
    </contributor>
    <created>2024-11-02T01:59:15Z</created>
    <modified>2024-11-02T01:59:15Z</modified>
    <revision/>
    <title/>
    <unit meter="0.010000"/>
    <up_axis>Y_UP</up_axis>
  </asset>
  <library_animations>
    <animation id="mixamorig_Hips-anim" name="mixamorig_Hips">
      <source id="mixamorig_Hips-Matrix-animation-input">
        <float_array id="mixamorig_Hips-Matrix-animation-input-array" count="78">

0.000000 0.033333 0.066667 0.100000 0.133333 0.166667 0.200000 0.233333 0.266667 0.300000 0.333333 0.366667 0.400000 0.433333 0.466667 0.500000
0.533333 0.566667 0.600000 0.633333 0.666667 0.700000 0.733333 0.766667 0.800000 0.833333 0.866667 0.900000 0.933333 0.966667 1.000000 1.033333
1.066667 1.100000 1.133333 1.166667 1.200000 1.233333 1.266667 1.300000 1.333333 1.366667 1.400000 1.433333 1.466667 1.500000 1.533333 1.566667
1.600000 1.633333 1.666667 1.700000 1.733333 1.766667 1.800000 1.833333 1.866667 1.900000 1.933333 1.966667 2.000000 2.033333 2.066667 2.100000
2.133333 2.166667 2.200000 2.233333 2.266667 2.300000 2.333333 2.366667 2.400000 2.433333 2.466667 2.500000 2.533333 2.566667</float_array>
        <technique_common>
          <accessor source="#mixamorig_Hips-Matrix-animation-input-array" count="78">
            <param name="TIME" type="float"/>
          </accessor>
        </technique_common>
      </source>
      <source id="mixamorig_Hips-Matrix-animation-output-transform">
        <float_array id="mixamorig_Hips-Matrix-animation-output-transform-array" count="1248">

0.467558 -0.083778 -0.879984 0.015625 0.030170 0.996431 -0.078834 94.504387 0.883448 0.010310 0.468417 0.054343 0.000000 0.000000 0.000000 1.000000
0.372486 -0.091502 -0.923516 -0.440719 0.110385 0.992431 -0.053808 93.220085 0.921449 -0.081899 0.379768 -1.443390 0.000000 0.000000 0.000000 1.000000
-0.023427 -0.005278 -0.999712 -5.577289 0.125517 0.992058 -0.008179 92.713722 0.991815 -0.125673 -0.022579 -2.828282 0.000000 0.000000 0.000000 1.000000
-0.217033 0.047451 -0.975010 -10.038046 0.092365 0.995335 0.027880 93.492210 0.971785 -0.084006 -0.220403 -5.051162 0.000000 0.000000 0.000000 1.000000
-0.361426 0.053847 -0.930845 -13.766595 0.077131 0.996636 0.027705 94.234558 0.929205 -0.061784 -0.364363 -7.841371 0.000000 0.000000 0.000000 1.000000
-0.436411 0.031993 -0.899178 -16.329845 0.054730 0.998461 0.008963 94.858780 0.898081 -0.045301 -0.437491 -10.543129 0.000000 0.000000 0.000000 1.000000
-0.463647 0.010649 -0.885956 -18.097996 0.040130 0.999154 -0.008992 95.721725 0.885111 -0.039722 -0.463682 -13.165819 0.000000 0.000000 0.000000 1.000000
-0.467191 -0.008850 -0.884112 -19.424219 0.036235 0.998918 -0.029146 96.633415 0.883413 -0.045653 -0.466365 -15.724821 0.000000 0.000000 0.000000 1.000000
-0.459978 -0.006013 -0.887910 -20.411316 0.048577 0.998309 -0.031925 97.740768 0.886600 -0.057817 -0.458909 -18.561632 0.000000 0.000000 0.000000 1.000000
-0.465007 0.015347 -0.885174 -20.925365 0.081778 0.996320 -0.025686 98.700943 0.881522 -0.084332 -0.464551 -21.509251 0.000000 0.000000 0.000000 1.000000
-0.490199 0.042745 -0.870562 -20.911400 0.111310 0.993689 -0.013886 99.364540 0.864474 -0.103709 -0.491864 -24.331919 0.000000 0.000000 0.000000 1.000000
-0.540523 0.070423 -0.838377 -20.667427 0.123962 0.992281 0.003430 99.636810 0.832147 -0.102073 -0.545080 -26.687891 0.000000 0.000000 0.000000 1.000000
-0.603059 0.094055 -0.792132 -20.477188 0.128232 0.991540 0.020108 99.757507 0.787322 -0.089450 -0.610018 -28.583158 0.000000 0.000000 0.000000 1.000000
-0.666346 0.120140 -0.735901 -20.349936 0.135275 0.990035 0.039139 99.867920 0.733269 -0.073469 -0.675957 -30.503630 0.000000 0.000000 0.000000 1.000000
-0.733924 0.137900 -0.665086 -20.388659 0.142483 0.988644 0.047756 99.986206 0.664119 -0.059714 -0.745238 -32.393463 0.000000 0.000000 0.000000 1.000000
-0.800174 0.149580 -0.580816 -20.628036 0.147069 0.987770 0.051771 100.061684 0.581456 -0.043994 -0.812387 -34.079849 0.000000 0.000000 0.000000 1.000000
-0.854404 0.156349 -0.495530 -20.986340 0.146879 0.987435 0.058304 100.045097 0.498419 -0.022968 -0.866632 -35.574554 0.000000 0.000000 0.000000 1.000000
-0.896412 0.158426 -0.413941 -21.451868 0.145371 0.987364 0.063080 99.920090 0.418704 -0.003630 -0.908116 -37.047737 0.000000 0.000000 0.000000 1.000000
-0.926704 0.156794 -0.341519 -21.952307 0.142994 0.987561 0.065386 99.779922 0.347523 0.011759 -0.937598 -38.639118 0.000000 0.000000 0.000000 1.000000
-0.949482 0.149590 -0.275876 -22.571104 0.135859 0.988368 0.068344 99.629646 0.282891 0.027411 -0.958760 -40.294636 0.000000 0.000000 0.000000 1.000000
-0.969254 0.133604 -0.206631 -23.251011 0.122329 0.990261 0.066472 99.485069 0.213500 0.039151 -0.976158 -42.089695 0.000000 0.000000 0.000000 1.000000
-0.982520 0.118290 -0.143742 -23.881668 0.110664 0.992047 0.059966 99.259819 0.149692 0.043010 -0.987797 -44.020355 0.000000 0.000000 0.000000 1.000000
-0.989605 0.107538 -0.095489 -24.519300 0.103099 0.993400 0.050269 98.741371 0.100264 0.039902 -0.994160 -46.072876 0.000000 0.000000 0.000000 1.000000
-0.993319 0.096168 -0.063789 -25.140562 0.094017 0.994923 0.035904 98.260536 0.066918 0.029667 -0.997317 -48.319084 0.000000 0.000000 0.000000 1.000000
-0.994494 0.091983 -0.050215 -25.768316 0.090926 0.995593 0.022946 97.469803 0.052104 0.018254 -0.998475 -50.880207 0.000000 0.000000 0.000000 1.000000
-0.994840 0.088129 -0.050262 -26.509195 0.087784 0.996099 0.009032 95.945534 0.050862 0.004574 -0.998695 -53.587170 0.000000 0.000000 0.000000 1.000000
-0.995064 0.083505 -0.053615 -27.233215 0.084240 0.996378 -0.011584 93.826927 0.052454 -0.016043 -0.998494 -56.512096 0.000000 0.000000 0.000000 1.000000
-0.995236 0.080368 -0.055185 -27.931553 0.082613 0.995792 -0.039675 91.197769 0.051764 -0.044045 -0.997688 -59.587292 0.000000 0.000000 0.000000 1.000000
-0.995925 0.081397 -0.038837 -28.666019 0.083824 0.994320 -0.065585 88.063560 0.033278 -0.068573 -0.997091 -62.781212 0.000000 0.000000 0.000000 1.000000
-0.996621 0.082126 0.001196 -29.477053 0.081668 0.992399 -0.092053 84.201828 -0.008747 -0.091645 -0.995753 -66.039337 0.000000 0.000000 0.000000 1.000000
-0.994842 0.083204 0.058029 -30.303560 0.076231 0.990612 -0.113478 79.387901 -0.066926 -0.108469 -0.991844 -69.388687 0.000000 0.000000 0.000000 1.000000
-0.988981 0.081561 0.123551 -31.081154 0.064924 0.988965 -0.133164 74.269669 -0.133048 -0.123675 -0.983363 -72.951881 0.000000 0.000000 0.000000 1.000000
-0.978145 0.066501 0.197002 -31.953808 0.038144 0.988785 -0.144391 68.874481 -0.204395 -0.133721 -0.969712 -76.664330 0.000000 0.000000 0.000000 1.000000
-0.962345 0.035026 0.269566 -32.833530 -0.007945 0.987616 -0.156688 63.345619 -0.271716 -0.152929 -0.950149 -80.447327 0.000000 0.000000 0.000000 1.000000
-0.937482 -0.001105 0.348032 -33.803619 -0.070404 0.979922 -0.186536 57.855614 -0.340838 -0.199377 -0.918737 -84.029175 0.000000 0.000000 0.000000 1.000000
-0.904935 -0.033459 0.424233 -34.469460 -0.143755 0.962336 -0.230745 51.880150 -0.400535 -0.269795 -0.875661 -87.564529 0.000000 0.000000 0.000000 1.000000
-0.866303 -0.030103 0.498611 -34.806618 -0.197709 0.937331 -0.286917 46.130615 -0.458727 -0.347137 -0.817964 -91.479836 0.000000 0.000000 0.000000 1.000000
-0.843470 -0.016671 0.536918 -35.432613 -0.257771 0.889482 -0.377327 41.385857 -0.471288 -0.456666 -0.754549 -96.813110 0.000000 0.000000 0.000000 1.000000
-0.836911 -0.014436 0.547149 -36.239269 -0.326971 0.814864 -0.478631 37.504234 -0.438942 -0.579473 -0.686688 -103.012352 0.000000 0.000000 0.000000 1.000000
-0.853395 -0.008071 0.521202 -37.132927 -0.359276 0.733555 -0.576903 33.546825 -0.377674 -0.679582 -0.628912 -109.087234 0.000000 0.000000 0.000000 1.000000
-0.885785 0.004942 0.464069 -37.944794 -0.354687 0.637671 -0.683793 29.120914 -0.299302 -0.770293 -0.563086 -114.895058 0.000000 0.000000 0.000000 1.000000
-0.919913 0.028865 0.391058 -38.311649 -0.323513 0.507683 -0.798497 23.753271 -0.221582 -0.861060 -0.457686 -119.957077 0.000000 0.000000 0.000000 1.000000
-0.946367 0.070074 0.315402 -38.059719 -0.275986 0.332240 -0.901914 18.620577 -0.167990 -0.940588 -0.295081 -124.290161 0.000000 0.000000 0.000000 1.000000
-0.970292 0.116122 0.212247 -37.861267 -0.193357 0.155099 -0.968792 16.007021 -0.145417 -0.981050 -0.128039 -127.769012 0.000000 0.000000 0.000000 1.000000
-0.977947 0.156914 0.137834 -37.491516 -0.131661 0.049123 -0.990077 14.326921 -0.162127 -0.986390 -0.027380 -130.341003 0.000000 0.000000 0.000000 1.000000
-0.966767 0.215794 0.137096 -36.490208 -0.148576 -0.037830 -0.988177 13.406547 -0.208056 -0.975706 0.068635 -131.786819 0.000000 0.000000 0.000000 1.000000
-0.949510 0.267855 0.163356 -35.168594 -0.203452 -0.129332 -0.970505 13.733039 -0.238827 -0.954739 0.177297 -132.576401 0.000000 0.000000 0.000000 1.000000
-0.945229 0.285996 0.157318 -34.231777 -0.213198 -0.175998 -0.961026 14.535192 -0.247162 -0.941930 0.227332 -133.665176 0.000000 0.000000 0.000000 1.000000
-0.946726 0.289909 0.140224 -33.710701 -0.202899 -0.198831 -0.958800 15.065300 -0.250084 -0.936172 0.247061 -135.038849 0.000000 0.000000 0.000000 1.000000
-0.948915 0.290618 0.122890 -33.456898 -0.189719 -0.214294 -0.958168 15.319960 -0.252127 -0.932534 0.258482 -136.472885 0.000000 0.000000 0.000000 1.000000
-0.948879 0.294500 0.113574 -33.319500 -0.184853 -0.226823 -0.956232 15.212008 -0.255849 -0.928343 0.269667 -137.803436 0.000000 0.000000 0.000000 1.000000
-0.947107 0.300351 0.113039 -33.180820 -0.188092 -0.234135 -0.953836 14.830681 -0.260019 -0.924646 0.278244 -138.814438 0.000000 0.000000 0.000000 1.000000
-0.945457 0.305604 0.112769 -33.144207 -0.190676 -0.238521 -0.952235 14.291323 -0.264109 -0.921799 0.283783 -139.407471 0.000000 0.000000 0.000000 1.000000
-0.944835 0.309465 0.107322 -33.196083 -0.187527 -0.242439 -0.951870 13.706978 -0.268552 -0.919486 0.287098 -139.726547 0.000000 0.000000 0.000000 1.000000
-0.945271 0.309975 0.101872 -33.346096 -0.182199 -0.242449 -0.952902 13.269405 -0.270677 -0.919312 0.285657 -139.645889 0.000000 0.000000 0.000000 1.000000
-0.945903 0.308195 0.101409 -33.374275 -0.175791 -0.224120 -0.958576 12.873285 -0.272700 -0.924546 0.266174 -139.081253 0.000000 0.000000 0.000000 1.000000
-0.946855 0.304176 0.104607 -33.238625 -0.166312 -0.184588 -0.968642 12.417946 -0.275329 -0.934561 0.225366 -138.113586 0.000000 0.000000 0.000000 1.000000
-0.947335 0.302654 0.104677 -33.165939 -0.154831 -0.146730 -0.976984 12.337708 -0.280329 -0.941738 0.185863 -137.706223 0.000000 0.000000 0.000000 1.000000
-0.947651 0.302623 0.101868 -33.103268 -0.142027 -0.113751 -0.983305 12.561084 -0.285984 -0.946298 0.150777 -137.880356 0.000000 0.000000 0.000000 1.000000
-0.946562 0.307022 0.098781 -32.710632 -0.129930 -0.082680 -0.988070 13.002460 -0.295192 -0.948104 0.118153 -138.537445 0.000000 0.000000 0.000000 1.000000
-0.945448 0.311465 0.095486 -32.441605 -0.117617 -0.053016 -0.991643 13.709052 -0.303800 -0.948778 0.086758 -139.133667 0.000000 0.000000 0.000000 1.000000
-0.944415 0.315274 0.093182 -32.378651 -0.105962 -0.023601 -0.994090 14.354539 -0.311212 -0.948707 0.055696 -139.208878 0.000000 0.000000 0.000000 1.000000
-0.943317 0.318365 0.093787 -32.410233 -0.096655 0.006812 -0.995295 14.830069 -0.317506 -0.947944 0.024345 -138.982224 0.000000 0.000000 0.000000 1.000000
-0.942889 0.316875 0.102714 -32.685219 -0.095062 0.039560 -0.994685 15.068586 -0.319254 -0.947642 -0.007178 -138.464294 0.000000 0.000000 0.000000 1.000000
-0.945194 0.304489 0.117873 -33.060490 -0.100042 0.073570 -0.992260 15.110339 -0.310804 -0.949670 -0.039076 -137.864731 0.000000 0.000000 0.000000 1.000000
-0.947893 0.291971 0.127480 -33.206917 -0.106649 0.086253 -0.990549 14.994587 -0.300207 -0.952530 -0.050621 -137.557236 0.000000 0.000000 0.000000 1.000000
-0.949902 0.284229 0.130002 -33.288681 -0.111689 0.079788 -0.990535 14.776340 -0.291912 -0.955431 -0.044045 -137.416779 0.000000 0.000000 0.000000 1.000000
-0.951176 0.281893 0.125702 -33.417229 -0.113464 0.059392 -0.991765 14.518843 -0.287038 -0.957606 -0.024507 -137.304581 0.000000 0.000000 0.000000 1.000000
-0.952144 0.282552 0.116560 -33.502853 -0.111609 0.033615 -0.993183 14.348757 -0.284545 -0.958663 -0.000470 -137.280594 0.000000 0.000000 0.000000 1.000000
-0.953083 0.283256 0.106766 -33.517532 -0.108475 0.009692 -0.994052 14.251856 -0.282606 -0.958995 0.021490 -137.340698 0.000000 0.000000 0.000000 1.000000
-0.953610 0.284656 0.097971 -33.365772 -0.103697 -0.005075 -0.994596 14.314785 -0.282621 -0.958616 0.034358 -137.580063 0.000000 0.000000 0.000000 1.000000
-0.953274 0.288722 0.088928 -33.153984 -0.097008 -0.013769 -0.995188 14.408709 -0.286108 -0.957314 0.041134 -137.826111 0.000000 0.000000 0.000000 1.000000
-0.952906 0.292332 0.080694 -33.007675 -0.089092 -0.015508 -0.995903 14.492041 -0.289883 -0.956191 0.040822 -137.986420 0.000000 0.000000 0.000000 1.000000
-0.952776 0.294475 0.074175 -32.933800 -0.081105 -0.011374 -0.996641 14.548598 -0.292642 -0.955591 0.034720 -138.037643 0.000000 0.000000 0.000000 1.000000
-0.952879 0.295191 0.069880 -32.898949 -0.074639 -0.004870 -0.997199 14.588064 -0.294023 -0.955426 0.026674 -138.047241 0.000000 0.000000 0.000000 1.000000
-0.953489 0.292839 0.071447 -32.929104 -0.073061 0.005437 -0.997313 14.595782 -0.292440 -0.956146 0.016212 -138.009415 0.000000 0.000000 0.000000 1.000000
-0.954228 0.289256 0.076021 -32.994843 -0.074319 0.016881 -0.997092 14.588193 -0.289698 -0.957103 0.005389 -137.960175 0.000000 0.000000 0.000000 1.000000
-0.954887 0.285545 0.081576 -33.073212 -0.076728 0.028143 -0.996655 14.572704 -0.286885 -0.957952 -0.004964 -137.906509 0.000000 0.000000 0.000000 1.000000</float_array>
        <technique_common>
          <accessor source="#mixamorig_Hips-Matrix-animation-output-transform-array" count="78" stride="16">
            <param type="float4x4"/>
          </accessor>
        </technique_common>
      </source>
      <source id="mixamorig_Hips-Interpolations">
        <Name_array id="mixamorig_Hips-Interpolations-array" count="78">
 LINEAR LINEAR LINEAR LINEAR LINEAR LINEAR LINEAR LINEAR LINEAR LINEAR LINEAR
LINEAR LINEAR LINEAR LINEAR LINEAR LINEAR LINEAR LINEAR LINEAR LINEAR LINEAR LINEAR
LINEAR LINEAR LINEAR LINEAR LINEAR LINEAR LINEAR LINEAR LINEAR LINEAR LINEAR LINEAR
LINEAR LINEAR LINEAR LINEAR LINEAR LINEAR LINEAR LINEAR LINEAR LINEAR LINEAR LINEAR
LINEAR LINEAR LINEAR LINEAR LINEAR LINEAR LINEAR LINEAR LINEAR LINEAR LINEAR LINEAR
LINEAR LINEAR LINEAR LINEAR LINEAR LINEAR LINEAR LINEAR LINEAR LINEAR LINEAR LINEAR
LINEAR LINEAR LINEAR LINEAR LINEAR LINEAR LINEAR</Name_array>
        <technique_common>
          <accessor source="#mixamorig_Hips-Interpolations-array" count="78">
            <param type="name"/>
          </accessor>
        </technique_common>
      </source>
      <sampler id="mixamorig_Hips-Matrix-animation-transform">
        <input semantic="INPUT" source="#mixamorig_Hips-Matrix-animation-input"/>
        <input semantic="OUTPUT" source="#mixamorig_Hips-Matrix-animation-output-transform"/>
        <input semantic="INTERPOLATION" source="#mixamorig_Hips-Interpolations"/>
      </sampler>
      <channel source="#mixamorig_Hips-Matrix-animation-transform" target="mixamorig_Hips/matrix"/>
    </animation>
    <animation id="mixamorig_Spine-anim" name="mixamorig_Spine">
      <source id="mixamorig_Spine-Matrix-animation-input">
        <float_array id="mixamorig_Spine-Matrix-animation-input-array" count="78">

0.000000 0.033333 0.066667 0.100000 0.133333 0.166667 0.200000 0.233333 0.266667 0.300000 0.333333 0.366667 0.400000 0.433333 0.466667 0.500000
0.533333 0.566667 0.600000 0.633333 0.666667 0.700000 0.733333 0.766667 0.800000 0.833333 0.866667 0.900000 0.933333 0.966667 1.000000 1.033333
1.066667 1.100000 1.133333 1.166667 1.200000 1.233333 1.266667 1.300000 1.333333 1.366667 1.400000 1.433333 1.466667 1.500000 1.533333 1.566667
1.600000 1.633333 1.666667 1.700000 1.733333 1.766667 1.800000 1.833333 1.866667 1.900000 1.933333 1.966667 2.000000 2.033333 2.066667 2.100000
2.133333 2.166667 2.200000 2.233333 2.266667 2.300000 2.333333 2.366667 2.400000 2.433333 2.466667 2.500000 2.533333 2.566667</float_array>
        <technique_common>
          <accessor source="#mixamorig_Spine-Matrix-animation-input-array" count="78">
            <param name="TIME" type="float"/>
          </accessor>
        </technique_common>
      </source>
      <source id="mixamorig_Spine-Matrix-animation-output-transform">
        <float_array id="mixamorig_Spine-Matrix-animation-output-transform-array" count="1248">

0.997176 0.075093 -0.000561 0.004700 -0.073707 0.977288 -0.198683 5.245300 -0.014372 0.198164 0.980064 0.258800 0.000000 0.000000 0.000000 1.000000
0.997121 0.069805 0.029610 0.004700 -0.061114 0.971004 -0.231120 5.245300 -0.044884 0.228645 0.972475 0.258800 0.000000 0.000000 0.000000 1.000000
0.999207 0.028590 0.027705 0.004700 -0.023752 0.986592 -0.161469 5.245300 -0.031950 0.160683 0.986489 0.258800 0.000000 0.000000 0.000000 1.000000
0.999998 -0.001808 0.000925 0.004700 0.001886 0.995586 -0.093833 5.245300 -0.000751 0.093835 0.995587 0.258800 0.000000 0.000000 0.000000 1.000000
0.999637 0.011215 -0.024503 0.004700 -0.012502 0.998514 -0.053044 5.245300 0.023871 0.053331 0.998292 0.258800 0.000000 0.000000 0.000000 1.000000
0.998781 0.017735 -0.046059 0.004700 -0.020720 0.997659 -0.065163 5.245300 0.044796 0.066038 0.996811 0.258800 0.000000 0.000000 0.000000 1.000000
0.998197 0.008142 -0.059464 0.004700 -0.013938 0.995117 -0.097710 5.245300 0.058379 0.098363 0.993437 0.258800 0.000000 0.000000 0.000000 1.000000
0.997911 -0.025541 -0.059338 0.004700 0.018745 0.993488 -0.112387 5.245300 0.061822 0.111040 0.991891 0.258800 0.000000 0.000000 0.000000 1.000000
0.997299 -0.047941 -0.055644 0.004700 0.040841 0.991643 -0.122380 5.245300 0.061046 0.119777 0.990922 0.258800 0.000000 0.000000 0.000000 1.000000
0.997420 -0.032506 -0.064000 0.004700 0.024015 0.991324 -0.129231 5.245300 0.067646 0.127361 0.989547 0.258800 0.000000 0.000000 0.000000 1.000000
0.997081 -0.000481 -0.076353 0.004700 -0.009588 0.991275 -0.131457 5.245300 0.075750 0.131805 0.988377 0.258800 0.000000 0.000000 0.000000 1.000000
0.996280 0.021562 -0.083433 0.004700 -0.032711 0.990351 -0.134667 5.245300 0.079725 0.136896 0.987372 0.258800 0.000000 0.000000 0.000000 1.000000
0.995823 0.034247 -0.084636 0.004700 -0.045742 0.989397 -0.137847 5.245300 0.079018 0.141143 0.986831 0.258800 0.000000 0.000000 0.000000 1.000000
0.994845 0.051736 -0.087218 0.004700 -0.063551 0.988301 -0.138646 5.245300 0.079024 0.143474 0.986494 0.258800 0.000000 0.000000 0.000000 1.000000
0.993648 0.066531 -0.090761 0.004700 -0.077507 0.989335 -0.123321 5.245300 0.081588 0.129573 0.988208 0.258800 0.000000 0.000000 0.000000 1.000000
0.993432 0.069159 -0.091154 0.004700 -0.078505 0.991548 -0.103290 5.245300 0.083240 0.109768 0.990466 0.258800 0.000000 0.000000 0.000000 1.000000
0.993779 0.063745 -0.091322 0.004700 -0.072108 0.993200 -0.091404 5.245300 0.084875 0.097420 0.991618 0.258800 0.000000 0.000000 0.000000 1.000000
0.994078 0.058056 -0.091859 0.004700 -0.065748 0.994374 -0.083051 5.245300 0.086520 0.088599 0.992303 0.258800 0.000000 0.000000 0.000000 1.000000
0.994114 0.054687 -0.093525 0.004700 -0.061660 0.995397 -0.073371 5.245300 0.089082 0.078706 0.992910 0.258800 0.000000 0.000000 0.000000 1.000000
0.994397 0.047473 -0.094450 0.004700 -0.053899 0.996317 -0.066690 5.245300 0.090936 0.071407 0.993293 0.258800 0.000000 0.000000 0.000000 1.000000
0.994976 0.038662 -0.092345 0.004700 -0.044395 0.997159 -0.060860 5.245300 0.089729 0.064654 0.993865 0.258800 0.000000 0.000000 0.000000 1.000000
0.995073 0.038160 -0.091508 0.004700 -0.043218 0.997608 -0.053941 5.245300 0.089231 0.057630 0.994342 0.258800 0.000000 0.000000 0.000000 1.000000
0.994913 0.040732 -0.092138 0.004700 -0.045278 0.997830 -0.047801 5.245300 0.089991 0.051730 0.994598 0.258800 0.000000 0.000000 0.000000 1.000000
0.994884 0.040338 -0.092625 0.004700 -0.044119 0.998259 -0.039148 5.245300 0.090885 0.043034 0.994931 0.258800 0.000000 0.000000 0.000000 1.000000
0.994462 0.045651 -0.094669 0.004700 -0.049004 0.998240 -0.033408 5.245300 0.092978 0.037863 0.994948 0.258800 0.000000 0.000000 0.000000 1.000000
0.994349 0.047208 -0.095089 0.004700 -0.050154 0.998325 -0.028832 5.245300 0.093569 0.033438 0.995051 0.258800 0.000000 0.000000 0.000000 1.000000
0.994553 0.048330 -0.092352 0.004700 -0.050393 0.998527 -0.020131 5.245300 0.091243 0.024676 0.995523 0.258800 0.000000 0.000000 0.000000 1.000000
0.995122 0.047296 -0.086576 0.004700 -0.048170 0.998807 -0.008035 5.245300 0.086092 0.012166 0.996213 0.258800 0.000000 0.000000 0.000000 1.000000
0.995995 0.043302 -0.078227 0.004700 -0.043273 0.999061 0.002055 5.245300 0.078243 0.001338 0.996933 0.258800 0.000000 0.000000 0.000000 1.000000
0.997181 0.032139 -0.067801 0.004700 -0.031345 0.999427 0.012740 5.245300 0.068171 -0.010579 0.997618 0.258800 0.000000 0.000000 0.000000 1.000000
0.998442 0.012609 -0.054353 0.004700 -0.011756 0.999803 0.015983 5.245300 0.054544 -0.015320 0.998394 0.258800 0.000000 0.000000 0.000000 1.000000
0.999002 -0.018141 -0.040804 0.004700 0.019039 0.999583 0.021718 5.245300 0.040393 -0.022473 0.998931 0.258800 0.000000 0.000000 0.000000 1.000000
0.998174 -0.053508 -0.028029 0.004700 0.054033 0.998370 0.018351 5.245300 0.027001 -0.019832 0.999439 0.258800 0.000000 0.000000 0.000000 1.000000
0.995458 -0.093736 -0.016612 0.004700 0.093872 0.995555 0.007577 5.245300 0.015828 -0.009102 0.999833 0.258800 0.000000 0.000000 0.000000 1.000000
0.991041 -0.133542 -0.001938 0.004700 0.133537 0.991040 -0.002697 5.245300 0.002281 0.002414 0.999994 0.258800 0.000000 0.000000 0.000000 1.000000
0.987234 -0.158833 0.011888 0.004700 0.159028 0.987113 -0.017835 5.245300 -0.008902 0.019498 0.999770 0.258800 0.000000 0.000000 0.000000 1.000000
0.987271 -0.158142 0.016933 0.004700 0.158533 0.987038 -0.024970 5.245300 -0.012765 0.027336 0.999545 0.258800 0.000000 0.000000 0.000000 1.000000
0.985394 -0.169935 0.011033 0.004700 0.169832 0.985425 0.009694 5.245300 -0.012519 -0.007679 0.999892 0.258800 0.000000 0.000000 0.000000 1.000000
0.977975 -0.208403 0.011583 0.004700 0.207917 0.977567 0.033669 5.245300 -0.018340 -0.030519 0.999366 0.258800 0.000000 0.000000 0.000000 1.000000
0.972600 -0.231311 0.023317 0.004700 0.230927 0.972804 0.018038 5.245300 -0.026856 -0.012160 0.999565 0.258800 0.000000 0.000000 0.000000 1.000000
0.970614 -0.239122 0.026993 0.004700 0.239046 0.970989 0.006073 5.245300 -0.027662 0.000558 0.999617 0.258800 0.000000 0.000000 0.000000 1.000000
0.968181 -0.248271 0.031424 0.004700 0.248108 0.968690 0.009056 5.245300 -0.032688 -0.000971 0.999465 0.258800 0.000000 0.000000 0.000000 1.000000
0.973578 -0.225021 0.038867 0.004700 0.223853 0.974090 0.032221 5.245300 -0.045110 -0.022669 0.998725 0.258800 0.000000 0.000000 0.000000 1.000000
0.975238 -0.217848 0.038122 0.004700 0.216157 0.975367 0.044000 5.245300 -0.046769 -0.034670 0.998304 0.258800 0.000000 0.000000 0.000000 1.000000
0.977951 -0.207142 0.026521 0.004700 0.207197 0.978299 0.000694 5.245300 -0.026089 0.004817 0.999648 0.258800 0.000000 0.000000 0.000000 1.000000
0.989043 -0.146997 0.013612 0.004700 0.147403 0.988409 -0.036336 5.245300 -0.008113 0.037944 0.999247 0.258800 0.000000 0.000000 0.000000 1.000000
0.997614 -0.068372 0.009573 0.004700 0.068423 0.997643 -0.005118 5.245300 -0.009200 0.005761 0.999941 0.258800 0.000000 0.000000 0.000000 1.000000
0.999342 -0.033965 0.012755 0.004700 0.033514 0.998859 0.034027 5.245300 -0.013896 -0.033577 0.999340 0.258800 0.000000 0.000000 0.000000 1.000000
0.999614 -0.023408 0.014966 0.004700 0.022496 0.998039 0.058407 5.245300 -0.016304 -0.058048 0.998181 0.258800 0.000000 0.000000 0.000000 1.000000
0.999647 -0.021241 0.015930 0.004700 0.019982 0.996952 0.075415 5.245300 -0.017483 -0.075070 0.997025 0.258800 0.000000 0.000000 0.000000 1.000000
0.999616 -0.021244 0.017784 0.004700 0.019601 0.995929 0.087988 5.245300 -0.019581 -0.087605 0.995963 0.258800 0.000000 0.000000 0.000000 1.000000
0.999486 -0.023830 0.021428 0.004700 0.021495 0.994420 0.103281 5.245300 -0.023770 -0.102767 0.994421 0.258800 0.000000 0.000000 0.000000 1.000000
0.999251 -0.029959 0.024474 0.004700 0.026744 0.992107 0.122509 5.245300 -0.027951 -0.121763 0.992166 0.258800 0.000000 0.000000 0.000000 1.000000
0.998959 -0.037307 0.026263 0.004700 0.033164 0.989087 0.143554 5.245300 -0.031332 -0.142534 0.989294 0.258800 0.000000 0.000000 0.000000 1.000000
0.998582 -0.045577 0.027526 0.004700 0.040604 0.986279 0.160014 5.245300 -0.034441 -0.158669 0.986731 0.258800 0.000000 0.000000 0.000000 1.000000
0.998266 -0.050423 0.030383 0.004700 0.045024 0.986449 0.157772 5.245300 -0.037926 -0.156130 0.987008 0.258800 0.000000 0.000000 0.000000 1.000000
0.998127 -0.050642 0.034326 0.004700 0.045572 0.989783 0.135105 5.245300 -0.040817 -0.133287 0.990237 0.258800 0.000000 0.000000 0.000000 1.000000
0.998068 -0.050907 0.035616 0.004700 0.047226 0.994114 0.097507 5.245300 -0.040370 -0.095636 0.994597 0.258800 0.000000 0.000000 0.000000 1.000000
0.998012 -0.052229 0.035274 0.004700 0.050337 0.997349 0.052555 5.245300 -0.037925 -0.050675 0.997995 0.258800 0.000000 0.000000 0.000000 1.000000
0.998119 -0.050279 0.035068 0.004700 0.050176 0.998733 0.003807 5.245300 -0.035215 -0.002041 0.999378 0.258800 0.000000 0.000000 0.000000 1.000000
0.998233 -0.048968 0.033648 0.004700 0.050497 0.997655 -0.046204 5.245300 -0.031307 0.047822 0.998365 0.258800 0.000000 0.000000 0.000000 1.000000
0.998338 -0.048421 0.031241 0.004700 0.051193 0.994153 -0.095078 5.245300 -0.026454 0.096519 0.994979 0.258800 0.000000 0.000000 0.000000 1.000000
0.998434 -0.048004 0.028725 0.004700 0.051578 0.988747 -0.140424 5.245300 -0.021661 0.141685 0.989675 0.258800 0.000000 0.000000 0.000000 1.000000
0.998309 -0.051341 0.027263 0.004700 0.055421 0.982131 -0.179853 5.245300 -0.017542 0.181059 0.983316 0.258800 0.000000 0.000000 0.000000 1.000000
0.997338 -0.067076 0.028593 0.004700 0.071760 0.972473 -0.221691 5.245300 -0.012936 0.223153 0.974698 0.258800 0.000000 0.000000 0.000000 1.000000
0.996418 -0.079699 0.028283 0.004700 0.084145 0.967783 -0.237309 5.245300 -0.008459 0.238839 0.971022 0.258800 0.000000 0.000000 0.000000 1.000000
0.995893 -0.086915 0.025348 0.004700 0.090398 0.970022 -0.225579 5.245300 -0.004982 0.226944 0.973895 0.258800 0.000000 0.000000 0.000000 1.000000
0.995687 -0.090574 0.020079 0.004700 0.092750 0.976605 -0.194009 5.245300 -0.002037 0.195034 0.980794 0.258800 0.000000 0.000000 0.000000 1.000000
0.995580 -0.092635 0.015462 0.004700 0.093915 0.982963 -0.158001 5.245300 -0.000562 0.158754 0.987318 0.258800 0.000000 0.000000 0.000000 1.000000
0.995425 -0.094745 0.012324 0.004700 0.095543 0.987437 -0.125853 5.245300 -0.000246 0.126454 0.991972 0.258800 0.000000 0.000000 0.000000 1.000000
0.995289 -0.096076 0.013002 0.004700 0.096921 0.989363 -0.108478 5.245300 -0.002442 0.109227 0.994014 0.258800 0.000000 0.000000 0.000000 1.000000
0.995438 -0.094207 0.015092 0.004700 0.095244 0.990498 -0.099210 5.245300 -0.005602 0.100195 0.994952 0.258800 0.000000 0.000000 0.000000 1.000000
0.995713 -0.090689 0.018182 0.004700 0.092036 0.990986 -0.097342 5.245300 -0.009190 0.098598 0.995085 0.258800 0.000000 0.000000 0.000000 1.000000
0.995983 -0.086876 0.021679 0.004700 0.088603 0.991171 -0.098642 5.245300 -0.012918 0.100167 0.994887 0.258800 0.000000 0.000000 0.000000 1.000000
0.996173 -0.083628 0.025418 0.004700 0.085805 0.991066 -0.102111 5.245300 -0.016652 0.103901 0.994448 0.258800 0.000000 0.000000 0.000000 1.000000
0.996198 -0.082003 0.029412 0.004700 0.084753 0.990385 -0.109340 5.245300 -0.020163 0.111417 0.993569 0.258800 0.000000 0.000000 0.000000 1.000000
0.996110 -0.081562 0.033346 0.004700 0.084962 0.989364 -0.118072 5.245300 -0.023361 0.120446 0.992445 0.258800 0.000000 0.000000 0.000000 1.000000
0.995994 -0.081551 0.036685 0.004700 0.085590 0.988211 -0.126937 5.245300 -0.025901 0.129568 0.991232 0.258800 0.000000 0.000000 0.000000 1.000000</float_array>
        <technique_common>
          <accessor source="#mixamorig_Spine-Matrix-animation-output-transform-array" count="78" stride="16">
            <param type="float4x4"/>
          </accessor>
        </technique_common>
      </source>
      <source id="mixamorig_Spine-Interpolations">
        <Name_array id="mixamorig_Spine-Interpolations-array" count="78">
 LINEAR LINEAR LINEAR LINEAR LINEAR LINEAR LINEAR LINEAR LINEAR LINEAR LINEAR
LINEAR LINEAR LINEAR LINEAR LINEAR LINEAR LINEAR LINEAR LINEAR LINEAR LINEAR LINEAR
LINEAR LINEAR LINEAR LINEAR LINEAR LINEAR LINEAR LINEAR LINEAR LINEAR LINEAR LINEAR
LINEAR LINEAR LINEAR LINEAR LINEAR LINEAR LINEAR LINEAR LINEAR LINEAR LINEAR LINEAR
LINEAR LINEAR LINEAR LINEAR LINEAR LINEAR LINEAR LINEAR LINEAR LINEAR LINEAR LINEAR
LINEAR LINEAR LINEAR LINEAR LINEAR LINEAR LINEAR LINEAR LINEAR LINEAR LINEAR LINEAR
LINEAR LINEAR LINEAR LINEAR LINEAR LINEAR LINEAR</Name_array>
        <technique_common>
          <accessor source="#mixamorig_Spine-Interpolations-array" count="78">
            <param type="name"/>
          </accessor>
        </technique_common>
      </source>
      <sampler id="mixamorig_Spine-Matrix-animation-transform">
        <input semantic="INPUT" source="#mixamorig_Spine-Matrix-animation-input"/>
        <input semantic="OUTPUT" source="#mixamorig_Spine-Matrix-animation-output-transform"/>
        <input semantic="INTERPOLATION" source="#mixamorig_Spine-Interpolations"/>
      </sampler>
      <channel source="#mixamorig_Spine-Matrix-animation-transform" target="mixamorig_Spine/matrix"/>
    </animation>
    <animation id="mixamorig_Spine1-anim" name="mixamorig_Spine1">
      <source id="mixamorig_Spine1-Matrix-animation-input">
        <float_array id="mixamorig_Spine1-Matrix-animation-input-array" count="78">

0.000000 0.033333 0.066667 0.100000 0.133333 0.166667 0.200000 0.233333 0.266667 0.300000 0.333333 0.366667 0.400000 0.433333 0.466667 0.500000
0.533333 0.566667 0.600000 0.633333 0.666667 0.700000 0.733333 0.766667 0.800000 0.833333 0.866667 0.900000 0.933333 0.966667 1.000000 1.033333
1.066667 1.100000 1.133333 1.166667 1.200000 1.233333 1.266667 1.300000 1.333333 1.366667 1.400000 1.433333 1.466667 1.500000 1.533333 1.566667
1.600000 1.633333 1.666667 1.700000 1.733333 1.766667 1.800000 1.833333 1.866667 1.900000 1.933333 1.966667 2.000000 2.033333 2.066667 2.100000
2.133333 2.166667 2.200000 2.233333 2.266667 2.300000 2.333333 2.366667 2.400000 2.433333 2.466667 2.500000 2.533333 2.566667</float_array>
        <technique_common>
          <accessor source="#mixamorig_Spine1-Matrix-animation-input-array" count="78">
            <param name="TIME" type="float"/>
          </accessor>
        </technique_common>
      </source>
      <source id="mixamorig_Spine1-Matrix-animation-output-transform">
        <float_array id="mixamorig_Spine1-Matrix-animation-output-transform-array" count="1248">

0.998759 0.047064 0.016276 0.000000 -0.046531 0.998414 -0.031701 11.066900 -0.017742 0.030904 0.999365 0.000000 0.000000 0.000000 0.000000 1.000000
0.993072 0.084508 0.081643 0.000000 -0.079008 0.994525 -0.068402 11.066900 -0.086977 0.061477 0.994312 0.000000 0.000000 0.000000 0.000000 1.000000
0.995401 0.073467 0.061478 0.000000 -0.072253 0.997149 -0.021735 11.066900 -0.062900 0.017193 0.997872 0.000000 0.000000 0.000000 0.000000 1.000000
0.998731 0.050293 0.002463 -0.000000 -0.050282 0.998726 -0.004255 11.066900 -0.002674 0.004126 0.999988 0.000000 0.000000 0.000000 0.000000 1.000000
0.998881 0.024020 -0.040735 0.000000 -0.023134 0.999488 0.022090 11.066900 0.041245 -0.021122 0.998926 0.000000 0.000000 0.000000 0.000000 1.000000
0.996703 -0.010781 -0.080418 -0.000000 0.015425 0.998235 0.057353 11.066900 0.079658 -0.058404 0.995110 0.000000 0.000000 0.000000 0.000000 1.000000
0.992351 -0.043218 -0.115640 -0.000000 0.053978 0.994332 0.091601 11.066900 0.111026 -0.097142 0.989058 -0.000000 0.000000 0.000000 0.000000 1.000000
0.990495 -0.044069 -0.130300 0.000000 0.059384 0.991461 0.116095 11.066900 0.124071 -0.122729 0.984654 0.000000 0.000000 0.000000 0.000000 1.000000
0.990093 -0.037179 -0.135405 0.000000 0.055777 0.989102 0.136260 11.066900 0.128863 -0.142463 0.981376 0.000000 0.000000 0.000000 0.000000 1.000000
0.989439 -0.022847 -0.143139 0.000000 0.043836 0.988425 0.145243 11.066900 0.138163 -0.149983 0.978987 0.000000 0.000000 0.000000 0.000000 1.000000
0.988571 -0.013732 -0.150132 0.000000 0.034552 0.989973 0.136964 11.066900 0.146746 -0.140586 0.979133 -0.000000 0.000000 0.000000 0.000000 1.000000
0.988291 -0.008842 -0.152323 0.000000 0.027826 0.992022 0.122955 11.066900 0.150020 -0.125754 0.980653 0.000000 0.000000 0.000000 0.000000 1.000000
0.988943 -0.004745 -0.148221 0.000000 0.022389 0.992808 0.117602 11.066900 0.146597 -0.119620 0.981937 0.000000 0.000000 0.000000 0.000000 1.000000
0.989601 0.001302 -0.143835 -0.000000 0.016228 0.992564 0.120637 11.066900 0.142923 -0.121716 0.982221 0.000000 0.000000 0.000000 0.000000 1.000000
0.989705 0.006406 -0.142979 0.000000 0.011916 0.991841 0.126920 11.066900 0.142625 -0.127317 0.981554 0.000000 0.000000 0.000000 0.000000 1.000000
0.989884 0.011935 -0.141374 0.000000 0.006898 0.991229 0.131976 11.066900 0.141709 -0.131617 0.981120 0.000000 0.000000 0.000000 0.000000 1.000000
0.989836 0.016294 -0.141274 0.000000 0.003121 0.990686 0.136130 11.066900 0.142176 -0.135187 0.980566 0.000000 0.000000 0.000000 0.000000 1.000000
0.989723 0.018381 -0.141813 0.000000 0.001494 0.990321 0.138788 11.066900 0.142991 -0.137574 0.980116 0.000000 0.000000 0.000000 0.000000 1.000000
0.989333 0.019333 -0.144384 0.000000 0.000894 0.990329 0.138735 11.066900 0.145669 -0.137384 0.979748 0.000000 0.000000 0.000000 0.000000 1.000000
0.988998 0.019168 -0.146680 0.000000 0.001005 0.990676 0.136239 11.066900 0.147924 -0.134887 0.979757 0.000000 0.000000 0.000000 0.000000 1.000000
0.989404 0.015371 -0.144372 0.000000 0.004097 0.991029 0.133588 11.066900 0.145130 -0.132764 0.980465 0.000000 0.000000 0.000000 0.000000 1.000000
0.989865 0.012393 -0.141472 0.000000 0.006401 0.991280 0.131619 11.066900 0.141870 -0.131190 0.981153 0.000000 0.000000 0.000000 0.000000 1.000000
0.990145 0.013041 -0.139438 0.000000 0.005733 0.991047 0.133394 11.066900 0.139929 -0.132878 0.981205 0.000000 0.000000 0.000000 0.000000 1.000000
0.990219 0.013632 -0.138856 0.000000 0.005427 0.990700 0.135958 11.066900 0.139418 -0.135382 0.980935 -0.000000 0.000000 0.000000 0.000000 1.000000
0.990105 0.017101 -0.139280 0.000000 0.002455 0.990283 0.139044 11.066900 0.140304 -0.138010 0.980443 0.000000 0.000000 0.000000 0.000000 1.000000
0.990348 0.019387 -0.137238 0.000000 0.000184 0.989984 0.141182 11.066900 0.138600 -0.139845 0.980425 0.000000 0.000000 0.000000 0.000000 1.000000
0.991235 0.018414 -0.130818 0.000000 0.000263 0.989960 0.141346 11.066900 0.132107 -0.140142 0.981279 0.000000 0.000000 0.000000 0.000000 1.000000
0.992755 0.018125 -0.118783 0.000000 -0.001119 0.989910 0.141693 11.066900 0.120153 -0.140533 0.982758 0.000000 0.000000 0.000000 0.000000 1.000000
0.994728 0.017664 -0.101018 0.000000 -0.003532 0.990371 0.138394 11.066900 0.102490 -0.137307 0.985212 0.000000 0.000000 0.000000 0.000000 1.000000
0.996454 0.012634 -0.083190 0.000000 -0.001889 0.991774 0.127991 11.066900 0.084123 -0.127380 0.988280 0.000000 0.000000 0.000000 0.000000 1.000000
0.998012 0.005358 -0.062791 -0.000000 0.001920 0.993332 0.115275 11.066900 0.062990 -0.115166 0.991347 0.000000 0.000000 0.000000 0.000000 1.000000
0.999057 0.001168 -0.043395 0.000000 0.003195 0.994948 0.100341 11.066900 0.043293 -0.100385 0.994006 0.000000 0.000000 0.000000 0.000000 1.000000
0.999671 -0.003923 -0.025346 0.000000 0.006098 0.996249 0.086316 11.066900 0.024913 -0.086442 0.995945 0.000000 0.000000 0.000000 0.000000 1.000000
0.999869 -0.010527 -0.012275 0.000000 0.011396 0.997264 0.073040 11.066900 0.011472 -0.073170 0.997253 0.000000 0.000000 0.000000 0.000000 1.000000
0.999742 -0.022122 0.005214 0.000000 0.021753 0.997807 0.062518 11.066900 -0.006585 -0.062389 0.998030 0.000000 0.000000 0.000000 0.000000 1.000000
0.999053 -0.039307 0.018679 0.000000 0.038007 0.997130 0.065483 11.066900 -0.021200 -0.064711 0.997679 0.000000 0.000000 0.000000 0.000000 1.000000
0.998566 -0.048770 0.022061 0.000000 0.046983 0.996051 0.075329 11.066900 -0.025648 -0.074185 0.996915 0.000000 0.000000 0.000000 0.000000 1.000000
0.998710 -0.049648 0.010627 0.000000 0.048474 0.994641 0.091322 11.066900 -0.015104 -0.090689 0.995765 0.000000 0.000000 0.000000 0.000000 1.000000
0.996184 -0.086890 -0.008228 0.000000 0.087262 0.989718 0.113327 11.066900 -0.001703 -0.113612 0.993524 0.000000 0.000000 0.000000 0.000000 1.000000
0.994002 -0.108855 -0.010533 0.000000 0.109344 0.987355 0.114778 11.066900 -0.002094 -0.115241 0.993335 0.000000 0.000000 0.000000 0.000000 1.000000
0.994465 -0.104440 -0.011506 0.000000 0.105071 0.988108 0.112261 11.066900 -0.000355 -0.112849 0.993612 0.000000 0.000000 0.000000 0.000000 1.000000
0.995955 -0.089834 -0.001762 0.000000 0.089379 0.988522 0.121799 11.066900 -0.009200 -0.121464 0.992553 0.000000 0.000000 0.000000 0.000000 1.000000
0.994851 -0.100667 0.011738 0.000000 0.097981 0.984925 0.142557 11.066900 -0.025912 -0.140673 0.989717 0.000000 0.000000 0.000000 0.000000 1.000000
0.994987 -0.099964 -0.002825 0.000000 0.099026 0.980932 0.167230 11.066900 -0.013946 -0.166672 0.985914 0.000000 0.000000 0.000000 0.000000 1.000000
0.996625 -0.073910 -0.035725 0.000000 0.079246 0.979780 0.183714 11.066900 0.021424 -0.185925 0.982330 -0.000000 0.000000 0.000000 0.000000 1.000000
0.997528 -0.052690 -0.046485 -0.000000 0.060923 0.978185 0.198599 11.066900 0.035007 -0.200941 0.978978 0.000000 0.000000 0.000000 0.000000 1.000000
0.998186 -0.053568 -0.027488 0.000000 0.058068 0.977167 0.204381 11.066900 0.015912 -0.205607 0.978505 0.000000 0.000000 0.000000 0.000000 1.000000
0.998614 -0.051028 -0.012880 -0.000000 0.052555 0.979799 0.192956 11.066900 0.002774 -0.193365 0.981123 0.000000 0.000000 0.000000 0.000000 1.000000
0.999078 -0.042830 -0.003002 0.000000 0.042696 0.983733 0.174489 11.066900 -0.004520 -0.174456 0.984655 0.000000 0.000000 0.000000 0.000000 1.000000
0.999417 -0.033581 0.006192 0.000000 0.032245 0.987777 0.152500 11.066900 -0.011238 -0.152212 0.988284 0.000000 0.000000 0.000000 0.000000 1.000000
0.999528 -0.025707 0.016806 0.000000 0.023361 0.991579 0.127379 11.066900 -0.019939 -0.126927 0.991712 0.000000 0.000000 0.000000 0.000000 1.000000
0.999410 -0.018966 0.028652 0.000000 0.015954 0.994664 0.101923 11.066900 -0.030432 -0.101405 0.994380 0.000000 0.000000 0.000000 0.000000 1.000000
0.999121 -0.012009 0.040158 0.000000 0.008890 0.996994 0.076964 11.066900 -0.040962 -0.076539 0.996225 0.000000 0.000000 0.000000 0.000000 1.000000
0.998731 -0.003790 0.050218 0.000000 0.001080 0.998547 0.053883 11.066900 -0.050349 -0.053761 0.997284 -0.000000 0.000000 0.000000 0.000000 1.000000
0.998240 0.005422 0.059048 0.000000 -0.007628 0.999279 0.037200 11.066900 -0.058804 -0.037585 0.997562 0.000000 0.000000 0.000000 0.000000 1.000000
0.997742 0.012518 0.065987 0.000000 -0.014385 0.999507 0.027897 11.066900 -0.065605 -0.028783 0.997430 0.000000 0.000000 0.000000 0.000000 1.000000
0.997296 0.016287 0.071659 0.000000 -0.017832 0.999621 0.020979 11.066900 -0.071290 -0.022200 0.997209 0.000000 0.000000 0.000000 0.000000 1.000000
0.997140 0.020304 0.072804 0.000000 -0.021670 0.999603 0.018020 11.066900 -0.072409 -0.019546 0.997183 0.000000 0.000000 0.000000 0.000000 1.000000
0.997168 0.024909 0.070957 0.000000 -0.026249 0.999493 0.018013 11.066900 -0.070472 -0.019825 0.997317 0.000000 0.000000 0.000000 0.000000 1.000000
