<?xml version="1.0" encoding="utf-8"?>
<COLLADA xmlns="http://www.collada.org/2005/11/COLLADASchema" version="1.4.1">
  <asset>
    <contributor>
      <author>Mixamo</author>
      <authoring_tool>COLLADA Mixamo exporter</authoring_tool>
      <comments/>
    </contributor>
    <created>2024-10-29T05:17:23Z</created>
    <modified>2024-10-29T05:17:23Z</modified>
    <revision/>
    <title/>
    <unit meter="0.010000"/>
    <up_axis>Y_UP</up_axis>
  </asset>
  <library_animations>
    <animation id="mixamorig_Hips-anim" name="mixamorig_Hips">
      <source id="mixamorig_Hips-Matrix-animation-input">
        <float_array id="mixamorig_Hips-Matrix-animation-input-array" count="23">

0.000000 0.033333 0.066667 0.100000 0.133333 0.166667 0.200000 0.233333 0.266667 0.300000 0.333333 0.366667 0.400000 0.433333 0.466667 0.500000
0.533333 0.566667 0.600000 0.633333 0.666667 0.700000 0.733333</float_array>
        <technique_common>
          <accessor source="#mixamorig_Hips-Matrix-animation-input-array" count="23">
            <param name="TIME" type="float"/>
          </accessor>
        </technique_common>
      </source>
      <source id="mixamorig_Hips-Matrix-animation-output-transform">
        <float_array id="mixamorig_Hips-Matrix-animation-output-transform-array" count="368">

0.996921 -0.048279 -0.061782 -0.183961 0.025959 0.946741 -0.320947 85.953468 0.073986 0.318355 0.945080 2.349864 0.000000 0.000000 0.000000 1.000000
0.997284 -0.053660 -0.050453 -0.419296 0.035497 0.950362 -0.309116 89.536659 0.064536 0.306485 0.949685 11.865444 0.000000 0.000000 0.000000 1.000000
0.995706 -0.089200 -0.024767 -0.633522 0.078094 0.953012 -0.292694 92.383316 0.049712 0.289502 0.955885 21.102413 0.000000 0.000000 0.000000 1.000000
0.990158 -0.139302 0.013465 -0.990709 0.137699 0.952512 -0.271587 94.960274 0.025007 0.270768 0.962320 30.102509 0.000000 0.000000 0.000000 1.000000
0.990810 -0.133680 0.020624 -1.365981 0.133957 0.948654 -0.286552 97.300262 0.018742 0.286681 0.957843 39.400406 0.000000 0.000000 0.000000 1.000000
0.998255 -0.059030 -0.001618 -1.755174 0.056201 0.958106 -0.280845 98.639389 0.018129 0.280264 0.959752 50.120155 0.000000 0.000000 0.000000 1.000000
0.999856 -0.001458 -0.016913 -2.076921 -0.002772 0.968911 -0.247393 97.931633 0.016748 0.247404 0.968768 60.492241 0.000000 0.000000 0.000000 1.000000
0.999905 -0.012039 -0.006769 -2.309613 0.010255 0.975439 -0.220029 96.240822 0.009251 0.219939 0.975470 69.691788 0.000000 0.000000 0.000000 1.000000
0.999627 -0.027056 -0.003621 -2.390796 0.025547 0.974006 -0.225079 92.664711 0.009617 0.224903 0.974334 78.925438 0.000000 0.000000 0.000000 1.000000
0.998911 -0.046663 -0.000069 -2.373564 0.045114 0.966120 -0.254122 89.139908 0.011925 0.253842 0.967172 87.636429 0.000000 0.000000 0.000000 1.000000
0.997476 -0.070952 0.002785 -2.575598 0.068971 0.958816 -0.275528 86.351585 0.016879 0.275024 0.961289 96.488525 0.000000 0.000000 0.000000 1.000000
0.997291 -0.073547 0.001292 -2.571935 0.070835 0.955495 -0.286376 85.622116 0.019827 0.285691 0.958117 106.872391 0.000000 0.000000 0.000000 1.000000
0.998857 -0.045464 -0.014753 -2.293939 0.039358 0.957465 -0.285852 87.333038 0.027122 0.284945 0.958160 118.735741 0.000000 0.000000 0.000000 1.000000
0.999253 0.025810 -0.028773 -2.032622 -0.032904 0.958605 -0.282830 89.167023 0.020283 0.283566 0.958738 130.694702 0.000000 0.000000 0.000000 1.000000
0.994567 0.099821 -0.029522 -1.941041 -0.104082 0.949173 -0.297048 90.700188 -0.001630 0.298507 0.954406 141.848755 0.000000 0.000000 0.000000 1.000000
0.991921 0.123051 -0.030847 -1.988088 -0.126499 0.941141 -0.313450 92.387901 -0.009539 0.314820 0.949104 152.815872 0.000000 0.000000 0.000000 1.000000
0.995355 0.089233 -0.036145 -1.951512 -0.096046 0.946243 -0.308868 93.906380 0.006640 0.310904 0.950418 164.022705 0.000000 0.000000 0.000000 1.000000
0.998854 0.038933 -0.027830 -1.342736 -0.045317 0.956401 -0.288519 92.283012 0.015383 0.289449 0.957070 175.089462 0.000000 0.000000 0.000000 1.000000
0.999085 0.005011 -0.042485 -0.632011 -0.016712 0.959913 -0.279801 89.229668 0.039380 0.280255 0.959118 186.075912 0.000000 0.000000 0.000000 1.000000
0.998313 -0.018328 -0.055102 -0.158075 0.000993 0.954135 -0.299377 85.082367 0.058061 0.298817 0.952543 196.007050 0.000000 0.000000 0.000000 1.000000
0.997651 -0.020270 -0.065433 0.202140 -0.001736 0.947427 -0.319968 83.015961 0.068479 0.319330 0.945166 205.394012 0.000000 0.000000 0.000000 1.000000
0.997243 -0.033585 -0.066169 0.223432 0.010228 0.945418 -0.325701 83.195015 0.073496 0.324126 0.943155 215.751968 0.000000 0.000000 0.000000 1.000000
0.996921 -0.048279 -0.061782 -0.182941 0.025959 0.946741 -0.320947 85.953468 0.073986 0.318355 0.945080 227.279068 0.000000 0.000000 0.000000 1.000000</float_array>
        <technique_common>
          <accessor source="#mixamorig_Hips-Matrix-animation-output-transform-array" count="23" stride="16">
            <param type="float4x4"/>
          </accessor>
        </technique_common>
      </source>
      <source id="mixamorig_Hips-Interpolations">
        <Name_array id="mixamorig_Hips-Interpolations-array" count="23">
 LINEAR LINEAR LINEAR LINEAR LINEAR LINEAR LINEAR LINEAR LINEAR LINEAR LINEAR
LINEAR LINEAR LINEAR LINEAR LINEAR LINEAR LINEAR LINEAR LINEAR LINEAR LINEAR LINEAR</Name_array>
        <technique_common>
          <accessor source="#mixamorig_Hips-Interpolations-array" count="23">
            <param type="name"/>
          </accessor>
        </technique_common>
      </source>
      <sampler id="mixamorig_Hips-Matrix-animation-transform">
        <input semantic="INPUT" source="#mixamorig_Hips-Matrix-animation-input"/>
        <input semantic="OUTPUT" source="#mixamorig_Hips-Matrix-animation-output-transform"/>
        <input semantic="INTERPOLATION" source="#mixamorig_Hips-Interpolations"/>
      </sampler>
      <channel source="#mixamorig_Hips-Matrix-animation-transform" target="mixamorig_Hips/matrix"/>
    </animation>
    <animation id="mixamorig_Spine-anim" name="mixamorig_Spine">
      <source id="mixamorig_Spine-Matrix-animation-input">
        <float_array id="mixamorig_Spine-Matrix-animation-input-array" count="23">

0.000000 0.033333 0.066667 0.100000 0.133333 0.166667 0.200000 0.233333 0.266667 0.300000 0.333333 0.366667 0.400000 0.433333 0.466667 0.500000
0.533333 0.566667 0.600000 0.633333 0.666667 0.700000 0.733333</float_array>
        <technique_common>
          <accessor source="#mixamorig_Spine-Matrix-animation-input-array" count="23">
            <param name="TIME" type="float"/>
          </accessor>
        </technique_common>
      </source>
      <source id="mixamorig_Spine-Matrix-animation-output-transform">
        <float_array id="mixamorig_Spine-Matrix-animation-output-transform-array" count="368">

0.997847 -0.016714 0.063419 0.004700 0.017235 0.999822 -0.007672 5.245300 -0.063280 0.008748 0.997957 0.258800 0.000000 0.000000 0.000000 1.000000
0.995333 -0.009409 0.096040 0.004700 0.009744 0.999948 -0.003016 5.245300 -0.096007 0.003937 0.995373 0.258800 0.000000 0.000000 0.000000 1.000000
0.993364 0.032196 0.110418 0.004700 -0.031323 0.999463 -0.009635 5.245300 -0.110669 0.006113 0.993839 0.258800 0.000000 0.000000 0.000000 1.000000
0.988511 0.096410 0.116413 0.004700 -0.094345 0.995271 -0.023139 5.245300 -0.118093 0.011890 0.992931 0.258800 0.000000 0.000000 0.000000 1.000000
0.985839 0.110306 0.126311 0.004700 -0.109623 0.993896 -0.012368 5.245300 -0.126904 -0.001653 0.991914 0.258800 0.000000 0.000000 0.000000 1.000000
0.988899 0.051681 0.139313 0.004700 -0.051845 0.998652 -0.002457 5.245300 -0.139252 -0.004793 0.990245 0.258800 0.000000 0.000000 0.000000 1.000000
0.990531 0.010986 0.136850 0.004700 -0.009333 0.999876 -0.012711 5.245300 -0.136973 0.011313 0.990510 0.258800 0.000000 0.000000 0.000000 1.000000
0.994048 0.040829 0.101006 0.004700 -0.037472 0.998687 -0.034918 5.245300 -0.102299 0.030925 0.994273 0.258800 0.000000 0.000000 0.000000 1.000000
0.995382 0.067096 0.068657 0.004700 -0.065105 0.997402 -0.030830 5.245300 -0.070547 0.026218 0.997164 0.258800 0.000000 0.000000 0.000000 1.000000
0.994545 0.094053 0.045104 0.004700 -0.092994 0.995352 -0.025047 5.245300 -0.047250 0.020716 0.998668 0.258800 0.000000 0.000000 0.000000 1.000000
0.991687 0.126489 0.023593 0.004700 -0.125844 0.991681 -0.027064 5.245300 -0.026820 0.023870 0.999355 0.258800 0.000000 0.000000 0.000000 1.000000
0.991151 0.132488 -0.008225 0.004700 -0.132613 0.991018 -0.017238 5.245300 0.005867 0.018176 0.999818 0.258800 0.000000 0.000000 0.000000 1.000000
0.994145 0.099780 -0.041475 0.004700 -0.100030 0.994976 -0.004004 5.245300 0.040867 0.008129 0.999132 0.258800 0.000000 0.000000 0.000000 1.000000
0.996892 0.015547 -0.077237 0.004700 -0.015403 0.999878 0.002459 5.245300 0.077266 -0.001262 0.997010 0.258800 0.000000 0.000000 0.000000 1.000000
0.990494 -0.072637 -0.116816 0.004700 0.073655 0.997274 0.004419 5.245300 0.116176 -0.012981 0.993144 0.258800 0.000000 0.000000 0.000000 1.000000
0.984728 -0.108965 -0.135784 0.004700 0.110044 0.993927 0.000446 5.245300 0.134911 -0.015381 0.990738 0.258800 0.000000 0.000000 0.000000 1.000000
0.988718 -0.087500 -0.121574 0.004700 0.087500 0.996150 -0.005344 5.245300 0.121573 -0.005354 0.992568 0.258800 0.000000 0.000000 0.000000 1.000000
0.991544 -0.060472 -0.114821 0.004700 0.059716 0.998165 -0.010016 5.245300 0.115216 0.003075 0.993336 0.258800 0.000000 0.000000 0.000000 1.000000
0.994373 -0.058399 -0.088384 0.004700 0.057448 0.998260 -0.013275 5.245300 0.089005 0.008122 0.995998 0.258800 0.000000 0.000000 0.000000 1.000000
0.997080 -0.051432 -0.056443 0.004700 0.051105 0.998667 -0.007223 5.245300 0.056740 0.004317 0.998380 0.258800 0.000000 0.000000 0.000000 1.000000
0.998109 -0.057001 -0.023007 0.004700 0.056786 0.998337 -0.009894 5.245300 0.023532 0.008569 0.999686 0.258800 0.000000 0.000000 0.000000 1.000000
0.999054 -0.040524 0.015799 0.004700 0.040693 0.999117 -0.010503 5.245300 -0.015359 0.011136 0.999820 0.258800 0.000000 0.000000 0.000000 1.000000
0.997847 -0.016714 0.063419 0.004700 0.017235 0.999822 -0.007672 5.245300 -0.063280 0.008748 0.997957 0.258800 0.000000 0.000000 0.000000 1.000000</float_array>
        <technique_common>
          <accessor source="#mixamorig_Spine-Matrix-animation-output-transform-array" count="23" stride="16">
            <param type="float4x4"/>
          </accessor>
        </technique_common>
      </source>
      <source id="mixamorig_Spine-Interpolations">
        <Name_array id="mixamorig_Spine-Interpolations-array" count="23">
 LINEAR LINEAR LINEAR LINEAR LINEAR LINEAR LINEAR LINEAR LINEAR LINEAR LINEAR
LINEAR LINEAR LINEAR LINEAR LINEAR LINEAR LINEAR LINEAR LINEAR LINEAR LINEAR LINEAR</Name_array>
        <technique_common>
          <accessor source="#mixamorig_Spine-Interpolations-array" count="23">
            <param type="name"/>
          </accessor>
        </technique_common>
      </source>
      <sampler id="mixamorig_Spine-Matrix-animation-transform">
        <input semantic="INPUT" source="#mixamorig_Spine-Matrix-animation-input"/>
        <input semantic="OUTPUT" source="#mixamorig_Spine-Matrix-animation-output-transform"/>
        <input semantic="INTERPOLATION" source="#mixamorig_Spine-Interpolations"/>
      </sampler>
      <channel source="#mixamorig_Spine-Matrix-animation-transform" target="mixamorig_Spine/matrix"/>
    </animation>
    <animation id="mixamorig_Spine1-anim" name="mixamorig_Spine1">
      <source id="mixamorig_Spine1-Matrix-animation-input">
        <float_array id="mixamorig_Spine1-Matrix-animation-input-array" count="23">

0.000000 0.033333 0.066667 0.100000 0.133333 0.166667 0.200000 0.233333 0.266667 0.300000 0.333333 0.366667 0.400000 0.433333 0.466667 0.500000
0.533333 0.566667 0.600000 0.633333 0.666667 0.700000 0.733333</float_array>
        <technique_common>
          <accessor source="#mixamorig_Spine1-Matrix-animation-input-array" count="23">
            <param name="TIME" type="float"/>
          </accessor>
        </technique_common>
      </source>
      <source id="mixamorig_Spine1-Matrix-animation-output-transform">
        <float_array id="mixamorig_Spine1-Matrix-animation-output-transform-array" count="368">

0.999027 -0.017377 0.040538 0.000000 0.016686 0.999711 0.017327 11.066900 -0.040827 -0.016634 0.999028 0.000000 0.000000 0.000000 0.000000 1.000000
0.998323 -0.007418 0.057405 0.000000 0.006350 0.999804 0.018763 11.066900 -0.057533 -0.018367 0.998175 0.000000 0.000000 0.000000 0.000000 1.000000
0.997934 0.000016 0.064245 -0.000000 -0.001033 0.999875 0.015803 11.066900 -0.064236 -0.015837 0.997809 0.000000 0.000000 0.000000 0.000000 1.000000
0.997926 0.008674 0.063778 0.000000 -0.009351 0.999903 0.010330 11.066900 -0.063682 -0.010905 0.997911 0.000000 0.000000 0.000000 0.000000 1.000000
0.997942 0.013738 0.062638 0.000000 -0.014996 0.999694 0.019649 11.066900 -0.062349 -0.020548 0.997843 0.000000 0.000000 0.000000 0.000000 1.000000
0.997850 0.009738 0.064815 -0.000000 -0.011536 0.999557 0.027426 11.066900 -0.064519 -0.028114 0.997520 0.000000 0.000000 0.000000 0.000000 1.000000
0.997935 0.005915 0.063954 -0.000000 -0.007191 0.999779 0.019748 11.066900 -0.063823 -0.020167 0.997757 0.000000 0.000000 0.000000 0.000000 1.000000
0.998365 0.010205 0.056243 0.000000 -0.010461 0.999936 0.004254 11.066900 -0.056196 -0.004835 0.998408 0.000000 0.000000 0.000000 0.000000 1.000000
0.998880 0.017418 0.043993 0.000000 -0.017710 0.999824 0.006251 11.066900 -0.043876 -0.007023 0.999012 -0.000000 0.000000 0.000000 0.000000 1.000000
0.999131 0.024528 0.033699 0.000000 -0.024871 0.999643 0.009787 11.066900 -0.033447 -0.010616 0.999384 0.000000 0.000000 0.000000 0.000000 1.000000
0.999305 0.027516 0.025130 0.000000 -0.027708 0.999589 0.007326 11.066900 -0.024918 -0.008017 0.999657 -0.000000 0.000000 0.000000 0.000000 1.000000
0.999699 0.021432 0.011949 0.000000 -0.021568 0.999702 0.011434 11.066900 -0.011700 -0.011688 0.999863 0.000000 0.000000 0.000000 0.000000 1.000000
0.999965 0.007057 -0.004381 0.000000 -0.006975 0.999803 0.018588 11.066900 0.004512 -0.018557 0.999818 0.000000 0.000000 0.000000 0.000000 1.000000
0.999722 -0.013860 -0.019060 0.000000 0.014286 0.999647 0.022408 11.066900 0.018742 -0.022674 0.999567 0.000000 0.000000 0.000000 0.000000 1.000000
0.999043 -0.030323 -0.031528 0.000000 0.031123 0.999198 0.025202 11.066900 0.030739 -0.026159 0.999185 0.000000 0.000000 0.000000 0.000000 1.000000
0.998514 -0.035098 -0.041685 0.000000 0.036191 0.999012 0.025773 11.066900 0.040739 -0.027244 0.998798 0.000000 0.000000 0.000000 0.000000 1.000000
0.998636 -0.030606 -0.042303 0.000000 0.031545 0.999267 0.021700 11.066900 0.041608 -0.023005 0.998869 0.000000 0.000000 0.000000 0.000000 1.000000
0.999158 -0.024895 -0.032617 0.000000 0.025520 0.999495 0.018911 11.066900 0.032129 -0.019727 0.999289 0.000000 0.000000 0.000000 0.000000 1.000000
0.999475 -0.026293 -0.018956 0.000000 0.026641 0.999477 0.018308 11.066900 0.018464 -0.018803 0.999653 0.000000 0.000000 0.000000 0.000000 1.000000
0.999390 -0.034527 -0.005200 -0.000000 0.034632 0.999163 0.021770 11.066900 0.004444 -0.021937 0.999749 0.000000 0.000000 0.000000 0.000000 1.000000
0.999194 -0.040033 0.002960 0.000000 0.039968 0.999010 0.019544 11.066900 -0.003739 -0.019410 0.999805 0.000000 0.000000 0.000000 0.000000 1.000000
0.999328 -0.032429 0.017057 0.000000 0.032123 0.999323 0.017957 11.066900 -0.017628 -0.017397 0.999693 -0.000000 0.000000 0.000000 0.000000 1.000000
0.999027 -0.017377 0.040538 0.000000 0.016686 0.999711 0.017327 11.066900 -0.040827 -0.016633 0.999028 0.000000 0.000000 0.000000 0.000000 1.000000</float_array>
        <technique_common>
          <accessor source="#mixamorig_Spine1-Matrix-animation-output-transform-array" count="23" stride="16">
            <param type="float4x4"/>
          </accessor>
        </technique_common>
      </source>
      <source id="mixamorig_Spine1-Interpolations">
        <Name_array id="mixamorig_Spine1-Interpolations-array" count="23">
 LINEAR LINEAR LINEAR LINEAR LINEAR LINEAR LINEAR LINEAR LINEAR LINEAR LINEAR
LINEAR LINEAR LINEAR LINEAR LINEAR LINEAR LINEAR LINEAR LINEAR LINEAR LINEAR LINEAR</Name_array>
        <technique_common>
          <accessor source="#mixamorig_Spine1-Interpolations-array" count="23">
            <param type="name"/>
          </accessor>
        </technique_common>
      </source>
      <sampler id="mixamorig_Spine1-Matrix-animation-transform">
        <input semantic="INPUT" source="#mixamorig_Spine1-Matrix-animation-input"/>
        <input semantic="OUTPUT" source="#mixamorig_Spine1-Matrix-animation-output-transform"/>
        <input semantic="INTERPOLATION" source="#mixamorig_Spine1-Interpolations"/>
      </sampler>
      <channel source="#mixamorig_Spine1-Matrix-animation-transform" target="mixamorig_Spine1/matrix"/>
    </animation>
    <animation id="mixamorig_Spine2-anim" name="mixamorig_Spine2">
      <source id="mixamorig_Spine2-Matrix-animation-input">
        <float_array id="mixamorig_Spine2-Matrix-animation-input-array" count="23">

0.000000 0.033333 0.066667 0.100000 0.133333 0.166667 0.200000 0.233333 0.266667 0.300000 0.333333 0.366667 0.400000 0.433333 0.466667 0.500000
0.533333 0.566667 0.600000 0.633333 0.666667 0.700000 0.733333</float_array>
        <technique_common>
          <accessor source="#mixamorig_Spine2-Matrix-animation-input-array" count="23">
            <param name="TIME" type="float"/>
          </accessor>
        </technique_common>
      </source>
      <source id="mixamorig_Spine2-Matrix-animation-output-transform">
        <float_array id="mixamorig_Spine2-Matrix-animation-output-transform-array" count="368">

0.998981 -0.013314 0.043120 0.000000 0.021085 0.982486 -0.185140 8.141900 -0.039900 0.185861 0.981766 0.000000 0.000000 0.000000 0.000000 1.000000
0.998266 -0.001460 0.058851 0.000000 0.012265 0.982914 -0.183654 8.141900 -0.057577 0.184057 0.981228 0.000000 0.000000 0.000000 0.000000 1.000000
0.997864 0.006495 0.065005 0.000000 0.005754 0.982442 -0.186480 8.141900 -0.065075 0.186456 0.980306 0.000000 0.000000 0.000000 0.000000 1.000000
0.997866 0.014865 0.063587 0.000000 -0.002382 0.981383 -0.192045 8.141900 -0.065258 0.191484 0.979324 -0.000000 0.000000 0.000000 0.000000 1.000000
0.997898 0.020236 0.061567 0.000000 -0.008640 0.983059 -0.183086 8.141900 -0.064229 0.182169 0.981167 -0.000000 0.000000 0.000000 0.000000 1.000000
0.997795 0.017370 0.064064 -0.000000 -0.005880 0.984490 -0.175341 8.141900 -0.066116 0.174578 0.982421 0.000000 0.000000 0.000000 0.000000 1.000000
0.997868 0.013710 0.063812 0.000000 -0.001809 0.983122 -0.182940 8.141900 -0.065244 0.182435 0.981051 0.000000 0.000000 0.000000 0.000000 1.000000
0.998310 0.016592 0.055701 0.000000 -0.005216 0.980093 -0.198471 8.141900 -0.057886 0.197845 0.978523 -0.000000 0.000000 0.000000 0.000000 1.000000
0.998835 0.022327 0.042769 0.000000 -0.013495 0.980386 -0.196625 8.141900 -0.046320 0.195818 0.979546 0.000000 0.000000 0.000000 0.000000 1.000000
0.999090 0.028338 0.031889 0.000000 -0.021658 0.980932 -0.193140 8.141900 -0.036755 0.192274 0.980653 -0.000000 0.000000 0.000000 0.000000 1.000000
0.999273 0.030459 0.022941 0.000000 -0.025391 0.980348 -0.195633 8.141900 -0.028449 0.194909 0.980409 0.000000 0.000000 0.000000 0.000000 1.000000
0.999680 0.023108 0.010305 0.000000 -0.020705 0.981230 -0.191725 8.141900 -0.014542 0.191450 0.981395 0.000000 0.000000 0.000000 0.000000 1.000000
0.999966 0.007001 -0.004276 0.000000 -0.007671 0.982736 -0.184855 8.141900 0.002908 0.184881 0.982757 0.000000 0.000000 0.000000 0.000000 1.000000
0.999749 -0.015516 -0.016148 0.000000 0.012334 0.983362 -0.181237 8.141900 0.018691 0.180993 0.983307 0.000000 0.000000 0.000000 0.000000 1.000000
0.999095 -0.033380 -0.026364 0.000000 0.028149 0.983532 -0.178529 8.141900 0.031889 0.177625 0.983581 0.000000 0.000000 0.000000 0.000000 1.000000
0.998568 -0.039783 -0.035761 -0.000000 0.032818 0.983525 -0.177767 8.141900 0.042244 0.176339 0.983423 0.000000 0.000000 0.000000 0.000000 1.000000
0.998678 -0.035579 -0.037097 0.000000 0.028277 0.982981 -0.181517 8.141900 0.042924 0.180228 0.982688 0.000000 0.000000 0.000000 0.000000 1.000000
0.999195 -0.028525 -0.028214 0.000000 0.022850 0.982624 -0.184195 8.141900 0.032978 0.183402 0.982485 0.000000 0.000000 0.000000 0.000000 1.000000
0.999500 -0.028150 -0.014409 0.000000 0.025008 0.982476 -0.184705 8.141900 0.019356 0.184252 0.982688 0.000000 0.000000 0.000000 0.000000 1.000000
0.999392 -0.034874 0.000213 0.000000 0.034336 0.982870 -0.181076 8.141900 0.006106 0.180973 0.983469 -0.000000 0.000000 0.000000 0.000000 1.000000
0.999162 -0.039931 0.009038 0.000000 0.040911 0.982284 -0.182879 8.141900 -0.001576 0.183095 0.983094 0.000000 0.000000 0.000000 0.000000 1.000000
0.999279 -0.031002 0.021921 0.000000 0.034517 0.982259 -0.184326 8.141900 -0.015817 0.184950 0.982621 0.000000 0.000000 0.000000 0.000000 1.000000
0.998981 -0.013314 0.043120 -0.000000 0.021085 0.982486 -0.185140 8.141900 -0.039900 0.185861 0.981766 0.000000 0.000000 0.000000 0.000000 1.000000</float_array>
        <technique_common>
          <accessor source="#mixamorig_Spine2-Matrix-animation-output-transform-array" count="23" stride="16">
            <param type="float4x4"/>
          </accessor>
        </technique_common>
      </source>
      <source id="mixamorig_Spine2-Interpolations">
        <Name_array id="mixamorig_Spine2-Interpolations-array" count="23">
 LINEAR LINEAR LINEAR LINEAR LINEAR LINEAR LINEAR LINEAR LINEAR LINEAR LINEAR
LINEAR LINEAR LINEAR LINEAR LINEAR LINEAR LINEAR LINEAR LINEAR LINEAR LINEAR LINEAR</Name_array>
        <technique_common>
          <accessor source="#mixamorig_Spine2-Interpolations-array" count="23">
            <param type="name"/>
          </accessor>
        </technique_common>
      </source>
      <sampler id="mixamorig_Spine2-Matrix-animation-transform">
        <input semantic="INPUT" source="#mixamorig_Spine2-Matrix-animation-input"/>
        <input semantic="OUTPUT" source="#mixamorig_Spine2-Matrix-animation-output-transform"/>
        <input semantic="INTERPOLATION" source="#mixamorig_Spine2-Interpolations"/>
      </sampler>
      <channel source="#mixamorig_Spine2-Matrix-animation-transform" target="mixamorig_Spine2/matrix"/>
    </animation>
    <animation id="mixamorig_Neck-anim" name="mixamorig_Neck">
      <source id="mixamorig_Neck-Matrix-animation-input">
        <float_array id="mixamorig_Neck-Matrix-animation-input-array" count="23">

0.000000 0.033333 0.066667 0.100000 0.133333 0.166667 0.200000 0.233333 0.266667 0.300000 0.333333 0.366667 0.400000 0.433333 0.466667 0.500000
0.533333 0.566667 0.600000 0.633333 0.666667 0.700000 0.733333</float_array>
        <technique_common>
          <accessor source="#mixamorig_Neck-Matrix-animation-input-array" count="23">
            <param name="TIME" type="float"/>
          </accessor>
        </technique_common>
      </source>
      <source id="mixamorig_Neck-Matrix-animation-output-transform">
        <float_array id="mixamorig_Neck-Matrix-animation-output-transform-array" count="368">

0.999713 -0.023547 -0.004423 -0.112200 0.023912 0.992118 0.123002 18.919500 0.001492 -0.123073 0.992397 -3.736100 0.000000 0.000000 0.000000 1.000000
0.999717 -0.020046 -0.012789 -0.112200 0.021318 0.993854 0.108629 18.919500 0.010533 -0.108871 0.994000 -3.736100 0.000000 0.000000 0.000000 1.000000
0.999686 -0.015163 -0.019963 -0.112200 0.017026 0.995168 0.096699 18.919500 0.018401 -0.097008 0.995113 -3.736100 0.000000 0.000000 0.000000 1.000000
0.999667 -0.002682 -0.025650 -0.112200 0.004709 0.996840 0.079294 18.919500 0.025357 -0.079389 0.996521 -3.736100 0.000000 0.000000 0.000000 1.000000
0.999611 0.003438 -0.027695 -0.112200 -0.001430 0.997389 0.072206 18.919500 0.027871 -0.072138 0.997005 -3.736100 0.000000 0.000000 0.000000 1.000000
0.999559 -0.001679 -0.029657 -0.112200 0.003942 0.997069 0.076402 18.919500 0.029442 -0.076486 0.996636 -3.736100 0.000000 0.000000 0.000000 1.000000
0.999545 -0.008272 -0.029022 -0.112200 0.010293 0.997482 0.070173 18.919500 0.028369 -0.070440 0.997113 -3.736100 0.000000 0.000000 0.000000 1.000000
0.999603 -0.014038 -0.024413 -0.112200 0.015230 0.998666 0.049342 18.919500 0.023688 -0.049694 0.998484 -3.736100 0.000000 0.000000 0.000000 1.000000
0.999299 -0.030033 -0.022346 -0.112200 0.030857 0.998821 0.037482 18.919500 0.021194 -0.038145 0.999047 -3.736100 0.000000 0.000000 0.000000 1.000000
0.998400 -0.050032 -0.026367 -0.112200 0.051370 0.997284 0.052787 18.919500 0.023654 -0.054057 0.998258 -3.736100 0.000000 0.000000 0.000000 1.000000
0.997981 -0.056581 -0.028868 -0.112200 0.058502 0.995781 0.070690 18.919500 0.024746 -0.072236 0.997080 -3.736100 0.000000 0.000000 0.000000 1.000000
0.998120 -0.056344 -0.024139 -0.112200 0.057992 0.995563 0.074098 18.919500 0.019857 -0.075359 0.996959 -3.736100 0.000000 0.000000 0.000000 1.000000
0.998251 -0.056986 -0.015758 -0.112200 0.057972 0.995756 0.071473 18.919500 0.011619 -0.072261 0.997318 -3.736100 0.000000 0.000000 0.000000 1.000000
0.998450 -0.055165 -0.007427 -0.112200 0.055541 0.996166 0.067593 18.919500 0.003670 -0.067901 0.997685 -3.736100 0.000000 0.000000 0.000000 1.000000
0.998156 -0.060659 -0.002370 -0.112200 0.060663 0.995220 0.076539 18.919500 -0.002284 -0.076541 0.997064 -3.736100 0.000000 0.000000 0.000000 1.000000
0.997082 -0.076292 -0.002708 -0.112200 0.076201 0.992493 0.095660 18.919500 -0.004610 -0.095587 0.995410 -3.736100 0.000000 0.000000 0.000000 1.000000
0.996450 -0.084002 -0.005562 -0.112200 0.084130 0.991204 0.102158 18.919500 -0.003069 -0.102263 0.994753 -3.736100 0.000000 0.000000 0.000000 1.000000
0.997431 -0.071572 -0.002982 -0.112200 0.071523 0.992712 0.096990 18.919500 -0.003981 -0.096954 0.995281 -3.736100 0.000000 0.000000 0.000000 1.000000
0.998799 -0.048951 0.001954 -0.112200 0.048523 0.993988 0.098148 18.919500 -0.006747 -0.097935 0.995170 -3.736100 0.000000 0.000000 0.000000 1.000000
0.999427 -0.033720 0.003080 -0.112200 0.033122 0.992478 0.117859 18.919500 -0.007031 -0.117690 0.993026 -3.736100 0.000000 0.000000 0.000000 1.000000
0.999551 -0.029666 0.004117 -0.112200 0.028812 0.989968 0.138322 18.919500 -0.008179 -0.138141 0.990379 -3.736100 0.000000 0.000000 0.000000 1.000000
0.999613 -0.027685 0.002884 -0.112200 0.027023 0.990066 0.137985 18.919500 -0.006675 -0.137854 0.990430 -3.736100 0.000000 0.000000 0.000000 1.000000
0.999713 -0.023547 -0.004423 -0.112200 0.023912 0.992118 0.123002 18.919500 0.001492 -0.123073 0.992397 -3.736100 0.000000 0.000000 0.000000 1.000000</float_array>
        <technique_common>
          <accessor source="#mixamorig_Neck-Matrix-animation-output-transform-array" count="23" stride="16">
            <param type="float4x4"/>
          </accessor>
        </technique_common>
      </source>
      <source id="mixamorig_Neck-Interpolations">
        <Name_array id="mixamorig_Neck-Interpolations-array" count="23">
 LINEAR LINEAR LINEAR LINEAR LINEAR LINEAR LINEAR LINEAR LINEAR LINEAR LINEAR
LINEAR LINEAR LINEAR LINEAR LINEAR LINEAR LINEAR LINEAR LINEAR LINEAR LINEAR LINEAR</Name_array>
        <technique_common>
          <accessor source="#mixamorig_Neck-Interpolations-array" count="23">
            <param type="name"/>
          </accessor>
        </technique_common>
      </source>
      <sampler id="mixamorig_Neck-Matrix-animation-transform">
        <input semantic="INPUT" source="#mixamorig_Neck-Matrix-animation-input"/>
        <input semantic="OUTPUT" source="#mixamorig_Neck-Matrix-animation-output-transform"/>
        <input semantic="INTERPOLATION" source="#mixamorig_Neck-Interpolations"/>
      </sampler>
      <channel source="#mixamorig_Neck-Matrix-animation-transform" target="mixamorig_Neck/matrix"/>
    </animation>
    <animation id="mixamorig_Head-anim" name="mixamorig_Head">
      <source id="mixamorig_Head-Matrix-animation-input">
        <float_array id="mixamorig_Head-Matrix-animation-input-array" count="23">

0.000000 0.033333 0.066667 0.100000 0.133333 0.166667 0.200000 0.233333 0.266667 0.300000 0.333333 0.366667 0.400000 0.433333 0.466667 0.500000
0.533333 0.566667 0.600000 0.633333 0.666667 0.700000 0.733333</float_array>
        <technique_common>
          <accessor source="#mixamorig_Head-Matrix-animation-input-array" count="23">
            <param name="TIME" type="float"/>
          </accessor>
        </technique_common>
      </source>
      <source id="mixamorig_Head-Matrix-animation-output-transform">
        <float_array id="mixamorig_Head-Matrix-animation-output-transform-array" count="368">

0.997705 0.057973 0.034971 0.000000 -0.063250 0.982359 0.175986 8.673000 -0.024152 -0.177794 0.983771 3.319300 0.000000 0.000000 0.000000 1.000000
0.999338 0.031962 -0.017388 0.000000 -0.028953 0.987955 0.152012 8.673000 0.022037 -0.151408 0.988226 3.319300 0.000000 0.000000 0.000000 1.000000
0.997851 0.013823 -0.064048 0.000000 -0.005728 0.992155 0.124884 8.673000 0.065272 -0.124249 0.990102 3.319300 0.000000 0.000000 0.000000 1.000000
0.992930 -0.012052 -0.118086 0.000000 0.023918 0.994741 0.099592 8.673000 0.116264 -0.101712 0.987997 3.319300 0.000000 0.000000 0.000000 1.000000
0.989337 -0.029735 -0.142575 0.000000 0.044181 0.994081 0.099251 8.673000 0.138780 -0.104492 0.984795 3.319300 0.000000 0.000000 0.000000 1.000000
0.989177 -0.028458 -0.143938 0.000000 0.044816 0.992729 0.111719 8.673000 0.139712 -0.116961 0.983260 3.319300 0.000000 0.000000 0.000000 1.000000
0.991037 -0.025804 -0.131075 -0.000000 0.041595 0.991998 0.119204 8.673000 0.126951 -0.123588 0.984180 3.319300 0.000000 0.000000 0.000000 1.000000
0.993739 -0.035838 -0.105824 0.000000 0.049434 0.990440 0.128782 8.673000 0.100197 -0.133207 0.986010 3.319300 0.000000 0.000000 0.000000 1.000000
0.995730 -0.048203 -0.078724 0.000000 0.059418 0.987353 0.146982 8.673000 0.070643 -0.151032 0.986002 3.319300 0.000000 0.000000 0.000000 1.000000
0.996582 -0.048381 -0.066954 0.000000 0.058710 0.985029 0.162086 8.673000 0.058110 -0.165463 0.984503 3.319300 0.000000 0.000000 0.000000 1.000000
0.996654 -0.049570 -0.064995 0.000000 0.059586 0.984899 0.162555 8.673000 0.055956 -0.165884 0.984557 3.319300 0.000000 0.000000 0.000000 1.000000
0.998029 -0.048836 -0.039411 0.000000 0.054290 0.986907 0.151879 8.673000 0.031478 -0.153719 0.987613 3.319300 0.000000 0.000000 0.000000 1.000000
0.999749 -0.018685 0.012369 0.000000 0.016848 0.990723 0.134852 8.673000 -0.014774 -0.134610 0.990789 3.319300 0.000000 0.000000 0.000000 1.000000
0.997699 0.025223 0.062932 0.000000 -0.032056 0.993408 0.110056 8.673000 -0.059742 -0.111820 0.991931 3.319300 0.000000 0.000000 0.000000 1.000000
0.992192 0.062766 0.107773 0.000000 -0.072145 0.993726 0.085460 8.673000 -0.101733 -0.092569 0.990496 3.319300 0.000000 0.000000 0.000000 1.000000
0.985789 0.091777 0.140698 0.000000 -0.103723 0.991379 0.080054 8.673000 -0.132138 -0.093510 0.986811 3.319300 0.000000 0.000000 0.000000 1.000000
0.984574 0.101427 0.142575 0.000000 -0.115242 0.989048 0.092218 8.673000 -0.131660 -0.107226 0.985479 3.319300 0.000000 0.000000 0.000000 1.000000
0.987079 0.092449 0.130876 0.000000 -0.107824 0.987412 0.115725 8.673000 -0.118530 -0.128341 0.984621 3.319300 0.000000 0.000000 0.000000 1.000000
0.990030 0.082560 0.114124 -0.000000 -0.098392 0.985123 0.140894 8.673000 -0.100794 -0.150718 0.983425 3.319300 0.000000 0.000000 0.000000 1.000000
0.990978 0.092870 0.096634 0.000000 -0.107087 0.982216 0.154219 8.673000 -0.080593 -0.163176 0.983300 3.319300 0.000000 0.000000 0.000000 1.000000
0.989389 0.107671 0.097550 0.000000 -0.122584 0.979033 0.162688 8.673000 -0.077988 -0.172919 0.981844 3.319300 0.000000 0.000000 0.000000 1.000000
0.991800 0.094955 0.085533 -0.000000 -0.108812 0.978447 0.175504 8.673000 -0.067024 -0.183372 0.980756 3.319300 0.000000 0.000000 0.000000 1.000000
0.997705 0.057973 0.034971 0.000000 -0.063250 0.982359 0.175986 8.673000 -0.024152 -0.177794 0.983771 3.319300 0.000000 0.000000 0.000000 1.000000</float_array>
        <technique_common>
          <accessor source="#mixamorig_Head-Matrix-animation-output-transform-array" count="23" stride="16">
            <param type="float4x4"/>
          </accessor>
        </technique_common>
      </source>
      <source id="mixamorig_Head-Interpolations">
        <Name_array id="mixamorig_Head-Interpolations-array" count="23">
 LINEAR LINEAR LINEAR LINEAR LINEAR LINEAR LINEAR LINEAR LINEAR LINEAR LINEAR
LINEAR LINEAR LINEAR LINEAR LINEAR LINEAR LINEAR LINEAR LINEAR LINEAR LINEAR LINEAR</Name_array>
        <technique_common>
          <accessor source="#mixamorig_Head-Interpolations-array" count="23">
            <param type="name"/>
          </accessor>
        </technique_common>
      </source>
      <sampler id="mixamorig_Head-Matrix-animation-transform">
        <input semantic="INPUT" source="#mixamorig_Head-Matrix-animation-input"/>
        <input semantic="OUTPUT" source="#mixamorig_Head-Matrix-animation-output-transform"/>
        <input semantic="INTERPOLATION" source="#mixamorig_Head-Interpolations"/>
      </sampler>
      <channel source="#mixamorig_Head-Matrix-animation-transform" target="mixamorig_Head/matrix"/>
    </animation>
    <animation id="mixamorig_LeftShoulder-anim" name="mixamorig_LeftShoulder">
      <source id="mixamorig_LeftShoulder-Matrix-animation-input">
        <float_array id="mixamorig_LeftShoulder-Matrix-animation-input-array" count="23">

0.000000 0.033333 0.066667 0.100000 0.133333 0.166667 0.200000 0.233333 0.266667 0.300000 0.333333 0.366667 0.400000 0.433333 0.466667 0.500000
0.533333 0.566667 0.600000 0.633333 0.666667 0.700000 0.733333</float_array>
        <technique_common>
          <accessor source="#mixamorig_LeftShoulder-Matrix-animation-input-array" count="23">
            <param name="TIME" type="float"/>
          </accessor>
        </technique_common>
      </source>
      <source id="mixamorig_LeftShoulder-Matrix-animation-output-transform">
        <float_array id="mixamorig_LeftShoulder-Matrix-animation-output-transform-array" count="368">

0.170984 0.911087 -0.375079 6.339200 0.008605 -0.382051 -0.924101 14.952900 -0.985236 0.154779 -0.073165 -4.642900 0.000000 0.000000 0.000000 1.000000
0.138729 0.920967 -0.364108 6.339200 0.010303 -0.368985 -0.929378 14.952900 -0.990277 0.125180 -0.060678 -4.642900 0.000000 0.000000 0.000000 1.000000
0.119931 0.926623 -0.356351 6.339200 0.011266 -0.360189 -0.932811 14.952900 -0.992718 0.107859 -0.053637 -4.642900 0.000000 0.000000 0.000000 1.000000
0.097021 0.934433 -0.342669 6.339200 0.012765 -0.345433 -0.938357 14.952900 -0.995200 0.086666 -0.045442 -4.642900 0.000000 0.000000 0.000000 1.000000
0.068645 0.939030 -0.336913 6.339200 0.013799 -0.338571 -0.940840 14.952900 -0.997546 0.059934 -0.036199 -4.642900 0.000000 0.000000 0.000000 1.000000
0.039733 0.933329 -0.356816 6.339200 0.014242 -0.357590 -0.933770 14.952900 -0.999109 0.032020 -0.027500 -4.642900 0.000000 0.000000 0.000000 1.000000
0.035407 0.920058 -0.390178 6.339200 0.014642 -0.390858 -0.920334 14.952900 -0.999266 0.026873 -0.027311 -4.642900 0.000000 0.000000 0.000000 1.000000
0.050619 0.907907 -0.416105 6.339200 0.013635 -0.417228 -0.908699 14.952900 -0.998625 0.040324 -0.033499 -4.642900 0.000000 0.000000 0.000000 1.000000
0.069417 0.896609 -0.437349 6.339200 0.012001 -0.439126 -0.898345 14.952900 -0.997516 0.057111 -0.041243 -4.642900 0.000000 0.000000 0.000000 1.000000
0.098570 0.879297 -0.465962 6.339200 0.009074 -0.469017 -0.883142 14.952900 -0.995089 0.082824 -0.054210 -4.642900 0.000000 0.000000 0.000000 1.000000
0.139126 0.870692 -0.471740 6.339200 0.005715 -0.477071 -0.878846 14.952900 -0.990258 0.119574 -0.071349 -4.642900 0.000000 0.000000 0.000000 1.000000
0.168707 0.884218 -0.435541 6.339200 0.005948 -0.442780 -0.896611 14.952900 -0.985648 0.148674 -0.079959 -4.642900 0.000000 0.000000 0.000000 1.000000
0.190157 0.899571 -0.393207 6.339200 0.007864 -0.401897 -0.915651 14.952900 -0.981722 0.171026 -0.083498 -4.642900 0.000000 0.000000 0.000000 1.000000
0.199049 0.905684 -0.374320 6.339200 0.008915 -0.383621 -0.923448 14.952900 -0.979949 0.180474 -0.084433 -4.642900 0.000000 0.000000 0.000000 1.000000
0.185587 0.915610 -0.356674 6.339200 0.010642 -0.364832 -0.931013 14.952900 -0.982570 0.168988 -0.077452 -4.642900 0.000000 0.000000 0.000000 1.000000
0.187804 0.923291 -0.335057 6.339200 0.011696 -0.343205 -0.939188 14.952900 -0.982137 0.172464 -0.075254 -4.642900 0.000000 0.000000 0.000000 1.000000
0.224805 0.917417 -0.328342 6.339200 0.011947 -0.339537 -0.940517 14.952900 -0.974331 0.207510 -0.087290 -4.642900 0.000000 0.000000 0.000000 1.000000
0.242560 0.910597 -0.334632 6.339200 0.012156 -0.347759 -0.937505 14.952900 -0.970060 0.223333 -0.095422 -4.642900 0.000000 0.000000 0.000000 1.000000
0.239215 0.905731 -0.349897 6.339200 0.010709 -0.362798 -0.931806 14.952900 -0.970907 0.219155 -0.096487 -4.642900 0.000000 0.000000 0.000000 1.000000
0.244498 0.895599 -0.371650 6.339200 0.007392 -0.384993 -0.922890 14.952900 -0.969622 0.222897 -0.100750 -4.642900 0.000000 0.000000 0.000000 1.000000
0.248521 0.887719 -0.387547 6.339200 0.004248 -0.401095 -0.916027 14.952900 -0.968617 0.226005 -0.103452 -4.642900 0.000000 0.000000 0.000000 1.000000
0.220864 0.893968 -0.389924 6.339200 0.005021 -0.400834 -0.916137 14.952900 -0.975292 0.200384 -0.093018 -4.642900 0.000000 0.000000 0.000000 1.000000
0.170984 0.911088 -0.375079 6.339200 0.008605 -0.382051 -0.924101 14.952900 -0.985236 0.154779 -0.073165 -4.642900 0.000000 0.000000 0.000000 1.000000</float_array>
        <technique_common>
          <accessor source="#mixamorig_LeftShoulder-Matrix-animation-output-transform-array" count="23" stride="16">
            <param type="float4x4"/>
          </accessor>
        </technique_common>
      </source>
      <source id="mixamorig_LeftShoulder-Interpolations">
        <Name_array id="mixamorig_LeftShoulder-Interpolations-array" count="23">
 LINEAR LINEAR LINEAR LINEAR LINEAR LINEAR LINEAR LINEAR LINEAR LINEAR LINEAR
LINEAR LINEAR LINEAR LINEAR LINEAR LINEAR LINEAR LINEAR LINEAR LINEAR LINEAR LINEAR</Name_array>
        <technique_common>
          <accessor source="#mixamorig_LeftShoulder-Interpolations-array" count="23">
            <param type="name"/>
          </accessor>
        </technique_common>
      </source>
      <sampler id="mixamorig_LeftShoulder-Matrix-animation-transform">
        <input semantic="INPUT" source="#mixamorig_LeftShoulder-Matrix-animation-input"/>
        <input semantic="OUTPUT" source="#mixamorig_LeftShoulder-Matrix-animation-output-transform"/>
        <input semantic="INTERPOLATION" source="#mixamorig_LeftShoulder-Interpolations"/>
      </sampler>
      <channel source="#mixamorig_LeftShoulder-Matrix-animation-transform" target="mixamorig_LeftShoulder/matrix"/>
    </animation>
    <animation id="mixamorig_LeftArm-anim" name="mixamorig_LeftArm">
      <source id="mixamorig_LeftArm-Matrix-animation-input">
        <float_array id="mixamorig_LeftArm-Matrix-animation-input-array" count="23">

0.000000 0.033333 0.066667 0.100000 0.133333 0.166667 0.200000 0.233333 0.266667 0.300000 0.333333 0.366667 0.400000 0.433333 0.466667 0.500000
0.533333 0.566667 0.600000 0.633333 0.666667 0.700000 0.733333</float_array>
        <technique_common>
          <accessor source="#mixamorig_LeftArm-Matrix-animation-input-array" count="23">
            <param name="TIME" type="float"/>
          </accessor>
        </technique_common>
      </source>
      <source id="mixamorig_LeftArm-Matrix-animation-output-transform">
        <float_array id="mixamorig_LeftArm-Matrix-animation-output-transform-array" count="368">

0.916349 0.083021 0.391678 0.000000 0.200513 0.751589 -0.628418 9.143700 -0.346553 0.654386 0.672071 0.000000 0.000000 0.000000 0.000000 1.000000
0.889058 0.117721 0.442400 -0.000000 0.189774 0.784656 -0.590170 9.143700 -0.416607 0.608651 0.675264 0.000000 0.000000 0.000000 0.000000 1.000000
