<?xml version="1.0" encoding="utf-8"?>
<COLLADA xmlns="http://www.collada.org/2005/11/COLLADASchema" version="1.4.1">
  <asset>
    <contributor>
      <author>Mixamo</author>
      <authoring_tool>COLLADA Mixamo exporter</authoring_tool>
      <comments/>
    </contributor>
    <created>2024-10-30T20:26:21Z</created>
    <modified>2024-10-30T20:26:21Z</modified>
    <revision/>
    <title/>
    <unit meter="0.010000"/>
    <up_axis>Y_UP</up_axis>
  </asset>
  <library_animations>
    <animation id="mixamorig_Hips-anim" name="mixamorig_Hips">
      <source id="mixamorig_Hips-Matrix-animation-input">
        <float_array id="mixamorig_Hips-Matrix-animation-input-array" count="65">

0.000000 0.033333 0.066667 0.100000 0.133333 0.166667 0.200000 0.233333 0.266667 0.300000 0.333333 0.366667 0.400000 0.433333 0.466667 0.500000
0.533333 0.566667 0.600000 0.633333 0.666667 0.700000 0.733333 0.766667 0.800000 0.833333 0.866667 0.900000 0.933333 0.966667 1.000000 1.033333
1.066667 1.100000 1.133333 1.166667 1.200000 1.233333 1.266667 1.300000 1.333333 1.366667 1.400000 1.433333 1.466667 1.500000 1.533333 1.566667
1.600000 1.633333 1.666667 1.700000 1.733333 1.766667 1.800000 1.833333 1.866667 1.900000 1.933333 1.966667 2.000000 2.033333 2.066667 2.100000
2.133333</float_array>
        <technique_common>
          <accessor source="#mixamorig_Hips-Matrix-animation-input-array" count="65">
            <param name="TIME" type="float"/>
          </accessor>
        </technique_common>
      </source>
      <source id="mixamorig_Hips-Matrix-animation-output-transform">
        <float_array id="mixamorig_Hips-Matrix-animation-output-transform-array" count="1040">

0.888491 0.037131 -0.457389 -0.001654 -0.143580 0.969171 -0.200231 98.397881 0.435853 0.243575 0.866431 -0.000136 0.000000 0.000000 0.000000 1.000000
0.883587 0.009141 -0.468178 1.201804 -0.114676 0.973589 -0.197418 93.157654 0.454009 0.228124 0.861299 6.851924 0.000000 0.000000 0.000000 1.000000
0.886602 -0.014797 -0.462297 2.521270 -0.078712 0.980083 -0.182324 88.175308 0.455787 0.198037 0.867778 14.997433 0.000000 0.000000 0.000000 1.000000
0.911573 -0.011603 -0.410974 3.232035 -0.054888 0.987219 -0.149619 83.245201 0.407457 0.158946 0.899286 25.334347 0.000000 0.000000 0.000000 1.000000
0.947763 0.010727 -0.318795 3.322110 -0.044518 0.994101 -0.098898 78.287682 0.315854 0.107924 0.942650 37.814808 0.000000 0.000000 0.000000 1.000000
0.981086 0.049574 -0.187115 2.585568 -0.057280 0.997709 -0.035999 73.249405 0.184902 0.046036 0.981678 52.807453 0.000000 0.000000 0.000000 1.000000
0.994017 0.081357 -0.072876 1.389739 -0.080477 0.996644 0.014940 68.224159 0.073847 -0.008986 0.997229 68.416275 0.000000 0.000000 0.000000 1.000000
0.994771 0.101152 0.014074 0.165247 -0.101825 0.992952 0.060640 63.220291 -0.007841 -0.061756 0.998060 83.623711 0.000000 0.000000 0.000000 1.000000
0.994720 0.099324 0.025838 -0.652062 -0.101617 0.988463 0.112314 58.261604 -0.014384 -0.114346 0.993337 96.916527 0.000000 0.000000 0.000000 1.000000
0.995807 0.091048 -0.008823 -0.887488 -0.088060 0.980270 0.176966 53.358604 0.024761 -0.175447 0.984178 108.525833 0.000000 0.000000 0.000000 1.000000
0.994604 0.092440 -0.047093 -0.531903 -0.078439 0.967148 0.241810 48.747093 0.067899 -0.236811 0.969180 119.186783 0.000000 0.000000 0.000000 1.000000
0.992369 0.109631 -0.056430 0.224345 -0.088698 0.952629 0.290913 44.811558 0.085650 -0.283688 0.955084 129.598969 0.000000 0.000000 0.000000 1.000000
0.989670 0.139334 -0.033743 1.171448 -0.121636 0.940674 0.316761 41.676163 0.075876 -0.309385 0.947905 139.960861 0.000000 0.000000 0.000000 1.000000
0.985387 0.170216 -0.006206 1.996975 -0.159061 0.932620 0.323912 39.343353 0.060922 -0.318191 0.946067 149.988235 0.000000 0.000000 0.000000 1.000000
0.980590 0.196070 0.000542 2.610093 -0.185701 0.927837 0.323471 37.687798 0.062921 -0.317293 0.946238 159.396393 0.000000 0.000000 0.000000 1.000000
0.976262 0.215867 -0.017719 3.051068 -0.198750 0.925350 0.322839 36.688137 0.086087 -0.311654 0.946288 168.194763 0.000000 0.000000 0.000000 1.000000
0.971642 0.232432 -0.043444 3.480875 -0.206516 0.923645 0.322848 36.376637 0.115168 -0.304721 0.945453 176.665466 0.000000 0.000000 0.000000 1.000000
0.966681 0.249836 -0.055772 4.031097 -0.219517 0.921128 0.321457 36.654175 0.131685 -0.298503 0.945280 185.021744 0.000000 0.000000 0.000000 1.000000
0.961603 0.269924 -0.049609 4.814638 -0.241298 0.917653 0.315736 37.269062 0.130749 -0.291642 0.947549 193.200073 0.000000 0.000000 0.000000 1.000000
0.955896 0.291171 -0.038498 5.901514 -0.266384 0.914704 0.303901 37.970993 0.123702 -0.280242 0.951926 200.912018 0.000000 0.000000 0.000000 1.000000
0.949765 0.310033 -0.042734 7.307294 -0.285505 0.914250 0.287460 38.774113 0.128192 -0.260819 0.956839 207.819595 0.000000 0.000000 0.000000 1.000000
0.943203 0.323968 -0.073579 8.986634 -0.294227 0.917443 0.267822 40.004341 0.154270 -0.230962 0.960655 213.671524 0.000000 0.000000 0.000000 1.000000
0.934778 0.331902 -0.126613 10.777338 -0.295392 0.924239 0.241920 41.979477 0.197315 -0.188741 0.962000 218.384338 0.000000 0.000000 0.000000 1.000000
0.923904 0.333137 -0.188203 12.386079 -0.294757 0.933311 0.205059 44.681549 0.243964 -0.133980 0.960485 222.020660 0.000000 0.000000 0.000000 1.000000
0.912801 0.326060 -0.245925 13.474560 -0.294410 0.942680 0.157089 47.782394 0.283049 -0.070988 0.956475 224.841568 0.000000 0.000000 0.000000 1.000000
0.904447 0.309650 -0.293416 13.789653 -0.291798 0.950814 0.103960 50.931492 0.311175 -0.008408 0.950315 227.312408 0.000000 0.000000 0.000000 1.000000
0.900597 0.284731 -0.328411 13.223823 -0.283385 0.957537 0.053058 53.987411 0.329573 0.045283 0.943044 230.026382 0.000000 0.000000 0.000000 1.000000
0.902098 0.253965 -0.348884 11.837161 -0.268451 0.963267 0.007071 56.984596 0.337865 0.087280 0.937139 233.508362 0.000000 0.000000 0.000000 1.000000
0.908353 0.222515 -0.354094 9.794565 -0.251189 0.967248 -0.036547 59.885262 0.334364 0.122142 0.934496 238.059189 0.000000 0.000000 0.000000 1.000000
0.917029 0.198426 -0.345955 7.372371 -0.239826 0.967446 -0.080821 62.473282 0.318655 0.157084 0.934764 243.577728 0.000000 0.000000 0.000000 1.000000
0.926148 0.190574 -0.325473 4.903790 -0.241717 0.962348 -0.124333 64.452301 0.289523 0.193823 0.937341 249.527252 0.000000 0.000000 0.000000 1.000000
0.935762 0.203117 -0.288259 2.648526 -0.256287 0.953215 -0.160305 65.605782 0.242212 0.223884 0.944039 255.196671 0.000000 0.000000 0.000000 1.000000
0.946247 0.229950 -0.227465 0.699955 -0.272998 0.944951 -0.180389 65.902985 0.173463 0.232790 0.956932 260.067444 0.000000 0.000000 0.000000 1.000000
0.955537 0.256521 -0.145418 -1.048200 -0.280357 0.943162 -0.178454 65.539070 0.091375 0.211288 0.973143 264.038116 0.000000 0.000000 0.000000 1.000000
0.961227 0.269551 -0.058183 -2.839444 -0.275412 0.948980 -0.153573 64.891022 0.013819 0.163642 0.986423 267.381866 0.000000 0.000000 0.000000 1.000000
0.963887 0.265763 0.017096 -4.903502 -0.262182 0.958244 -0.114143 64.382988 -0.046717 0.105539 0.993317 270.528564 0.000000 0.000000 0.000000 1.000000
0.964844 0.250618 0.079164 -7.363751 -0.244762 0.966541 -0.076753 64.429565 -0.095751 0.054678 0.993902 273.878967 0.000000 0.000000 0.000000 1.000000
0.962021 0.231792 0.144183 -10.194399 -0.225684 0.972497 -0.057595 65.321037 -0.153567 0.022867 0.987874 277.668762 0.000000 0.000000 0.000000 1.000000
0.949293 0.214505 0.229851 -13.257376 -0.204625 0.976594 -0.066281 67.145081 -0.238688 0.015887 0.970966 281.989105 0.000000 0.000000 0.000000 1.000000
0.918367 0.201820 0.340398 -16.364187 -0.175833 0.978709 -0.105885 69.777290 -0.354520 0.037388 0.934301 286.855957 0.000000 0.000000 0.000000 1.000000
0.861357 0.197049 0.468226 -19.284180 -0.129931 0.976503 -0.171931 72.911034 -0.491102 0.087257 0.866721 292.249573 0.000000 0.000000 0.000000 1.000000
0.769479 0.204895 0.604913 -21.715740 -0.062130 0.966665 -0.248394 76.189545 -0.635643 0.153551 0.756558 298.040009 0.000000 0.000000 0.000000 1.000000
0.629672 0.226446 0.743125 -23.314697 0.022560 0.950841 -0.308857 79.329956 -0.776533 0.211244 0.593610 303.979065 0.000000 0.000000 0.000000 1.000000
0.428630 0.254207 0.866981 -23.795511 0.108190 0.938254 -0.328594 82.198250 -0.896979 0.234643 0.374661 309.788818 0.000000 0.000000 0.000000 1.000000
0.165204 0.271745 0.948083 -22.988064 0.173883 0.938209 -0.299214 84.675385 -0.970810 0.214287 0.107744 315.245575 0.000000 0.000000 0.000000 1.000000
-0.143372 0.263907 0.953833 -20.882919 0.203614 0.951037 -0.232528 86.632004 -0.968497 0.160875 -0.190088 320.164398 0.000000 0.000000 0.000000 1.000000
-0.463199 0.228407 0.856316 -17.658937 0.194769 0.968832 -0.153064 87.956383 -0.864588 0.095885 -0.493249 324.318726 0.000000 0.000000 0.000000 1.000000
-0.744752 0.177949 0.643179 -13.683029 0.160846 0.983244 -0.085788 88.677696 -0.647668 0.039562 -0.760895 327.479492 0.000000 0.000000 0.000000 1.000000
-0.933202 0.130841 0.334686 -9.451564 0.123250 0.991403 -0.043920 89.013268 -0.337555 0.000263 -0.941306 329.497589 0.000000 0.000000 0.000000 1.000000
-0.995121 0.097672 -0.013969 -5.484569 0.098000 0.994869 -0.025119 89.271378 0.011444 -0.026365 -0.999587 330.380890 0.000000 0.000000 0.000000 1.000000
-0.937313 0.076588 -0.339967 -2.210056 0.088600 0.995868 -0.019927 89.690849 0.337037 -0.048799 -0.940226 330.323395 0.000000 0.000000 0.000000 1.000000
-0.794476 0.057230 -0.604593 0.084087 0.088275 0.995859 -0.021733 90.328964 0.600846 -0.070637 -0.796238 329.708221 0.000000 0.000000 0.000000 1.000000
-0.601442 0.031785 -0.798284 1.263110 0.088764 0.995680 -0.027231 91.066254 0.793970 -0.087236 -0.601665 329.051361 0.000000 0.000000 0.000000 1.000000
-0.381004 0.001759 -0.924572 1.361242 0.083767 0.995951 -0.032625 91.738922 0.920771 -0.089879 -0.379608 328.833130 0.000000 0.000000 0.000000 1.000000
-0.149700 -0.025379 -0.988406 0.667754 0.068470 0.997005 -0.035970 92.264732 0.986358 -0.073060 -0.147514 329.381012 0.000000 0.000000 0.000000 1.000000
0.078776 -0.044540 -0.995897 -0.389717 0.042277 0.998252 -0.041301 92.675003 0.995995 -0.038850 0.080522 330.732849 0.000000 0.000000 0.000000 1.000000
0.292768 -0.056722 -0.954500 -1.420208 0.013182 0.998383 -0.055287 93.065094 0.956093 0.003604 0.293043 332.668457 0.000000 0.000000 0.000000 1.000000
0.479883 -0.065160 -0.874909 -2.199527 -0.005933 0.996974 -0.077505 93.538719 0.877312 0.042384 0.478045 334.902039 0.000000 0.000000 0.000000 1.000000
0.628936 -0.069324 -0.774360 -2.764924 -0.010199 0.995195 -0.097378 94.124252 0.777390 0.069142 0.625207 337.223083 0.000000 0.000000 0.000000 1.000000
0.736111 -0.065305 -0.673703 -3.304158 -0.008183 0.994403 -0.105333 94.787666 0.676812 0.083050 0.731456 339.531250 0.000000 0.000000 0.000000 1.000000
0.807639 -0.052118 -0.587369 -3.957256 -0.011097 0.994567 -0.103507 95.508743 0.589572 0.090115 0.802673 341.771484 0.000000 0.000000 0.000000 1.000000
0.855669 -0.034860 -0.516347 -4.712602 -0.020268 0.994706 -0.100743 96.326180 0.517126 0.096668 0.850433 343.880737 0.000000 0.000000 0.000000 1.000000
0.892011 -0.020408 -0.451553 -5.468626 -0.028255 0.994509 -0.100764 97.267464 0.451130 0.102641 0.886536 345.790985 0.000000 0.000000 0.000000 1.000000
0.923815 -0.012134 -0.382646 -6.160884 -0.027970 0.994687 -0.099069 98.319153 0.381815 0.102224 0.918568 347.461487 0.000000 0.000000 0.000000 1.000000
0.952453 -0.005244 -0.304640 -6.674525 -0.021616 0.996170 -0.084728 99.405190 0.303918 0.087285 0.948691 348.749603 0.000000 0.000000 0.000000 1.000000</float_array>
        <technique_common>
          <accessor source="#mixamorig_Hips-Matrix-animation-output-transform-array" count="65" stride="16">
            <param type="float4x4"/>
          </accessor>
        </technique_common>
      </source>
      <source id="mixamorig_Hips-Interpolations">
        <Name_array id="mixamorig_Hips-Interpolations-array" count="65">
 LINEAR LINEAR LINEAR LINEAR LINEAR LINEAR LINEAR LINEAR LINEAR LINEAR LINEAR
LINEAR LINEAR LINEAR LINEAR LINEAR LINEAR LINEAR LINEAR LINEAR LINEAR LINEAR LINEAR
LINEAR LINEAR LINEAR LINEAR LINEAR LINEAR LINEAR LINEAR LINEAR LINEAR LINEAR LINEAR
LINEAR LINEAR LINEAR LINEAR LINEAR LINEAR LINEAR LINEAR LINEAR LINEAR LINEAR LINEAR
LINEAR LINEAR LINEAR LINEAR LINEAR LINEAR LINEAR LINEAR LINEAR LINEAR LINEAR LINEAR
LINEAR LINEAR LINEAR LINEAR LINEAR LINEAR</Name_array>
        <technique_common>
          <accessor source="#mixamorig_Hips-Interpolations-array" count="65">
            <param type="name"/>
          </accessor>
        </technique_common>
      </source>
      <sampler id="mixamorig_Hips-Matrix-animation-transform">
        <input semantic="INPUT" source="#mixamorig_Hips-Matrix-animation-input"/>
        <input semantic="OUTPUT" source="#mixamorig_Hips-Matrix-animation-output-transform"/>
        <input semantic="INTERPOLATION" source="#mixamorig_Hips-Interpolations"/>
      </sampler>
      <channel source="#mixamorig_Hips-Matrix-animation-transform" target="mixamorig_Hips/matrix"/>
    </animation>
    <animation id="mixamorig_Spine-anim" name="mixamorig_Spine">
      <source id="mixamorig_Spine-Matrix-animation-input">
        <float_array id="mixamorig_Spine-Matrix-animation-input-array" count="65">

0.000000 0.033333 0.066667 0.100000 0.133333 0.166667 0.200000 0.233333 0.266667 0.300000 0.333333 0.366667 0.400000 0.433333 0.466667 0.500000
0.533333 0.566667 0.600000 0.633333 0.666667 0.700000 0.733333 0.766667 0.800000 0.833333 0.866667 0.900000 0.933333 0.966667 1.000000 1.033333
1.066667 1.100000 1.133333 1.166667 1.200000 1.233333 1.266667 1.300000 1.333333 1.366667 1.400000 1.433333 1.466667 1.500000 1.533333 1.566667
1.600000 1.633333 1.666667 1.700000 1.733333 1.766667 1.800000 1.833333 1.866667 1.900000 1.933333 1.966667 2.000000 2.033333 2.066667 2.100000
2.133333</float_array>
        <technique_common>
          <accessor source="#mixamorig_Spine-Matrix-animation-input-array" count="65">
            <param name="TIME" type="float"/>
          </accessor>
        </technique_common>
      </source>
      <source id="mixamorig_Spine-Matrix-animation-output-transform">
        <float_array id="mixamorig_Spine-Matrix-animation-output-transform-array" count="1040">

0.987892 -0.131998 0.081517 0.004700 0.155123 0.832464 -0.531922 5.245300 0.002353 0.538127 0.842861 0.258800 0.000000 0.000000 0.000000 1.000000
0.992755 -0.087492 0.082360 0.004700 0.117033 0.859367 -0.497787 5.245300 -0.027225 0.503820 0.863380 0.258800 0.000000 0.000000 0.000000 1.000000
0.996027 -0.047683 0.075216 0.004700 0.076039 0.894990 -0.439557 5.245300 -0.046358 0.443530 0.895060 0.258800 0.000000 0.000000 0.000000 1.000000
0.996682 -0.038298 0.071822 0.004700 0.061682 0.931116 -0.359469 5.245300 -0.053108 0.362706 0.930389 0.258800 0.000000 0.000000 0.000000 1.000000
0.995098 -0.043449 0.088841 0.004700 0.065367 0.963078 -0.261165 5.245300 -0.074213 0.265692 0.961197 0.258800 0.000000 0.000000 0.000000 1.000000
0.996741 -0.054973 0.059045 0.004700 0.063207 0.986947 -0.148125 5.245300 -0.050131 0.151375 0.987204 0.258800 0.000000 0.000000 0.000000 1.000000
0.997931 -0.048690 0.041993 0.004700 0.051236 0.996769 -0.061864 5.245300 -0.038845 0.063888 0.997201 0.258800 0.000000 0.000000 0.000000 1.000000
0.999181 -0.027711 0.029500 0.004700 0.027648 0.999614 0.002556 5.245300 -0.029560 -0.001738 0.999562 0.258800 0.000000 0.000000 0.000000 1.000000
0.999684 -0.007949 0.023863 0.004700 0.007259 0.999557 0.028880 5.245300 -0.024082 -0.028698 0.999298 0.258800 0.000000 0.000000 0.000000 1.000000
0.999714 0.002199 0.023815 0.004700 -0.003002 0.999426 0.033753 5.245300 -0.023727 -0.033815 0.999146 0.258800 0.000000 0.000000 0.000000 1.000000
0.999811 -0.003009 0.019227 0.004700 0.002474 0.999611 0.027777 5.245300 -0.019303 -0.027724 0.999429 0.258800 0.000000 0.000000 0.000000 1.000000
0.999745 -0.021107 0.007971 0.004700 0.020903 0.999473 0.024825 5.245300 -0.008490 -0.024652 0.999660 0.258800 0.000000 0.000000 0.000000 1.000000
0.999026 -0.042887 -0.010403 0.004700 0.043133 0.998764 0.024704 5.245300 0.009331 -0.025129 0.999641 0.258800 0.000000 0.000000 0.000000 1.000000
0.997311 -0.065068 -0.033722 0.004700 0.065911 0.997524 0.024528 5.245300 0.032042 -0.026684 0.999130 0.258800 0.000000 0.000000 0.000000 1.000000
0.995376 -0.077080 -0.057310 0.004700 0.078338 0.996726 0.020028 5.245300 0.055579 -0.024425 0.998156 0.258800 0.000000 0.000000 0.000000 1.000000
0.994409 -0.078154 -0.071015 0.004700 0.078932 0.996846 0.008213 5.245300 0.070149 -0.013772 0.997441 0.258800 0.000000 0.000000 0.000000 1.000000
0.994494 -0.071417 -0.076693 0.004700 0.071444 0.997442 -0.002393 5.245300 0.076668 -0.003099 0.997052 0.258800 0.000000 0.000000 0.000000 1.000000
0.994355 -0.066091 -0.083002 0.004700 0.065861 0.997814 -0.005513 5.245300 0.083185 0.000015 0.996534 0.258800 0.000000 0.000000 0.000000 1.000000
0.993695 -0.070508 -0.087174 0.004700 0.070048 0.997509 -0.008326 5.245300 0.087544 0.002167 0.996158 0.258800 0.000000 0.000000 0.000000 1.000000
0.991678 -0.086308 -0.095533 0.004700 0.084357 0.996139 -0.024292 5.245300 0.097261 0.016031 0.995130 0.258800 0.000000 0.000000 0.000000 1.000000
0.987294 -0.115389 -0.109250 0.004700 0.109837 0.992395 -0.055565 5.245300 0.114831 0.042859 0.992460 0.258800 0.000000 0.000000 0.000000 1.000000
0.980713 -0.155424 -0.118513 0.004700 0.144266 0.984715 -0.097585 5.245300 0.131869 0.078606 0.988146 0.258800 0.000000 0.000000 0.000000 1.000000
0.972685 -0.194888 -0.126107 0.004700 0.174877 0.972469 -0.154018 5.245300 0.152652 0.127758 0.979987 0.258800 0.000000 0.000000 0.000000 1.000000
0.965908 -0.225619 -0.126959 0.004700 0.195003 0.956624 -0.216434 5.245300 0.170284 0.184298 0.968007 0.258800 0.000000 0.000000 0.000000 1.000000
0.962673 -0.242785 -0.119651 0.004700 0.202836 0.939801 -0.275011 5.245300 0.179216 0.240476 0.953967 0.258800 0.000000 0.000000 0.000000 1.000000
0.963483 -0.242598 -0.113344 0.004700 0.194446 0.924899 -0.326731 5.245300 0.184096 0.292761 0.938296 0.258800 0.000000 0.000000 0.000000 1.000000
0.967431 -0.225854 -0.114313 0.004700 0.170514 0.915200 -0.365149 5.245300 0.187089 0.333765 0.923904 0.258800 0.000000 0.000000 0.000000 1.000000
0.972023 -0.197457 -0.127209 0.004700 0.135309 0.913407 -0.383901 5.245300 0.191998 0.355948 0.914570 0.258800 0.000000 0.000000 0.000000 1.000000
0.975625 -0.163392 -0.146489 0.004700 0.097119 0.920099 -0.379455 5.245300 0.196784 0.355979 0.913540 0.258800 0.000000 0.000000 0.000000 1.000000
0.977277 -0.133187 -0.164898 0.004700 0.067051 0.932238 -0.355579 5.245300 0.201083 0.336443 0.919985 0.258800 0.000000 0.000000 0.000000 1.000000
0.977939 -0.111780 -0.176469 0.004700 0.049952 0.945411 -0.322030 5.245300 0.202832 0.306111 0.930137 0.258800 0.000000 0.000000 0.000000 1.000000
0.978371 -0.098717 -0.181781 0.004700 0.042514 0.955981 -0.290331 5.245300 0.202440 0.276324 0.939502 0.258800 0.000000 0.000000 0.000000 1.000000
0.980539 -0.089353 -0.174812 0.004700 0.039578 0.962109 -0.269777 5.245300 0.192294 0.257608 0.946922 0.258800 0.000000 0.000000 0.000000 1.000000
0.985589 -0.080436 -0.148808 0.004700 0.038808 0.963766 -0.263911 5.245300 0.164644 0.254333 0.952999 0.258800 0.000000 0.000000 0.000000 1.000000
0.992061 -0.070220 -0.104328 0.004700 0.039970 0.962634 -0.267839 5.245300 0.119237 0.261543 0.957798 0.258800 0.000000 0.000000 0.000000 1.000000
0.997404 -0.052715 -0.049049 0.004700 0.037333 0.961076 -0.273752 5.245300 0.061571 0.271210 0.960549 0.258800 0.000000 0.000000 0.000000 1.000000
0.999685 -0.025011 0.002297 0.004700 0.024669 0.960555 -0.276994 5.245300 0.004721 0.276963 0.960869 0.258800 0.000000 0.000000 0.000000 1.000000
0.998958 0.006066 0.045236 0.004700 0.006471 0.962294 -0.271933 5.245300 -0.045179 0.271942 0.961252 0.258800 0.000000 0.000000 0.000000 1.000000
0.996875 0.035883 0.070376 0.004700 -0.016226 0.964894 -0.262136 5.245300 -0.077311 0.260175 0.962461 0.258800 0.000000 0.000000 0.000000 1.000000
0.994518 0.062999 0.083460 0.004700 -0.040177 0.967090 -0.251244 5.245300 -0.096541 0.246514 0.964319 0.258800 0.000000 0.000000 0.000000 1.000000
0.991845 0.090145 0.090096 0.004700 -0.066268 0.968606 -0.239605 5.245300 -0.108867 0.231680 0.966681 0.258800 0.000000 0.000000 0.000000 1.000000
0.988722 0.111139 0.100382 0.004700 -0.085122 0.968529 -0.233893 5.245300 -0.123217 0.222711 0.967066 0.258800 0.000000 0.000000 0.000000 1.000000
0.985721 0.121622 0.116458 0.004700 -0.091693 0.967764 -0.234573 5.245300 -0.141234 0.220545 0.965097 0.258800 0.000000 0.000000 0.000000 1.000000
0.983071 0.122034 0.136672 0.004700 -0.086579 0.966785 -0.240481 5.245300 -0.161480 0.224577 0.960984 0.258800 0.000000 0.000000 0.000000 1.000000
0.982867 0.103148 0.152752 0.004700 -0.062956 0.966778 -0.247743 5.245300 -0.173231 0.233882 0.956708 0.258800 0.000000 0.000000 0.000000 1.000000
0.984152 0.075773 0.160320 0.004700 -0.034719 0.968944 -0.244831 5.245300 -0.173893 0.235385 0.956219 0.258800 0.000000 0.000000 0.000000 1.000000
0.986453 0.050819 0.155976 0.004700 -0.013327 0.972489 -0.232566 5.245300 -0.163504 0.227336 0.959992 0.258800 0.000000 0.000000 0.000000 1.000000
0.989741 0.033521 0.138886 0.004700 -0.002722 0.976335 -0.216244 5.245300 -0.142848 0.213648 0.966410 0.258800 0.000000 0.000000 0.000000 1.000000
0.991383 0.032512 0.126900 0.004700 -0.007021 0.980507 -0.196358 5.245300 -0.130810 0.193775 0.972286 0.258800 0.000000 0.000000 0.000000 1.000000
0.991508 0.049788 0.120141 0.004700 -0.027011 0.982509 -0.184247 5.245300 -0.127213 0.179437 0.975510 0.258800 0.000000 0.000000 0.000000 1.000000
0.990454 0.079187 0.112830 0.004700 -0.057762 0.981623 -0.181880 5.245300 -0.125159 0.173626 0.976826 0.258800 0.000000 0.000000 0.000000 1.000000
0.987524 0.113732 0.108914 0.004700 -0.091959 0.977963 -0.187435 5.245300 -0.127831 0.175081 0.976220 0.258800 0.000000 0.000000 0.000000 1.000000
0.983891 0.141928 0.108700 0.004700 -0.118042 0.972409 -0.201214 5.245300 -0.134259 0.185142 0.973497 0.258800 0.000000 0.000000 0.000000 1.000000
0.981925 0.155632 0.107713 0.004700 -0.129391 0.967311 -0.218099 5.245300 -0.138135 0.200220 0.969964 0.258800 0.000000 0.000000 0.000000 1.000000
0.982915 0.150712 0.105657 0.004700 -0.122642 0.964322 -0.234610 5.245300 -0.137246 0.217644 0.966331 0.258800 0.000000 0.000000 0.000000 1.000000
0.986260 0.128830 0.103409 0.004700 -0.099561 0.963052 -0.250236 5.245300 -0.131826 0.236503 0.962646 0.258800 0.000000 0.000000 0.000000 1.000000
0.990000 0.098288 0.101195 0.004700 -0.068731 0.962496 -0.262444 5.245300 -0.123195 0.252864 0.959626 0.258800 0.000000 0.000000 0.000000 1.000000
0.992616 0.068878 0.099844 0.004700 -0.039138 0.960977 -0.273845 5.245300 -0.114810 0.267915 0.956577 0.258800 0.000000 0.000000 0.000000 1.000000
0.994003 0.047473 0.098512 0.004700 -0.017089 0.957219 -0.288860 5.245300 -0.108011 0.285445 0.952289 0.258800 0.000000 0.000000 0.000000 1.000000
0.994820 0.031896 0.096518 0.004700 -0.001089 0.952787 -0.303636 5.245300 -0.101646 0.301958 0.947887 0.258800 0.000000 0.000000 0.000000 1.000000
0.995029 0.020584 0.097434 0.004700 0.011226 0.948982 -0.315131 5.245300 -0.098950 0.314658 0.944034 0.258800 0.000000 0.000000 0.000000 1.000000
0.994927 0.014257 0.099581 0.004700 0.018669 0.946540 -0.322046 5.245300 -0.098849 0.322271 0.941472 0.258800 0.000000 0.000000 0.000000 1.000000
0.995152 0.010307 0.097805 0.004700 0.021930 0.946196 -0.322850 5.245300 -0.095871 0.323430 0.941383 0.258800 0.000000 0.000000 0.000000 1.000000
0.995767 0.006620 0.091671 0.004700 0.023556 0.945705 -0.324170 5.245300 -0.088840 0.324958 0.941547 0.258800 0.000000 0.000000 0.000000 1.000000
0.997010 0.000050 0.077278 0.004700 0.025706 0.942839 -0.332254 5.245300 -0.072877 0.333247 0.940019 0.258800 0.000000 0.000000 0.000000 1.000000</float_array>
        <technique_common>
          <accessor source="#mixamorig_Spine-Matrix-animation-output-transform-array" count="65" stride="16">
            <param type="float4x4"/>
          </accessor>
        </technique_common>
      </source>
      <source id="mixamorig_Spine-Interpolations">
        <Name_array id="mixamorig_Spine-Interpolations-array" count="65">
 LINEAR LINEAR LINEAR LINEAR LINEAR LINEAR LINEAR LINEAR LINEAR LINEAR LINEAR
LINEAR LINEAR LINEAR LINEAR LINEAR LINEAR LINEAR LINEAR LINEAR LINEAR LINEAR LINEAR
LINEAR LINEAR LINEAR LINEAR LINEAR LINEAR LINEAR LINEAR LINEAR LINEAR LINEAR LINEAR
LINEAR LINEAR LINEAR LINEAR LINEAR LINEAR LINEAR LINEAR LINEAR LINEAR LINEAR LINEAR
LINEAR LINEAR LINEAR LINEAR LINEAR LINEAR LINEAR LINEAR LINEAR LINEAR LINEAR LINEAR
LINEAR LINEAR LINEAR LINEAR LINEAR LINEAR</Name_array>
        <technique_common>
          <accessor source="#mixamorig_Spine-Interpolations-array" count="65">
            <param type="name"/>
          </accessor>
        </technique_common>
      </source>
      <sampler id="mixamorig_Spine-Matrix-animation-transform">
        <input semantic="INPUT" source="#mixamorig_Spine-Matrix-animation-input"/>
        <input semantic="OUTPUT" source="#mixamorig_Spine-Matrix-animation-output-transform"/>
        <input semantic="INTERPOLATION" source="#mixamorig_Spine-Interpolations"/>
      </sampler>
      <channel source="#mixamorig_Spine-Matrix-animation-transform" target="mixamorig_Spine/matrix"/>
    </animation>
    <animation id="mixamorig_Spine1-anim" name="mixamorig_Spine1">
      <source id="mixamorig_Spine1-Matrix-animation-input">
        <float_array id="mixamorig_Spine1-Matrix-animation-input-array" count="65">

0.000000 0.033333 0.066667 0.100000 0.133333 0.166667 0.200000 0.233333 0.266667 0.300000 0.333333 0.366667 0.400000 0.433333 0.466667 0.500000
0.533333 0.566667 0.600000 0.633333 0.666667 0.700000 0.733333 0.766667 0.800000 0.833333 0.866667 0.900000 0.933333 0.966667 1.000000 1.033333
1.066667 1.100000 1.133333 1.166667 1.200000 1.233333 1.266667 1.300000 1.333333 1.366667 1.400000 1.433333 1.466667 1.500000 1.533333 1.566667
1.600000 1.633333 1.666667 1.700000 1.733333 1.766667 1.800000 1.833333 1.866667 1.900000 1.933333 1.966667 2.000000 2.033333 2.066667 2.100000
2.133333</float_array>
        <technique_common>
          <accessor source="#mixamorig_Spine1-Matrix-animation-input-array" count="65">
            <param name="TIME" type="float"/>
          </accessor>
        </technique_common>
      </source>
      <source id="mixamorig_Spine1-Matrix-animation-output-transform">
        <float_array id="mixamorig_Spine1-Matrix-animation-output-transform-array" count="1040">

0.996527 0.075266 0.035614 -0.000000 -0.079043 0.989575 0.120385 11.066900 -0.026182 -0.122782 0.992088 0.000000 0.000000 0.000000 0.000000 1.000000
0.996565 0.062018 0.054885 0.000000 -0.067185 0.992923 0.097931 11.066900 -0.048423 -0.101282 0.993679 -0.000000 0.000000 0.000000 0.000000 1.000000
0.996672 0.046053 0.067257 0.000000 -0.050823 0.996179 0.071020 11.066900 -0.063729 -0.074202 0.995205 0.000000 0.000000 0.000000 0.000000 1.000000
0.997364 0.022950 0.068842 -0.000000 -0.026493 0.998347 0.051003 11.066900 -0.067558 -0.052692 0.996323 0.000000 0.000000 0.000000 0.000000 1.000000
0.998630 -0.004268 0.052154 0.000000 0.002315 0.999296 0.037454 11.066900 -0.052277 -0.037282 0.997936 -0.000000 0.000000 0.000000 0.000000 1.000000
0.998356 -0.028505 0.049726 0.000000 0.027045 0.999190 0.029782 11.066900 -0.050535 -0.028388 0.998319 0.000000 0.000000 0.000000 0.000000 1.000000
0.998456 -0.038850 0.039708 0.000000 0.037281 0.998524 0.039507 11.066900 -0.041185 -0.037966 0.998430 0.000000 0.000000 0.000000 0.000000 1.000000
0.998809 -0.038465 0.030023 -0.000000 0.036930 0.998062 0.050085 11.066900 -0.031892 -0.048917 0.998294 -0.000000 0.000000 0.000000 0.000000 1.000000
0.999202 -0.029183 0.027280 0.000000 0.027740 0.998270 0.051842 11.066900 -0.028745 -0.051044 0.998283 0.000000 0.000000 0.000000 0.000000 1.000000
0.999388 -0.021259 0.027781 0.000000 0.019956 0.998724 0.046398 11.066900 -0.028732 -0.045815 0.998537 -0.000000 0.000000 0.000000 0.000000 1.000000
0.999464 -0.018911 0.026715 0.000000 0.017692 0.998823 0.045160 11.066900 -0.027537 -0.044663 0.998622 0.000000 0.000000 0.000000 0.000000 1.000000
0.999535 -0.025367 0.016927 0.000000 0.024514 0.998508 0.048798 11.066900 -0.018140 -0.048360 0.998665 0.000000 0.000000 0.000000 0.000000 1.000000
0.999216 -0.039513 -0.002541 -0.000000 0.039593 0.997683 0.055329 11.066900 0.000349 -0.055386 0.998465 0.000000 0.000000 0.000000 0.000000 1.000000
0.998584 -0.047236 -0.024471 0.000000 0.048523 0.997308 0.054982 11.066900 0.021808 -0.056092 0.998187 0.000000 0.000000 0.000000 0.000000 1.000000
0.997912 -0.049445 -0.041567 0.000000 0.051292 0.997687 0.044616 11.066900 0.039265 -0.046655 0.998139 -0.000000 0.000000 0.000000 0.000000 1.000000
0.997450 -0.047587 -0.053183 0.000000 0.049489 0.998160 0.035042 11.066900 0.051418 -0.037584 0.997970 0.000000 0.000000 0.000000 0.000000 1.000000
0.997146 -0.045711 -0.060080 0.000000 0.047620 0.998393 0.030733 11.066900 0.058579 -0.033507 0.997720 0.000000 0.000000 0.000000 0.000000 1.000000
0.996916 -0.045713 -0.063794 0.000000 0.047617 0.998455 0.028646 11.066900 0.062386 -0.031596 0.997552 0.000000 0.000000 0.000000 0.000000 1.000000
0.996206 -0.050444 -0.070912 0.000000 0.052489 0.998249 0.027270 11.066900 0.069412 -0.030889 0.997110 0.000000 0.000000 0.000000 0.000000 1.000000
0.994631 -0.064517 -0.080910 0.000000 0.066710 0.997467 0.024704 11.066900 0.079111 -0.029969 0.996415 0.000000 0.000000 0.000000 0.000000 1.000000
0.992131 -0.083176 -0.093584 0.000000 0.084860 0.996292 0.014159 11.066900 0.092059 -0.021990 0.995511 0.000000 0.000000 0.000000 0.000000 1.000000
0.988869 -0.098005 -0.111956 0.000000 0.097989 0.995171 -0.005652 11.066900 0.111969 -0.005381 0.993697 0.000000 0.000000 0.000000 0.000000 1.000000
0.985491 -0.109731 -0.129483 0.000000 0.107543 0.993916 -0.023793 11.066900 0.131306 0.009522 0.991296 0.000000 0.000000 0.000000 0.000000 1.000000
0.982125 -0.119555 -0.145387 0.000000 0.115511 0.992654 -0.035977 11.066900 0.148620 0.018540 0.988721 0.000000 0.000000 0.000000 0.000000 1.000000
0.978791 -0.127597 -0.160274 0.000000 0.122261 0.991576 -0.042766 11.066900 0.164381 0.022264 0.986146 -0.000000 0.000000 0.000000 0.000000 1.000000
0.976164 -0.133390 -0.171205 0.000000 0.127300 0.990791 -0.046121 11.066900 0.175780 0.023227 0.984155 0.000000 0.000000 0.000000 0.000000 1.000000
0.974510 -0.133908 -0.179997 0.000000 0.127028 0.990675 -0.049274 11.066900 0.184917 0.025153 0.982432 0.000000 0.000000 0.000000 0.000000 1.000000
0.973668 -0.128333 -0.188418 0.000000 0.120508 0.991325 -0.052465 11.066900 0.193516 0.028378 0.980687 0.000000 0.000000 0.000000 0.000000 1.000000
0.972774 -0.121236 -0.197514 0.000000 0.113010 0.992209 -0.052446 11.066900 0.202334 0.028697 0.978896 0.000000 0.000000 0.000000 0.000000 1.000000
0.972004 -0.115082 -0.204854 0.000000 0.108202 0.993132 -0.044512 11.066900 0.208570 0.021100 0.977780 0.000000 0.000000 0.000000 0.000000 1.000000
0.971817 -0.112501 -0.207161 0.000000 0.108728 0.993632 -0.029548 11.066900 0.209166 0.006191 0.977861 0.000000 0.000000 0.000000 0.000000 1.000000
0.972786 -0.114193 -0.201614 0.000000 0.113523 0.993423 -0.014922 11.066900 0.201992 -0.008372 0.979351 0.000000 0.000000 0.000000 0.000000 1.000000
0.974575 -0.118349 -0.190257 -0.000000 0.119358 0.992832 -0.006188 11.066900 0.189626 -0.016678 0.981715 -0.000000 0.000000 0.000000 0.000000 1.000000
0.977785 -0.119526 -0.172190 0.000000 0.120905 0.992661 -0.002498 11.066900 0.171225 -0.018376 0.985061 -0.000000 0.000000 0.000000 0.000000 1.000000
0.983443 -0.113404 -0.141348 0.000000 0.114328 0.993442 -0.001591 11.066900 0.140601 -0.014595 0.989959 0.000000 0.000000 0.000000 0.000000 1.000000
0.990097 -0.103722 -0.094606 0.000000 0.104003 0.994575 -0.001965 11.066900 0.094296 -0.007894 0.995513 0.000000 0.000000 0.000000 0.000000 1.000000
0.994836 -0.093973 -0.038353 0.000000 0.094052 0.995567 0.000250 11.066900 0.038159 -0.003856 0.999264 -0.000000 0.000000 0.000000 0.000000 1.000000
0.996593 -0.082111 0.007792 0.000000 0.082079 0.996617 0.004270 11.066900 -0.008116 -0.003616 0.999961 0.000000 0.000000 0.000000 0.000000 1.000000
0.996916 -0.069701 0.036045 0.000000 0.069383 0.997540 0.010000 11.066900 -0.036653 -0.007469 0.999300 -0.000000 0.000000 0.000000 0.000000 1.000000
0.997156 -0.057368 0.048876 0.000000 0.056545 0.998237 0.018055 11.066900 -0.049826 -0.015240 0.998642 -0.000000 0.000000 0.000000 0.000000 1.000000
0.997128 -0.044957 0.060955 0.000000 0.043407 0.998705 0.026527 11.066900 -0.062069 -0.023805 0.997788 0.000000 0.000000 0.000000 0.000000 1.000000
0.996382 -0.026180 0.080855 0.000000 0.023383 0.999101 0.035351 11.066900 -0.081708 -0.033333 0.996099 0.000000 0.000000 0.000000 0.000000 1.000000
0.994266 -0.005915 0.106768 0.000000 0.001947 0.999305 0.037234 11.066900 -0.106914 -0.036813 0.993587 0.000000 0.000000 0.000000 0.000000 1.000000
0.991705 0.002378 0.128512 0.000000 -0.006707 0.999424 0.033262 11.066900 -0.128359 -0.033848 0.991150 -0.000000 0.000000 0.000000 0.000000 1.000000
0.990177 0.004391 0.139754 -0.000000 -0.008542 0.999540 0.029114 11.066900 -0.139562 -0.030022 0.989758 0.000000 0.000000 0.000000 0.000000 1.000000
0.990207 -0.001943 0.139593 0.000000 -0.001768 0.999648 0.026461 11.066900 -0.139596 -0.026448 0.989855 0.000000 0.000000 0.000000 0.000000 1.000000
0.991207 -0.011192 0.131849 0.000000 0.007585 0.999584 0.027828 11.066900 -0.132106 -0.026584 0.990879 -0.000000 0.000000 0.000000 0.000000 1.000000
0.992333 -0.014514 0.122736 -0.000000 0.010795 0.999464 0.030914 11.066900 -0.123119 -0.029352 0.991958 0.000000 0.000000 0.000000 0.000000 1.000000
0.993669 -0.013683 0.111512 -0.000000 0.010429 0.999504 0.029709 11.066900 -0.111863 -0.028358 0.993319 0.000000 0.000000 0.000000 0.000000 1.000000
0.994405 -0.007565 0.105367 0.000000 0.004636 0.999597 0.028015 11.066900 -0.105536 -0.027370 0.994039 -0.000000 0.000000 0.000000 0.000000 1.000000
0.993956 0.004589 0.109680 0.000000 -0.007250 0.999689 0.023879 11.066900 -0.109536 -0.024530 0.993680 0.000000 0.000000 0.000000 0.000000 1.000000
0.992709 0.018398 0.119125 0.000000 -0.020614 0.999636 0.017404 11.066900 -0.118762 -0.019733 0.992727 0.000000 0.000000 0.000000 0.000000 1.000000
0.991457 0.032238 0.126388 0.000000 -0.033975 0.999355 0.011612 11.066900 -0.125932 -0.015807 0.991913 0.000000 0.000000 0.000000 0.000000 1.000000
0.990760 0.041693 0.129060 0.000000 -0.042714 0.999074 0.005150 11.066900 -0.128726 -0.010615 0.991623 0.000000 0.000000 0.000000 0.000000 1.000000
0.990894 0.043181 0.127529 0.000000 -0.043167 0.999064 -0.002877 11.066900 -0.127534 -0.002654 0.991831 0.000000 0.000000 0.000000 0.000000 1.000000
0.991771 0.036563 0.122695 0.000000 -0.035806 0.999324 -0.008371 11.066900 -0.122918 0.003908 0.992409 0.000000 0.000000 0.000000 0.000000 1.000000
0.993081 0.024696 0.114804 0.000000 -0.023754 0.999672 -0.009565 11.066900 -0.115002 0.006772 0.993342 -0.000000 0.000000 0.000000 0.000000 1.000000
0.994541 0.013697 0.103442 -0.000000 -0.013068 0.999892 -0.006757 11.066900 -0.103523 0.005368 0.994613 0.000000 0.000000 0.000000 0.000000 1.000000
0.995820 0.006856 0.091077 0.000000 -0.006655 0.999975 -0.002514 11.066900 -0.091092 0.001897 0.995841 0.000000 0.000000 0.000000 0.000000 1.000000
0.996691 0.004730 0.081141 0.000000 -0.004465 0.999984 -0.003448 11.066900 -0.081156 0.003075 0.996697 0.000000 0.000000 0.000000 0.000000 1.000000
0.997316 0.004040 0.073112 0.000000 -0.003602 0.999975 -0.006124 11.066900 -0.073135 0.005845 0.997305 0.000000 0.000000 0.000000 0.000000 1.000000
0.997852 0.002313 0.065464 0.000000 -0.002083 0.999991 -0.003587 11.066900 -0.065472 0.003443 0.997848 0.000000 0.000000 0.000000 0.000000 1.000000
0.998432 0.001981 0.055941 0.000000 -0.002077 0.999996 0.001669 11.066900 -0.055938 -0.001783 0.998433 -0.000000 0.000000 0.000000 0.000000 1.000000
0.999114 0.006291 0.041624 0.000000 -0.006575 0.999956 0.006693 11.066900 -0.041580 -0.006961 0.999111 -0.000000 0.000000 0.000000 0.000000 1.000000
0.999658 0.011649 0.023412 0.000000 -0.011802 0.999910 0.006385 11.066900 -0.023335 -0.006659 0.999706 0.000000 0.000000 0.000000 0.000000 1.000000</float_array>
        <technique_common>
          <accessor source="#mixamorig_Spine1-Matrix-animation-output-transform-array" count="65" stride="16">
            <param type="float4x4"/>
          </accessor>
        </technique_common>
      </source>
      <source id="mixamorig_Spine1-Interpolations">
        <Name_array id="mixamorig_Spine1-Interpolations-array" count="65">
 LINEAR LINEAR LINEAR LINEAR LINEAR LINEAR LINEAR LINEAR LINEAR LINEAR LINEAR
LINEAR LINEAR LINEAR LINEAR LINEAR LINEAR LINEAR LINEAR LINEAR LINEAR LINEAR LINEAR
LINEAR LINEAR LINEAR LINEAR LINEAR LINEAR LINEAR LINEAR LINEAR LINEAR LINEAR LINEAR
LINEAR LINEAR LINEAR LINEAR LINEAR LINEAR LINEAR LINEAR LINEAR LINEAR LINEAR LINEAR
LINEAR LINEAR LINEAR LINEAR LINEAR LINEAR LINEAR LINEAR LINEAR LINEAR LINEAR LINEAR
LINEAR LINEAR LINEAR LINEAR LINEAR LINEAR</Name_array>
        <technique_common>
          <accessor source="#mixamorig_Spine1-Interpolations-array" count="65">
            <param type="name"/>
          </accessor>
        </technique_common>
      </source>
      <sampler id="mixamorig_Spine1-Matrix-animation-transform">
        <input semantic="INPUT" source="#mixamorig_Spine1-Matrix-animation-input"/>
        <input semantic="OUTPUT" source="#mixamorig_Spine1-Matrix-animation-output-transform"/>
        <input semantic="INTERPOLATION" source="#mixamorig_Spine1-Interpolations"/>
      </sampler>
      <channel source="#mixamorig_Spine1-Matrix-animation-transform" target="mixamorig_Spine1/matrix"/>
    </animation>
    <animation id="mixamorig_Spine2-anim" name="mixamorig_Spine2">
      <source id="mixamorig_Spine2-Matrix-animation-input">
        <float_array id="mixamorig_Spine2-Matrix-animation-input-array" count="65">

0.000000 0.033333 0.066667 0.100000 0.133333 0.166667 0.200000 0.233333 0.266667 0.300000 0.333333 0.366667 0.400000 0.433333 0.466667 0.500000
0.533333 0.566667 0.600000 0.633333 0.666667 0.700000 0.733333 0.766667 0.800000 0.833333 0.866667 0.900000 0.933333 0.966667 1.000000 1.033333
1.066667 1.100000 1.133333 1.166667 1.200000 1.233333 1.266667 1.300000 1.333333 1.366667 1.400000 1.433333 1.466667 1.500000 1.533333 1.566667
1.600000 1.633333 1.666667 1.700000 1.733333 1.766667 1.800000 1.833333 1.866667 1.900000 1.933333 1.966667 2.000000 2.033333 2.066667 2.100000
2.133333</float_array>
        <technique_common>
          <accessor source="#mixamorig_Spine2-Matrix-animation-input-array" count="65">
            <param name="TIME" type="float"/>
          </accessor>
        </technique_common>
      </source>
      <source id="mixamorig_Spine2-Matrix-animation-output-transform">
        <float_array id="mixamorig_Spine2-Matrix-animation-output-transform-array" count="1040">

0.998379 0.056608 -0.005867 0.000000 -0.056911 0.993390 -0.099684 8.141900 0.000185 0.099857 0.995002 0.000000 0.000000 0.000000 0.000000 1.000000
0.998433 0.051687 0.021469 -0.000000 -0.048779 0.991693 -0.119022 8.141900 -0.027442 0.117788 0.992659 0.000000 0.000000 0.000000 0.000000 1.000000
0.998102 0.044408 0.042667 0.000000 -0.037923 0.989094 -0.142318 8.141900 -0.048522 0.140430 0.988901 -0.000000 0.000000 0.000000 0.000000 1.000000
0.998143 0.026407 0.054898 0.000000 -0.017398 0.987200 -0.158536 8.141900 -0.058381 0.157286 0.985826 0.000000 0.000000 0.000000 0.000000 1.000000
0.998843 0.001003 0.048076 0.000000 0.007142 0.985599 -0.168951 8.141900 -0.047553 0.169098 0.984451 0.000000 0.000000 0.000000 0.000000 1.000000
0.998391 -0.021160 0.052609 0.000000 0.030051 0.984209 -0.174442 8.141900 -0.048087 0.175742 0.983261 0.000000 0.000000 0.000000 0.000000 1.000000
0.998459 -0.032935 0.044654 0.000000 0.039858 0.985611 -0.164262 8.141900 -0.038601 0.165788 0.985406 0.000000 0.000000 0.000000 0.000000 1.000000
