<?xml version="1.0" encoding="utf-8"?>
<COLLADA xmlns="http://www.collada.org/2005/11/COLLADASchema" version="1.4.1">
  <asset>
    <contributor>
      <author>Mixamo</author>
      <authoring_tool>COLLADA Mixamo exporter</authoring_tool>
      <comments/>
    </contributor>
    <created>2024-11-19T23:18:23Z</created>
    <modified>2024-11-19T23:18:23Z</modified>
    <revision/>
    <title/>
    <unit meter="0.010000"/>
    <up_axis>Y_UP</up_axis>
  </asset>
  <library_animations>
    <animation id="mixamorig_Hips-anim" name="mixamorig_Hips">
      <source id="mixamorig_Hips-Matrix-animation-input">
        <float_array id="mixamorig_Hips-Matrix-animation-input-array" count="327">

0.000000 0.033333 0.066667 0.100000 0.133333 0.166667 0.200000 0.233333 0.266667 0.300000 0.333333 0.366667 0.400000 0.433333 0.466667 0.500000
0.533333 0.566667 0.600000 0.633333 0.666667 0.700000 0.733333 0.766667 0.800000 0.833333 0.866667 0.900000 0.933333 0.966667 1.000000 1.033333
1.066667 1.100000 1.133333 1.166667 1.200000 1.233333 1.266667 1.300000 1.333333 1.366667 1.400000 1.433333 1.466667 1.500000 1.533333 1.566667
1.600000 1.633333 1.666667 1.700000 1.733333 1.766667 1.800000 1.833333 1.866667 1.900000 1.933333 1.966667 2.000000 2.033333 2.066667 2.100000
2.133333 2.166667 2.200000 2.233333 2.266667 2.300000 2.333333 2.366667 2.400000 2.433333 2.466667 2.500000 2.533333 2.566667 2.600000 2.633333
2.666667 2.700000 2.733333 2.766667 2.800000 2.833333 2.866667 2.900000 2.933333 2.966667 3.000000 3.033333 3.066667 3.100000 3.133333 3.166667
3.200000 3.233333 3.266667 3.300000 3.333333 3.366667 3.400000 3.433333 3.466667 3.500000 3.533333 3.566667 3.600000 3.633333 3.666667 3.700000
3.733333 3.766667 3.800000 3.833333 3.866667 3.900000 3.933333 3.966667 4.000000 4.033333 4.066667 4.100000 4.133333 4.166667 4.200000 4.233333
4.266667 4.300000 4.333333 4.366667 4.400000 4.433333 4.466667 4.500000 4.533333 4.566667 4.600000 4.633333 4.666667 4.700000 4.733333 4.766667
4.800000 4.833333 4.866667 4.900000 4.933333 4.966667 5.000000 5.033333 5.066667 5.100000 5.133333 5.166667 5.200000 5.233333 5.266667 5.300000
5.333333 5.366667 5.400000 5.433333 5.466667 5.500000 5.533333 5.566667 5.600000 5.633333 5.666667 5.700000 5.733333 5.766667 5.800000 5.833333
5.866667 5.900000 5.933333 5.966667 6.000000 6.033333 6.066667 6.100000 6.133333 6.166667 6.200000 6.233333 6.266667 6.300000 6.333333 6.366667
6.400000 6.433333 6.466667 6.500000 6.533333 6.566667 6.600000 6.633333 6.666667 6.700000 6.733333 6.766667 6.800000 6.833333 6.866667 6.900000
6.933333 6.966667 7.000000 7.033333 7.066667 7.100000 7.133333 7.166667 7.200000 7.233333 7.266667 7.300000 7.333333 7.366667 7.400000 7.433333
7.466667 7.500000 7.533333 7.566667 7.600000 7.633333 7.666667 7.700000 7.733333 7.766667 7.800000 7.833333 7.866667 7.900000 7.933333 7.966667
8.000000 8.033333 8.066667 8.100000 8.133333 8.166667 8.200000 8.233333 8.266667 8.300000 8.333333 8.366667 8.400000 8.433333 8.466667 8.500000
8.533333 8.566667 8.600000 8.633333 8.666667 8.700000 8.733333 8.766667 8.800000 8.833333 8.866667 8.900000 8.933333 8.966667 9.000000 9.033333
9.066667 9.100000 9.133333 9.166667 9.200000 9.233333 9.266667 9.300000 9.333333 9.366667 9.400000 9.433333 9.466667 9.500000 9.533333 9.566667
9.600000 9.633333 9.666667 9.700000 9.733333 9.766667 9.800000 9.833333 9.866667 9.900000 9.933333 9.966667 10.000000 10.033333 10.066667 10.100000
10.133333 10.166667 10.200000 10.233333 10.266667 10.300000 10.333333 10.366667 10.400000 10.433333 10.466667 10.500000 10.533333 10.566667 10.600000 10.633333
10.666667 10.700000 10.733333 10.766667 10.800000 10.833333 10.866667</float_array>
        <technique_common>
          <accessor source="#mixamorig_Hips-Matrix-animation-input-array" count="327">
            <param name="TIME" type="float"/>
          </accessor>
        </technique_common>
      </source>
      <source id="mixamorig_Hips-Matrix-animation-output-transform">
        <float_array id="mixamorig_Hips-Matrix-animation-output-transform-array" count="5232">

0.960618 0.232326 -0.152440 0.745849 -0.122002 0.845523 0.519813 12.809049 0.249658 -0.480744 0.840569 4.880084 0.000000 0.000000 0.000000 1.000000
0.960571 0.232484 -0.152493 0.745729 -0.122031 0.845348 0.520092 12.809684 0.249823 -0.480977 0.840387 4.877514 0.000000 0.000000 0.000000 1.000000
0.960536 0.232590 -0.152552 0.744146 -0.121996 0.845149 0.520424 12.809483 0.249974 -0.481275 0.840171 4.874356 0.000000 0.000000 0.000000 1.000000
0.960523 0.232552 -0.152691 0.741975 -0.121860 0.845101 0.520532 12.809627 0.250090 -0.481376 0.840078 4.873486 0.000000 0.000000 0.000000 1.000000
0.960542 0.232317 -0.152933 0.738226 -0.121612 0.845305 0.520259 12.812068 0.250140 -0.481132 0.840203 4.877028 0.000000 0.000000 0.000000 1.000000
0.960581 0.231986 -0.153190 0.732727 -0.121321 0.845614 0.519825 12.816345 0.250132 -0.480748 0.840426 4.882683 0.000000 0.000000 0.000000 1.000000
0.960620 0.231709 -0.153363 0.727339 -0.121069 0.845813 0.519560 12.820182 0.250103 -0.480532 0.840558 4.885627 0.000000 0.000000 0.000000 1.000000
0.960652 0.231521 -0.153448 0.723506 -0.120886 0.845891 0.519476 12.821825 0.250070 -0.480486 0.840594 4.884374 0.000000 0.000000 0.000000 1.000000
0.960677 0.231377 -0.153510 0.721170 -0.120761 0.845978 0.519364 12.821510 0.250035 -0.480403 0.840652 4.882099 0.000000 0.000000 0.000000 1.000000
0.960695 0.231251 -0.153583 0.720201 -0.120671 0.846109 0.519170 12.820907 0.250007 -0.480232 0.840758 4.881957 0.000000 0.000000 0.000000 1.000000
0.960706 0.231162 -0.153649 0.720488 -0.120609 0.846220 0.519004 12.821095 0.249995 -0.480079 0.840849 4.884635 0.000000 0.000000 0.000000 1.000000
0.960708 0.231129 -0.153688 0.721653 -0.120597 0.846298 0.518880 12.821557 0.249993 -0.479958 0.840918 4.888663 0.000000 0.000000 0.000000 1.000000
0.960705 0.231130 -0.153707 0.722762 -0.120634 0.846386 0.518728 12.821417 0.249989 -0.479802 0.841009 4.892461 0.000000 0.000000 0.000000 1.000000
0.960705 0.231115 -0.153725 0.722971 -0.120673 0.846509 0.518518 12.820919 0.249967 -0.479592 0.841135 4.895732 0.000000 0.000000 0.000000 1.000000
0.960718 0.231055 -0.153735 0.722374 -0.120688 0.846657 0.518272 12.820745 0.249910 -0.479359 0.841284 4.898725 0.000000 0.000000 0.000000 1.000000
0.960739 0.230996 -0.153691 0.721477 -0.120715 0.846771 0.518080 12.820406 0.249816 -0.479187 0.841411 4.901517 0.000000 0.000000 0.000000 1.000000
0.960755 0.231021 -0.153557 0.720740 -0.120801 0.846750 0.518094 12.818435 0.249715 -0.479211 0.841427 4.903656 0.000000 0.000000 0.000000 1.000000
0.960758 0.231122 -0.153384 0.720570 -0.120925 0.846626 0.518268 12.815060 0.249642 -0.479382 0.841351 4.904570 0.000000 0.000000 0.000000 1.000000
0.960763 0.231165 -0.153287 0.720794 -0.121012 0.846614 0.518267 12.812881 0.249580 -0.479382 0.841369 4.904749 0.000000 0.000000 0.000000 1.000000
0.960786 0.231058 -0.153305 0.721287 -0.121017 0.846837 0.517902 12.813135 0.249490 -0.479040 0.841591 4.905250 0.000000 0.000000 0.000000 1.000000
0.960822 0.230878 -0.153350 0.722332 -0.120980 0.847138 0.517417 12.814030 0.249369 -0.478593 0.841881 4.906116 0.000000 0.000000 0.000000 1.000000
0.960855 0.230773 -0.153301 0.722946 -0.120987 0.847293 0.517162 12.813484 0.249238 -0.478371 0.842046 4.907137 0.000000 0.000000 0.000000 1.000000
0.960879 0.230787 -0.153133 0.722093 -0.121091 0.847292 0.517140 12.811720 0.249097 -0.478366 0.842091 4.908402 0.000000 0.000000 0.000000 1.000000
0.960893 0.230865 -0.152925 0.720887 -0.121269 0.847278 0.517120 12.809902 0.248955 -0.478352 0.842141 4.910044 0.000000 0.000000 0.000000 1.000000
0.960899 0.230951 -0.152759 0.721264 -0.121457 0.847311 0.517022 12.808498 0.248841 -0.478252 0.842231 4.912068 0.000000 0.000000 0.000000 1.000000
0.960891 0.231045 -0.152663 0.724321 -0.121619 0.847354 0.516914 12.807221 0.248790 -0.478132 0.842314 4.914055 0.000000 0.000000 0.000000 1.000000
0.960872 0.231157 -0.152616 0.729949 -0.121772 0.847395 0.516811 12.805495 0.248791 -0.478005 0.842386 4.914942 0.000000 0.000000 0.000000 1.000000
0.960847 0.231276 -0.152592 0.736278 -0.121924 0.847444 0.516695 12.803594 0.248813 -0.477860 0.842462 4.914226 0.000000 0.000000 0.000000 1.000000
0.960828 0.231371 -0.152569 0.740431 -0.122056 0.847501 0.516569 12.802404 0.248822 -0.477712 0.842543 4.913505 0.000000 0.000000 0.000000 1.000000
0.960831 0.231394 -0.152517 0.741029 -0.122148 0.847584 0.516411 12.802289 0.248766 -0.477554 0.842649 4.914873 0.000000 0.000000 0.000000 1.000000
0.960866 0.231326 -0.152397 0.739012 -0.122207 0.847695 0.516215 12.802898 0.248600 -0.477390 0.842791 4.918739 0.000000 0.000000 0.000000 1.000000
0.960917 0.231221 -0.152233 0.736269 -0.122237 0.847776 0.516075 12.803453 0.248387 -0.477297 0.842907 4.924231 0.000000 0.000000 0.000000 1.000000
0.960953 0.231127 -0.152150 0.734058 -0.122218 0.847823 0.516003 12.803619 0.248258 -0.477259 0.842966 4.930242 0.000000 0.000000 0.000000 1.000000
0.960970 0.231003 -0.152233 0.732220 -0.122117 0.847943 0.515829 12.804035 0.248242 -0.477106 0.843057 4.935714 0.000000 0.000000 0.000000 1.000000
0.960993 0.230802 -0.152388 0.729962 -0.121947 0.848141 0.515545 12.804993 0.248236 -0.476852 0.843203 4.938531 0.000000 0.000000 0.000000 1.000000
0.961025 0.230613 -0.152478 0.727343 -0.121761 0.848221 0.515457 12.805140 0.248206 -0.476801 0.843241 4.936810 0.000000 0.000000 0.000000 1.000000
0.961037 0.230535 -0.152515 0.724911 -0.121598 0.848088 0.515714 12.803237 0.248236 -0.477075 0.843077 4.932131 0.000000 0.000000 0.000000 1.000000
0.961034 0.230501 -0.152587 0.722517 -0.121454 0.847948 0.515979 12.800611 0.248319 -0.477341 0.842902 4.928424 0.000000 0.000000 0.000000 1.000000
0.961040 0.230404 -0.152696 0.719891 -0.121324 0.847986 0.515945 12.799404 0.248360 -0.477318 0.842902 4.927371 0.000000 0.000000 0.000000 1.000000
0.961063 0.230252 -0.152783 0.717550 -0.121199 0.848115 0.515764 12.800234 0.248333 -0.477164 0.842998 4.928187 0.000000 0.000000 0.000000 1.000000
0.961091 0.230106 -0.152826 0.716174 -0.121077 0.848189 0.515671 12.802116 0.248285 -0.477103 0.843047 4.930808 0.000000 0.000000 0.000000 1.000000
0.961106 0.230011 -0.152876 0.715926 -0.120977 0.848221 0.515640 12.803518 0.248276 -0.477090 0.843056 4.935623 0.000000 0.000000 0.000000 1.000000
0.961103 0.229960 -0.152966 0.716148 -0.120908 0.848275 0.515568 12.803942 0.248317 -0.477019 0.843084 4.940727 0.000000 0.000000 0.000000 1.000000
0.961093 0.229931 -0.153072 0.715699 -0.120849 0.848324 0.515501 12.803934 0.248384 -0.476946 0.843106 4.942352 0.000000 0.000000 0.000000 1.000000
0.961080 0.229924 -0.153167 0.714175 -0.120789 0.848320 0.515522 12.803976 0.248466 -0.476957 0.843076 4.938590 0.000000 0.000000 0.000000 1.000000
0.961066 0.229935 -0.153240 0.711953 -0.120739 0.848278 0.515604 12.804449 0.248545 -0.477027 0.843013 4.933169 0.000000 0.000000 0.000000 1.000000
0.961055 0.229947 -0.153289 0.710174 -0.120700 0.848232 0.515688 12.804847 0.248606 -0.477102 0.842952 4.930704 0.000000 0.000000 0.000000 1.000000
0.961046 0.229959 -0.153331 0.709844 -0.120667 0.848191 0.515763 12.804366 0.248658 -0.477170 0.842899 4.929903 0.000000 0.000000 0.000000 1.000000
0.961039 0.229986 -0.153332 0.710831 -0.120667 0.848143 0.515842 12.803050 0.248684 -0.477243 0.842850 4.927665 0.000000 0.000000 0.000000 1.000000
0.961041 0.230046 -0.153226 0.712622 -0.120735 0.848055 0.515971 12.801449 0.248641 -0.477369 0.842791 4.923974 0.000000 0.000000 0.000000 1.000000
0.961044 0.230156 -0.153045 0.714462 -0.120856 0.847900 0.516197 12.799772 0.248573 -0.477591 0.842685 4.920436 0.000000 0.000000 0.000000 1.000000
0.961035 0.230297 -0.152892 0.715412 -0.120970 0.847706 0.516490 12.797987 0.248553 -0.477869 0.842533 4.917872 0.000000 0.000000 0.000000 1.000000
0.961023 0.230424 -0.152773 0.715852 -0.121063 0.847529 0.516757 12.796089 0.248553 -0.478120 0.842391 4.915120 0.000000 0.000000 0.000000 1.000000
0.961020 0.230523 -0.152643 0.717212 -0.121157 0.847395 0.516956 12.794388 0.248519 -0.478311 0.842293 4.910980 0.000000 0.000000 0.000000 1.000000
0.961010 0.230633 -0.152539 0.719582 -0.121250 0.847266 0.517145 12.793157 0.248512 -0.478486 0.842195 4.906455 0.000000 0.000000 0.000000 1.000000
0.960981 0.230783 -0.152497 0.721958 -0.121327 0.847096 0.517405 12.791911 0.248588 -0.478714 0.842043 4.902770 0.000000 0.000000 0.000000 1.000000
0.960944 0.230947 -0.152479 0.723620 -0.121394 0.846908 0.517697 12.790255 0.248696 -0.478968 0.841867 4.899498 0.000000 0.000000 0.000000 1.000000
0.960917 0.231078 -0.152452 0.724102 -0.121447 0.846743 0.517954 12.789095 0.248775 -0.479196 0.841714 4.895442 0.000000 0.000000 0.000000 1.000000
0.960901 0.231153 -0.152440 0.723508 -0.121451 0.846601 0.518186 12.789270 0.248836 -0.479411 0.841573 4.890800 0.000000 0.000000 0.000000 1.000000
0.960890 0.231189 -0.152452 0.722986 -0.121411 0.846471 0.518408 12.789709 0.248896 -0.479624 0.841434 4.886658 0.000000 0.000000 0.000000 1.000000
0.960886 0.231212 -0.152441 0.723283 -0.121377 0.846352 0.518609 12.789112 0.248927 -0.479821 0.841312 4.883346 0.000000 0.000000 0.000000 1.000000
0.960886 0.231235 -0.152412 0.723815 -0.121366 0.846258 0.518765 12.787875 0.248936 -0.479977 0.841221 4.880362 0.000000 0.000000 0.000000 1.000000
0.960871 0.231251 -0.152480 0.723756 -0.121329 0.846229 0.518822 12.787668 0.249011 -0.480020 0.841174 4.877272 0.000000 0.000000 0.000000 1.000000
0.960840 0.231233 -0.152701 0.723218 -0.121220 0.846283 0.518759 12.789092 0.249183 -0.479934 0.841173 4.874821 0.000000 0.000000 0.000000 1.000000
0.960819 0.231158 -0.152949 0.722890 -0.121046 0.846343 0.518702 12.790456 0.249350 -0.479864 0.841163 4.873331 0.000000 0.000000 0.000000 1.000000
0.960823 0.231057 -0.153076 0.722409 -0.120869 0.846315 0.518788 12.790453 0.249420 -0.479961 0.841087 4.871184 0.000000 0.000000 0.000000 1.000000
0.960843 0.230988 -0.153051 0.719965 -0.120755 0.846197 0.519008 12.789494 0.249395 -0.480204 0.840955 4.867664 0.000000 0.000000 0.000000 1.000000
0.960865 0.230981 -0.152923 0.715003 -0.120748 0.846064 0.519226 12.788427 0.249314 -0.480441 0.840844 4.864289 0.000000 0.000000 0.000000 1.000000
0.960881 0.231016 -0.152774 0.710552 -0.120832 0.846004 0.519304 12.787884 0.249215 -0.480529 0.840823 4.862726 0.000000 0.000000 0.000000 1.000000
0.960885 0.231056 -0.152683 0.710123 -0.120926 0.846019 0.519258 12.787957 0.249150 -0.480484 0.840868 4.864025 0.000000 0.000000 0.000000 1.000000
0.960878 0.231094 -0.152670 0.713617 -0.120974 0.846027 0.519233 12.788187 0.249155 -0.480451 0.840886 4.868171 0.000000 0.000000 0.000000 1.000000
0.960864 0.231150 -0.152676 0.718171 -0.121007 0.845996 0.519277 12.788115 0.249194 -0.480480 0.840857 4.873009 0.000000 0.000000 0.000000 1.000000
0.960854 0.231227 -0.152625 0.721408 -0.121081 0.845946 0.519341 12.787832 0.249199 -0.480530 0.840827 4.874957 0.000000 0.000000 0.000000 1.000000
0.960854 0.231300 -0.152511 0.722881 -0.121176 0.845877 0.519430 12.787607 0.249150 -0.480616 0.840793 4.872422 0.000000 0.000000 0.000000 1.000000
0.960866 0.231328 -0.152391 0.722858 -0.121224 0.845794 0.519556 12.787708 0.249079 -0.480750 0.840737 4.867433 0.000000 0.000000 0.000000 1.000000
0.960884 0.231309 -0.152312 0.720935 -0.121223 0.845744 0.519637 12.788531 0.249014 -0.480846 0.840701 4.863812 0.000000 0.000000 0.000000 1.000000
0.960891 0.231296 -0.152284 0.718098 -0.121232 0.845756 0.519615 12.789925 0.248980 -0.480832 0.840720 4.862838 0.000000 0.000000 0.000000 1.000000
0.960879 0.231348 -0.152279 0.717478 -0.121297 0.845779 0.519562 12.790835 0.248994 -0.480765 0.840754 4.862662 0.000000 0.000000 0.000000 1.000000
0.960860 0.231453 -0.152240 0.720617 -0.121406 0.845759 0.519569 12.790823 0.249014 -0.480750 0.840757 4.862999 0.000000 0.000000 0.000000 1.000000
0.960856 0.231536 -0.152143 0.725947 -0.121508 0.845703 0.519636 12.790644 0.248982 -0.480809 0.840732 4.865286 0.000000 0.000000 0.000000 1.000000
0.960865 0.231566 -0.152040 0.730967 -0.121558 0.845636 0.519734 12.790854 0.248923 -0.480912 0.840690 4.868817 0.000000 0.000000 0.000000 1.000000
0.960870 0.231583 -0.151984 0.733867 -0.121563 0.845559 0.519858 12.791289 0.248902 -0.481040 0.840624 4.870436 0.000000 0.000000 0.000000 1.000000
0.960866 0.231620 -0.151949 0.733907 -0.121579 0.845484 0.519975 12.791458 0.248907 -0.481153 0.840558 4.868521 0.000000 0.000000 0.000000 1.000000
0.960863 0.231659 -0.151909 0.731684 -0.121614 0.845439 0.520041 12.791315 0.248902 -0.481214 0.840524 4.864744 0.000000 0.000000 0.000000 1.000000
0.960870 0.231652 -0.151875 0.728781 -0.121607 0.845403 0.520101 12.791815 0.248878 -0.481280 0.840493 4.860884 0.000000 0.000000 0.000000 1.000000
0.960890 0.231601 -0.151830 0.726725 -0.121550 0.845339 0.520219 12.793440 0.248831 -0.481418 0.840428 4.857624 0.000000 0.000000 0.000000 1.000000
0.960909 0.231584 -0.151735 0.726355 -0.121536 0.845244 0.520377 12.794840 0.248764 -0.481593 0.840348 4.856080 0.000000 0.000000 0.000000 1.000000
0.960912 0.231661 -0.151598 0.727574 -0.121632 0.845143 0.520518 12.794543 0.248706 -0.481733 0.840285 4.856527 0.000000 0.000000 0.000000 1.000000
0.960903 0.231805 -0.151432 0.730263 -0.121810 0.845051 0.520626 12.792976 0.248652 -0.481826 0.840248 4.857152 0.000000 0.000000 0.000000 1.000000
0.960897 0.231963 -0.151227 0.734509 -0.122024 0.844962 0.520720 12.791695 0.248569 -0.481905 0.840227 4.856413 0.000000 0.000000 0.000000 1.000000
0.960895 0.232121 -0.151001 0.739214 -0.122251 0.844873 0.520811 12.791328 0.248468 -0.481984 0.840211 4.855787 0.000000 0.000000 0.000000 1.000000
0.960883 0.232291 -0.150812 0.743183 -0.122466 0.844781 0.520910 12.791213 0.248406 -0.482065 0.840183 4.857139 0.000000 0.000000 0.000000 1.000000
0.960857 0.232453 -0.150726 0.747175 -0.122628 0.844707 0.520991 12.790426 0.248426 -0.482115 0.840149 4.858925 0.000000 0.000000 0.000000 1.000000
0.960828 0.232559 -0.150754 0.751154 -0.122706 0.844695 0.520994 12.789547 0.248503 -0.482087 0.840142 4.859452 0.000000 0.000000 0.000000 1.000000
0.960813 0.232574 -0.150823 0.753169 -0.122697 0.844722 0.520950 12.789713 0.248564 -0.482030 0.840156 4.859649 0.000000 0.000000 0.000000 1.000000
0.960817 0.232530 -0.150868 0.752294 -0.122629 0.844718 0.520974 12.790714 0.248583 -0.482059 0.840134 4.860109 0.000000 0.000000 0.000000 1.000000
0.960826 0.232475 -0.150890 0.749300 -0.122533 0.844655 0.521098 12.791590 0.248592 -0.482196 0.840053 4.859862 0.000000 0.000000 0.000000 1.000000
0.960833 0.232442 -0.150900 0.745596 -0.122456 0.844577 0.521243 12.791655 0.248606 -0.482349 0.839961 4.858305 0.000000 0.000000 0.000000 1.000000
0.960829 0.232439 -0.150929 0.743263 -0.122414 0.844533 0.521324 12.791121 0.248640 -0.482428 0.839906 4.856694 0.000000 0.000000 0.000000 1.000000
0.960816 0.232436 -0.151018 0.743707 -0.122357 0.844521 0.521357 12.790959 0.248720 -0.482450 0.839869 4.857544 0.000000 0.000000 0.000000 1.000000
0.960802 0.232397 -0.151163 0.745504 -0.122240 0.844517 0.521390 12.791742 0.248829 -0.482475 0.839823 4.861690 0.000000 0.000000 0.000000 1.000000
0.960795 0.232326 -0.151322 0.745629 -0.122099 0.844541 0.521384 12.793097 0.248929 -0.482467 0.839798 4.866347 0.000000 0.000000 0.000000 1.000000
0.960795 0.232242 -0.151447 0.742693 -0.121986 0.844609 0.521301 12.794785 0.248982 -0.482389 0.839826 4.868643 0.000000 0.000000 0.000000 1.000000
0.960811 0.232129 -0.151520 0.737863 -0.121889 0.844704 0.521170 12.796757 0.248969 -0.482277 0.839895 4.868496 0.000000 0.000000 0.000000 1.000000
0.960842 0.231970 -0.151570 0.733354 -0.121774 0.844823 0.521005 12.798630 0.248907 -0.482146 0.839989 4.867638 0.000000 0.000000 0.000000 1.000000
0.960872 0.231797 -0.151641 0.730426 -0.121644 0.844963 0.520808 12.800126 0.248852 -0.481983 0.840098 4.868086 0.000000 0.000000 0.000000 1.000000
0.960885 0.231670 -0.151753 0.729122 -0.121528 0.845088 0.520631 12.801272 0.248860 -0.481824 0.840187 4.870484 0.000000 0.000000 0.000000 1.000000
0.960876 0.231611 -0.151898 0.729068 -0.121439 0.845178 0.520506 12.802093 0.248935 -0.481696 0.840238 4.873825 0.000000 0.000000 0.000000 1.000000
0.960865 0.231566 -0.152035 0.729273 -0.121371 0.845271 0.520371 12.803196 0.249011 -0.481553 0.840297 4.876977 0.000000 0.000000 0.000000 1.000000
0.960873 0.231470 -0.152136 0.729048 -0.121297 0.845410 0.520163 12.805239 0.249020 -0.481356 0.840408 4.879266 0.000000 0.000000 0.000000 1.000000
0.960888 0.231362 -0.152206 0.729040 -0.121222 0.845535 0.519977 12.807184 0.248998 -0.481189 0.840510 4.879285 0.000000 0.000000 0.000000 1.000000
0.960885 0.231348 -0.152245 0.730145 -0.121187 0.845533 0.519989 12.807226 0.249027 -0.481199 0.840496 4.875853 0.000000 0.000000 0.000000 1.000000
0.960860 0.231452 -0.152241 0.732282 -0.121225 0.845413 0.520174 12.805524 0.249102 -0.481359 0.840382 4.870378 0.000000 0.000000 0.000000 1.000000
0.960835 0.231584 -0.152198 0.734375 -0.121315 0.845300 0.520337 12.804276 0.249155 -0.481494 0.840289 4.866255 0.000000 0.000000 0.000000 1.000000
0.960823 0.231664 -0.152151 0.735546 -0.121397 0.845263 0.520379 12.804839 0.249161 -0.481521 0.840271 4.865977 0.000000 0.000000 0.000000 1.000000
0.960821 0.231698 -0.152118 0.736454 -0.121446 0.845262 0.520369 12.805798 0.249147 -0.481507 0.840284 4.869261 0.000000 0.000000 0.000000 1.000000
0.960817 0.231743 -0.152069 0.738358 -0.121509 0.845251 0.520372 12.805142 0.249129 -0.481505 0.840290 4.873411 0.000000 0.000000 0.000000 1.000000
0.960812 0.231812 -0.151998 0.740774 -0.121607 0.845239 0.520368 12.803333 0.249102 -0.481492 0.840306 4.875751 0.000000 0.000000 0.000000 1.000000
0.960813 0.231845 -0.151943 0.742072 -0.121680 0.845263 0.520312 12.802306 0.249064 -0.481434 0.840351 4.875470 0.000000 0.000000 0.000000 1.000000
0.960827 0.231793 -0.151931 0.741601 -0.121678 0.845340 0.520187 12.802616 0.249009 -0.481323 0.840430 4.874012 0.000000 0.000000 0.000000 1.000000
0.960849 0.231704 -0.151926 0.740059 -0.121643 0.845430 0.520049 12.802990 0.248940 -0.481209 0.840516 4.873528 0.000000 0.000000 0.000000 1.000000
0.960864 0.231680 -0.151869 0.739157 -0.121660 0.845448 0.520015 12.801964 0.248875 -0.481188 0.840547 4.874293 0.000000 0.000000 0.000000 1.000000
0.960866 0.231727 -0.151787 0.740194 -0.121733 0.845417 0.520049 12.799861 0.248832 -0.481220 0.840541 4.875021 0.000000 0.000000 0.000000 1.000000
0.960866 0.231723 -0.151792 0.742154 -0.121776 0.845512 0.519885 12.798876 0.248811 -0.481055 0.840642 4.876590 0.000000 0.000000 0.000000 1.000000
0.960879 0.231576 -0.151936 0.742878 -0.121724 0.845832 0.519376 12.800541 0.248787 -0.480563 0.840930 4.881372 0.000000 0.000000 0.000000 1.000000
0.960901 0.231357 -0.152127 0.741866 -0.121625 0.846240 0.518735 12.803778 0.248749 -0.479950 0.841292 4.888726 0.000000 0.000000 0.000000 1.000000
0.960918 0.231207 -0.152253 0.740553 -0.121563 0.846524 0.518285 12.806406 0.248717 -0.479521 0.841546 4.895046 0.000000 0.000000 0.000000 1.000000
0.960923 0.231147 -0.152306 0.740055 -0.121543 0.846650 0.518084 12.807245 0.248703 -0.479327 0.841660 4.898131 0.000000 0.000000 0.000000 1.000000
0.960929 0.231088 -0.152360 0.739736 -0.121509 0.846748 0.517932 12.806739 0.248698 -0.479183 0.841744 4.899575 0.000000 0.000000 0.000000 1.000000
0.960945 0.230970 -0.152441 0.738271 -0.121429 0.846894 0.517711 12.806387 0.248677 -0.478981 0.841865 4.901723 0.000000 0.000000 0.000000 1.000000
0.960971 0.230818 -0.152507 0.735395 -0.121330 0.847047 0.517484 12.807018 0.248626 -0.478783 0.841993 4.904646 0.000000 0.000000 0.000000 1.000000
0.960999 0.230685 -0.152533 0.732437 -0.121258 0.847179 0.517285 12.807756 0.248552 -0.478615 0.842110 4.907087 0.000000 0.000000 0.000000 1.000000
0.961022 0.230583 -0.152539 0.730784 -0.121225 0.847307 0.517083 12.807608 0.248478 -0.478436 0.842234 4.908546 0.000000 0.000000 0.000000 1.000000
0.961045 0.230481 -0.152549 0.730554 -0.121192 0.847441 0.516871 12.806735 0.248405 -0.478249 0.842362 4.909402 0.000000 0.000000 0.000000 1.000000
0.961075 0.230352 -0.152557 0.730638 -0.121137 0.847579 0.516658 12.806197 0.248317 -0.478066 0.842491 4.910879 0.000000 0.000000 0.000000 1.000000
0.961107 0.230235 -0.152530 0.729856 -0.121100 0.847694 0.516479 12.806248 0.248211 -0.477920 0.842606 4.914030 0.000000 0.000000 0.000000 1.000000
0.961127 0.230207 -0.152445 0.728538 -0.121133 0.847719 0.516430 12.805656 0.248117 -0.477889 0.842651 4.917847 0.000000 0.000000 0.000000 1.000000
0.961127 0.230268 -0.152354 0.727912 -0.121214 0.847670 0.516491 12.804018 0.248077 -0.477946 0.842630 4.920610 0.000000 0.000000 0.000000 1.000000
0.961113 0.230318 -0.152367 0.728216 -0.121268 0.847698 0.516432 12.803015 0.248105 -0.477872 0.842664 4.922624 0.000000 0.000000 0.000000 1.000000
0.961097 0.230287 -0.152513 0.728758 -0.121265 0.847897 0.516105 12.803719 0.248168 -0.477533 0.842837 4.925045 0.000000 0.000000 0.000000 1.000000
0.961082 0.230227 -0.152696 0.729351 -0.121245 0.848159 0.515681 12.805092 0.248234 -0.477098 0.843064 4.927450 0.000000 0.000000 0.000000 1.000000
0.961070 0.230215 -0.152792 0.730447 -0.121244 0.848277 0.515486 12.805872 0.248283 -0.476893 0.843166 4.928778 0.000000 0.000000 0.000000 1.000000
0.961067 0.230246 -0.152768 0.732057 -0.121249 0.848205 0.515603 12.806047 0.248294 -0.477006 0.843099 4.929229 0.000000 0.000000 0.000000 1.000000
0.961076 0.230263 -0.152680 0.733464 -0.121242 0.848071 0.515826 12.805935 0.248259 -0.477237 0.842978 4.929480 0.000000 0.000000 0.000000 1.000000
0.961099 0.230236 -0.152581 0.734227 -0.121220 0.847974 0.515989 12.805543 0.248184 -0.477421 0.842896 4.928726 0.000000 0.000000 0.000000 1.000000
0.961129 0.230180 -0.152477 0.734252 -0.121186 0.847905 0.516111 12.805038 0.248084 -0.477571 0.842841 4.925253 0.000000 0.000000 0.000000 1.000000
0.961157 0.230120 -0.152386 0.733334 -0.121144 0.847839 0.516230 12.804749 0.247993 -0.477718 0.842784 4.919487 0.000000 0.000000 0.000000 1.000000
0.961176 0.230069 -0.152346 0.731465 -0.121092 0.847790 0.516322 12.804962 0.247947 -0.477828 0.842735 4.914740 0.000000 0.000000 0.000000 1.000000
0.961185 0.230011 -0.152375 0.729322 -0.121016 0.847781 0.516354 12.805763 0.247948 -0.477872 0.842710 4.913072 0.000000 0.000000 0.000000 1.000000
0.961192 0.229938 -0.152442 0.727829 -0.120920 0.847798 0.516349 12.806985 0.247968 -0.477877 0.842701 4.913423 0.000000 0.000000 0.000000 1.000000
0.961198 0.229891 -0.152473 0.727092 -0.120853 0.847786 0.516385 12.807930 0.247977 -0.477921 0.842674 4.914522 0.000000 0.000000 0.000000 1.000000
0.961198 0.229932 -0.152413 0.726508 -0.120875 0.847691 0.516535 12.807873 0.247967 -0.478070 0.842592 4.916129 0.000000 0.000000 0.000000 1.000000
0.961188 0.230044 -0.152308 0.725862 -0.120967 0.847557 0.516734 12.807083 0.247961 -0.478255 0.842489 4.917997 0.000000 0.000000 0.000000 1.000000
0.961174 0.230128 -0.152268 0.725803 -0.121036 0.847494 0.516821 12.806629 0.247981 -0.478325 0.842443 4.919532 0.000000 0.000000 0.000000 1.000000
0.961162 0.230155 -0.152305 0.726930 -0.121039 0.847488 0.516831 12.806468 0.248027 -0.478324 0.842430 4.919988 0.000000 0.000000 0.000000 1.000000
0.961148 0.230205 -0.152318 0.729002 -0.121031 0.847395 0.516985 12.805599 0.248087 -0.478463 0.842334 4.919053 0.000000 0.000000 0.000000 1.000000
0.961131 0.230316 -0.152254 0.731210 -0.121057 0.847176 0.517338 12.804003 0.248137 -0.478798 0.842128 4.917148 0.000000 0.000000 0.000000 1.000000
0.961118 0.230429 -0.152165 0.732801 -0.121092 0.846945 0.517708 12.802586 0.248170 -0.479153 0.841917 4.914403 0.000000 0.000000 0.000000 1.000000
0.961111 0.230498 -0.152106 0.733298 -0.121106 0.846785 0.517966 12.801689 0.248191 -0.479402 0.841769 4.910507 0.000000 0.000000 0.000000 1.000000
0.961110 0.230535 -0.152058 0.733044 -0.121099 0.846653 0.518184 12.801023 0.248200 -0.479617 0.841644 4.905169 0.000000 0.000000 0.000000 1.000000
0.961112 0.230578 -0.151976 0.733005 -0.121097 0.846484 0.518460 12.800319 0.248190 -0.479895 0.841488 4.898878 0.000000 0.000000 0.000000 1.000000
0.961106 0.230669 -0.151875 0.733872 -0.121140 0.846295 0.518758 12.799416 0.248193 -0.480183 0.841323 4.893500 0.000000 0.000000 0.000000 1.000000
0.961079 0.230828 -0.151810 0.735618 -0.121241 0.846133 0.518999 12.798065 0.248251 -0.480393 0.841186 4.890413 0.000000 0.000000 0.000000 1.000000
0.961040 0.231010 -0.151776 0.738200 -0.121363 0.846001 0.519186 12.796314 0.248339 -0.480539 0.841077 4.888616 0.000000 0.000000 0.000000 1.000000
0.961015 0.231153 -0.151718 0.741528 -0.121467 0.845881 0.519357 12.794769 0.248386 -0.480681 0.840982 4.887020 0.000000 0.000000 0.000000 1.000000
0.961004 0.231264 -0.151621 0.744662 -0.121569 0.845772 0.519509 12.794041 0.248381 -0.480818 0.840905 4.886259 0.000000 0.000000 0.000000 1.000000
0.960994 0.231373 -0.151518 0.746470 -0.121681 0.845682 0.519630 12.794132 0.248365 -0.480924 0.840849 4.886622 0.000000 0.000000 0.000000 1.000000
0.960987 0.231445 -0.151453 0.746360 -0.121753 0.845621 0.519712 12.794832 0.248356 -0.480997 0.840810 4.886444 0.000000 0.000000 0.000000 1.000000
0.960992 0.231410 -0.151470 0.744394 -0.121713 0.845627 0.519713 12.796841 0.248354 -0.481004 0.840806 4.884809 0.000000 0.000000 0.000000 1.000000
0.961008 0.231263 -0.151597 0.741845 -0.121555 0.845723 0.519592 12.800362 0.248372 -0.480905 0.840858 4.883047 0.000000 0.000000 0.000000 1.000000
0.961015 0.231114 -0.151778 0.740516 -0.121371 0.845827 0.519466 12.803812 0.248434 -0.480793 0.840903 4.882236 0.000000 0.000000 0.000000 1.000000
0.961007 0.231072 -0.151894 0.740511 -0.121260 0.845812 0.519516 12.805275 0.248519 -0.480840 0.840851 4.881742 0.000000 0.000000 0.000000 1.000000
0.960990 0.231121 -0.151922 0.740546 -0.121235 0.845702 0.519702 12.804651 0.248595 -0.481010 0.840732 4.880650 0.000000 0.000000 0.000000 1.000000
0.960972 0.231189 -0.151939 0.739832 -0.121243 0.845612 0.519847 12.803576 0.248664 -0.481136 0.840639 4.879094 0.000000 0.000000 0.000000 1.000000
0.960950 0.231245 -0.151993 0.738554 -0.121240 0.845561 0.519930 12.803302 0.248751 -0.481199 0.840578 4.877837 0.000000 0.000000 0.000000 1.000000
0.960928 0.231292 -0.152056 0.737698 -0.121216 0.845493 0.520046 12.803396 0.248844 -0.481296 0.840494 4.876689 0.000000 0.000000 0.000000 1.000000
0.960914 0.231340 -0.152076 0.737981 -0.121199 0.845394 0.520211 12.803061 0.248910 -0.481446 0.840389 4.876017 0.000000 0.000000 0.000000 1.000000
0.960906 0.231389 -0.152046 0.738815 -0.121213 0.845301 0.520359 12.802639 0.248930 -0.481586 0.840303 4.878085 0.000000 0.000000 0.000000 1.000000
0.960904 0.231421 -0.152016 0.739675 -0.121231 0.845244 0.520448 12.802658 0.248933 -0.481672 0.840253 4.883055 0.000000 0.000000 0.000000 1.000000
0.960905 0.231418 -0.152013 0.740877 -0.121221 0.845228 0.520476 12.802568 0.248933 -0.481700 0.840236 4.887035 0.000000 0.000000 0.000000 1.000000
0.960913 0.231400 -0.151988 0.742245 -0.121212 0.845217 0.520495 12.801884 0.248906 -0.481728 0.840229 4.887878 0.000000 0.000000 0.000000 1.000000
0.960921 0.231433 -0.151886 0.743204 -0.121255 0.845133 0.520622 12.800787 0.248853 -0.481860 0.840169 4.887546 0.000000 0.000000 0.000000 1.000000
0.960915 0.231539 -0.151761 0.743781 -0.121342 0.844977 0.520855 12.799687 0.248833 -0.482083 0.840047 4.887331 0.000000 0.000000 0.000000 1.000000
0.960898 0.231628 -0.151735 0.744096 -0.121400 0.844898 0.520970 12.799505 0.248872 -0.482178 0.839980 4.887322 0.000000 0.000000 0.000000 1.000000
0.960888 0.231600 -0.151838 0.744099 -0.121370 0.844999 0.520813 12.800848 0.248924 -0.482015 0.840059 4.887421 0.000000 0.000000 0.000000 1.000000
0.960891 0.231501 -0.151974 0.744179 -0.121291 0.845169 0.520555 12.802356 0.248953 -0.481763 0.840194 4.886705 0.000000 0.000000 0.000000 1.000000
0.960893 0.231456 -0.152028 0.744386 -0.121249 0.845230 0.520466 12.802512 0.248964 -0.481679 0.840240 4.884985 0.000000 0.000000 0.000000 1.000000
0.960888 0.231503 -0.151991 0.744321 -0.121282 0.845168 0.520559 12.801668 0.248969 -0.481765 0.840189 4.883487 0.000000 0.000000 0.000000 1.000000
0.960881 0.231578 -0.151920 0.744171 -0.121356 0.845098 0.520655 12.801146 0.248960 -0.481851 0.840142 4.883105 0.000000 0.000000 0.000000 1.000000
0.960882 0.231619 -0.151851 0.744414 -0.121418 0.845072 0.520684 12.801476 0.248925 -0.481878 0.840137 4.883610 0.000000 0.000000 0.000000 1.000000
0.960888 0.231636 -0.151789 0.745062 -0.121459 0.845055 0.520701 12.801739 0.248883 -0.481899 0.840138 4.884018 0.000000 0.000000 0.000000 1.000000
0.960887 0.231682 -0.151725 0.745910 -0.121528 0.845039 0.520711 12.800905 0.248853 -0.481906 0.840142 4.883677 0.000000 0.000000 0.000000 1.000000
0.960878 0.231778 -0.151634 0.747118 -0.121668 0.845038 0.520679 12.799416 0.248819 -0.481860 0.840179 4.883502 0.000000 0.000000 0.000000 1.000000
0.960867 0.231898 -0.151517 0.749113 -0.121847 0.845041 0.520633 12.798716 0.248772 -0.481797 0.840229 4.884642 0.000000 0.000000 0.000000 1.000000
0.960855 0.232015 -0.151416 0.752051 -0.122001 0.845018 0.520634 12.799185 0.248745 -0.481781 0.840246 4.886559 0.000000 0.000000 0.000000 1.000000
0.960836 0.232141 -0.151340 0.755020 -0.122120 0.844940 0.520733 12.799664 0.248757 -0.481857 0.840199 4.888123 0.000000 0.000000 0.000000 1.000000
0.960811 0.232307 -0.151249 0.756891 -0.122244 0.844780 0.520963 12.799062 0.248796 -0.482058 0.840072 4.888519 0.000000 0.000000 0.000000 1.000000
0.960777 0.232499 -0.151166 0.757928 -0.122361 0.844569 0.521278 12.797554 0.248867 -0.482335 0.839892 4.886893 0.000000 0.000000 0.000000 1.000000
0.960747 0.232639 -0.151142 0.758947 -0.122415 0.844392 0.521553 12.796329 0.248956 -0.482579 0.839725 4.883959 0.000000 0.000000 0.000000 1.000000
0.960737 0.232677 -0.151146 0.759953 -0.122386 0.844270 0.521757 12.795927 0.249009 -0.482773 0.839598 4.881344 0.000000 0.000000 0.000000 1.000000
0.960744 0.232648 -0.151150 0.760102 -0.122307 0.844175 0.521928 12.796041 0.249023 -0.482953 0.839491 4.879824 0.000000 0.000000 0.000000 1.000000
0.960747 0.232616 -0.151181 0.758657 -0.122220 0.844097 0.522075 12.796450 0.249054 -0.483105 0.839394 4.878691 0.000000 0.000000 0.000000 1.000000
0.960733 0.232622 -0.151258 0.756051 -0.122157 0.844046 0.522173 12.796913 0.249137 -0.483192 0.839319 4.876787 0.000000 0.000000 0.000000 1.000000
0.960710 0.232641 -0.151374 0.753771 -0.122109 0.844039 0.522194 12.797088 0.249249 -0.483193 0.839285 4.874646 0.000000 0.000000 0.000000 1.000000
0.960695 0.232617 -0.151510 0.752833 -0.122026 0.844066 0.522171 12.797071 0.249350 -0.483158 0.839275 4.874164 0.000000 0.000000 0.000000 1.000000
0.960694 0.232531 -0.151648 0.752622 -0.121888 0.844101 0.522147 12.797615 0.249422 -0.483139 0.839265 4.876213 0.000000 0.000000 0.000000 1.000000
0.960700 0.232420 -0.151779 0.751911 -0.121746 0.844167 0.522073 12.798862 0.249467 -0.483077 0.839287 4.879225 0.000000 0.000000 0.000000 1.000000
0.960705 0.232318 -0.151903 0.750565 -0.121642 0.844282 0.521912 12.800192 0.249498 -0.482925 0.839365 4.881052 0.000000 0.000000 0.000000 1.000000
0.960718 0.232203 -0.151997 0.748781 -0.121552 0.844418 0.521711 12.801378 0.249492 -0.482742 0.839473 4.881567 0.000000 0.000000 0.000000 1.000000
0.960748 0.232045 -0.152045 0.746506 -0.121451 0.844560 0.521505 12.802874 0.249424 -0.482569 0.839592 4.882598 0.000000 0.000000 0.000000 1.000000
0.960788 0.231872 -0.152060 0.744030 -0.121360 0.844716 0.521274 12.804970 0.249316 -0.482379 0.839733 4.885240 0.000000 0.000000 0.000000 1.000000
0.960818 0.231739 -0.152074 0.741896 -0.121314 0.844885 0.521011 12.807173 0.249223 -0.482148 0.839893 4.888278 0.000000 0.000000 0.000000 1.000000
0.960831 0.231654 -0.152120 0.740274 -0.121296 0.845053 0.520743 12.808813 0.249182 -0.481894 0.840052 4.890201 0.000000 0.000000 0.000000 1.000000
0.960833 0.231567 -0.152238 0.739579 -0.121244 0.845235 0.520459 12.810148 0.249198 -0.481616 0.840206 4.891008 0.000000 0.000000 0.000000 1.000000
0.960832 0.231429 -0.152454 0.740682 -0.121116 0.845467 0.520112 12.811962 0.249264 -0.481276 0.840382 4.891607 0.000000 0.000000 0.000000 1.000000
0.960823 0.231284 -0.152732 0.743372 -0.120952 0.845706 0.519761 12.814024 0.249379 -0.480925 0.840548 4.892038 0.000000 0.000000 0.000000 1.000000
0.960801 0.231216 -0.152971 0.745717 -0.120831 0.845845 0.519563 12.815393 0.249521 -0.480714 0.840627 4.891335 0.000000 0.000000 0.000000 1.000000
0.960781 0.231207 -0.153110 0.745627 -0.120770 0.845888 0.519508 12.815818 0.249628 -0.480643 0.840636 4.889977 0.000000 0.000000 0.000000 1.000000
0.960784 0.231160 -0.153167 0.742930 -0.120727 0.845950 0.519417 12.815874 0.249640 -0.480556 0.840682 4.890299 0.000000 0.000000 0.000000 1.000000
0.960813 0.231014 -0.153201 0.739187 -0.120643 0.846090 0.519209 12.816547 0.249566 -0.480380 0.840804 4.893212 0.000000 0.000000 0.000000 1.000000
0.960856 0.230806 -0.153247 0.735928 -0.120515 0.846269 0.518945 12.817980 0.249463 -0.480163 0.840958 4.897433 0.000000 0.000000 0.000000 1.000000
0.960895 0.230615 -0.153289 0.733591 -0.120407 0.846454 0.518670 12.819241 0.249365 -0.479930 0.841121 4.901478 0.000000 0.000000 0.000000 1.000000
0.960924 0.230486 -0.153299 0.731746 -0.120373 0.846633 0.518385 12.819729 0.249269 -0.479675 0.841295 4.904840 0.000000 0.000000 0.000000 1.000000
0.960950 0.230392 -0.153281 0.729803 -0.120383 0.846805 0.518102 12.820240 0.249166 -0.479418 0.841472 4.907646 0.000000 0.000000 0.000000 1.000000
0.960976 0.230301 -0.153256 0.728088 -0.120390 0.846960 0.517847 12.821660 0.249062 -0.479188 0.841633 4.909840 0.000000 0.000000 0.000000 1.000000
0.960997 0.230232 -0.153225 0.727479 -0.120396 0.847062 0.517678 12.823572 0.248977 -0.479040 0.841743 4.912235 0.000000 0.000000 0.000000 1.000000
0.961003 0.230245 -0.153170 0.728168 -0.120436 0.847060 0.517673 12.824471 0.248936 -0.479038 0.841756 4.915401 0.000000 0.000000 0.000000 1.000000
0.960990 0.230332 -0.153117 0.729903 -0.120514 0.846995 0.517760 12.823502 0.248946 -0.479110 0.841712 4.918186 0.000000 0.000000 0.000000 1.000000
0.960971 0.230409 -0.153121 0.732017 -0.120585 0.846997 0.517741 12.821856 0.248985 -0.479070 0.841723 4.919316 0.000000 0.000000 0.000000 1.000000
0.960958 0.230431 -0.153172 0.733866 -0.120617 0.847072 0.517610 12.821032 0.249021 -0.478927 0.841794 4.918283 0.000000 0.000000 0.000000 1.000000
0.960952 0.230446 -0.153186 0.735011 -0.120633 0.847090 0.517576 12.820756 0.249036 -0.478887 0.841813 4.915268 0.000000 0.000000 0.000000 1.000000
0.960951 0.230491 -0.153125 0.734843 -0.120666 0.847008 0.517704 12.819910 0.249024 -0.479011 0.841745 4.912201 0.000000 0.000000 0.000000 1.000000
0.960955 0.230547 -0.153017 0.733825 -0.120740 0.846935 0.517807 12.818244 0.248974 -0.479113 0.841702 4.910665 0.000000 0.000000 0.000000 1.000000
0.960964 0.230579 -0.152906 0.733331 -0.120851 0.846976 0.517712 12.816582 0.248882 -0.479024 0.841780 4.911354 0.000000 0.000000 0.000000 1.000000
0.960984 0.230559 -0.152814 0.733560 -0.120952 0.847111 0.517469 12.816064 0.248758 -0.478796 0.841946 4.914885 0.000000 0.000000 0.000000 1.000000
0.961012 0.230495 -0.152734 0.733790 -0.121004 0.847247 0.517234 12.816708 0.248623 -0.478587 0.842105 4.919942 0.000000 0.000000 0.000000 1.000000
0.961039 0.230429 -0.152665 0.733949 -0.121038 0.847360 0.517040 12.817159 0.248503 -0.478417 0.842237 4.923808 0.000000 0.000000 0.000000 1.000000
0.961055 0.230385 -0.152633 0.733985 -0.121077 0.847482 0.516831 12.816628 0.248424 -0.478222 0.842371 4.925955 0.000000 0.000000 0.000000 1.000000
0.961060 0.230343 -0.152662 0.733158 -0.121086 0.847605 0.516628 12.816075 0.248399 -0.478026 0.842490 4.927521 0.000000 0.000000 0.000000 1.000000
0.961063 0.230276 -0.152744 0.730962 -0.121025 0.847695 0.516494 12.816699 0.248416 -0.477897 0.842558 4.928794 0.000000 0.000000 0.000000 1.000000
0.961072 0.230182 -0.152827 0.727880 -0.120922 0.847754 0.516422 12.818327 0.248431 -0.477839 0.842586 4.929053 0.000000 0.000000 0.000000 1.000000
0.961086 0.230093 -0.152872 0.725251 -0.120835 0.847796 0.516373 12.819649 0.248418 -0.477807 0.842608 4.928163 0.000000 0.000000 0.000000 1.000000
