<?xml version="1.0" encoding="utf-8"?>
<COLLADA xmlns="http://www.collada.org/2005/11/COLLADASchema" version="1.4.1">
  <asset>
    <contributor>
      <author>Mixamo</author>
      <authoring_tool>COLLADA Mixamo exporter</authoring_tool>
      <comments/>
    </contributor>
    <created>2024-11-02T01:50:05Z</created>
    <modified>2024-11-02T01:50:05Z</modified>
    <revision/>
    <title/>
    <unit meter="0.010000"/>
    <up_axis>Y_UP</up_axis>
  </asset>
  <library_animations>
    <animation id="mixamorig_Hips-anim" name="mixamorig_Hips">
      <source id="mixamorig_Hips-Matrix-animation-input">
        <float_array id="mixamorig_Hips-Matrix-animation-input-array" count="44">

0.000000 0.033333 0.066667 0.100000 0.133333 0.166667 0.200000 0.233333 0.266667 0.300000 0.333333 0.366667 0.400000 0.433333 0.466667 0.500000
0.533333 0.566667 0.600000 0.633333 0.666667 0.700000 0.733333 0.766667 0.800000 0.833333 0.866667 0.900000 0.933333 0.966667 1.000000 1.033333
1.066667 1.100000 1.133333 1.166667 1.200000 1.233333 1.266667 1.300000 1.333333 1.366667 1.400000 1.433333</float_array>
        <technique_common>
          <accessor source="#mixamorig_Hips-Matrix-animation-input-array" count="44">
            <param name="TIME" type="float"/>
          </accessor>
        </technique_common>
      </source>
      <source id="mixamorig_Hips-Matrix-animation-output-transform">
        <float_array id="mixamorig_Hips-Matrix-animation-output-transform-array" count="704">

0.690985 0.001280 -0.722868 -1.245178 0.066168 0.995688 0.065014 88.530006 0.719835 -0.092755 0.687921 1.000307 0.000000 0.000000 0.000000 1.000000
0.727028 0.011981 -0.686503 -2.317584 0.089985 0.989561 0.112567 89.098511 0.680685 -0.143615 0.718361 1.470022 0.000000 0.000000 0.000000 1.000000
0.800444 0.024460 -0.598908 -4.728494 0.124753 0.970489 0.206369 90.729828 0.586282 -0.239903 0.773770 3.742797 0.000000 0.000000 0.000000 1.000000
0.872201 0.012992 -0.488974 -8.046062 0.168431 0.930538 0.325161 93.543732 0.459234 -0.365964 0.809428 7.624454 0.000000 0.000000 0.000000 1.000000
0.889833 -0.003602 -0.456273 -10.269467 0.209690 0.891349 0.401904 96.197647 0.405251 -0.453303 0.793907 10.531948 0.000000 0.000000 0.000000 1.000000
0.862180 -0.001201 -0.506600 -10.744942 0.250060 0.870694 0.423512 97.384872 0.440585 -0.491824 0.750995 11.041885 0.000000 0.000000 0.000000 1.000000
0.827984 -0.004743 -0.560732 -10.718117 0.294270 0.854884 0.427292 97.311020 0.477334 -0.518797 0.709226 10.419095 0.000000 0.000000 0.000000 1.000000
0.804278 -0.019790 -0.593924 -10.743369 0.336181 0.839293 0.427282 96.682121 0.490020 -0.543320 0.681677 9.795079 0.000000 0.000000 0.000000 1.000000
0.778630 -0.034523 -0.626533 -10.403949 0.371888 0.829617 0.416455 95.421677 0.505405 -0.557265 0.658803 8.896452 0.000000 0.000000 0.000000 1.000000
0.744877 -0.046061 -0.665610 -9.527203 0.404340 0.824713 0.395422 93.914772 0.530723 -0.563673 0.632934 7.692150 0.000000 0.000000 0.000000 1.000000
0.708578 -0.062506 -0.702858 -8.248726 0.433175 0.824826 0.363347 92.473282 0.557025 -0.561920 0.611530 6.388782 0.000000 0.000000 0.000000 1.000000
0.668757 -0.086899 -0.738385 -6.679534 0.457202 0.831230 0.316264 91.161293 0.586285 -0.549095 0.595622 5.025298 0.000000 0.000000 0.000000 1.000000
0.623948 -0.112047 -0.773391 -4.854417 0.474140 0.840973 0.260683 89.934128 0.621193 -0.529349 0.577849 3.623147 0.000000 0.000000 0.000000 1.000000
0.576990 -0.133128 -0.805828 -2.899250 0.481793 0.852163 0.204190 88.840721 0.659514 -0.506058 0.555830 2.225797 0.000000 0.000000 0.000000 1.000000
0.533858 -0.157111 -0.830850 -1.090556 0.478296 0.866396 0.143493 87.986328 0.697301 -0.473997 0.537678 0.832894 0.000000 0.000000 0.000000 1.000000
0.503729 -0.188686 -0.843004 0.381983 0.462827 0.882927 0.078937 87.390564 0.729416 -0.429928 0.532085 -0.577263 0.000000 0.000000 0.000000 1.000000
0.491230 -0.217027 -0.843559 1.580598 0.437378 0.898973 0.023415 86.962334 0.753255 -0.380457 0.536525 -2.050561 0.000000 0.000000 0.000000 1.000000
0.490791 -0.231455 -0.839972 2.630749 0.403465 0.914849 -0.016345 86.584587 0.772231 -0.330877 0.542383 -3.669130 0.000000 0.000000 0.000000 1.000000
0.497068 -0.237521 -0.834570 3.548253 0.360199 0.931503 -0.050575 86.211960 0.789418 -0.275472 0.548575 -5.464481 0.000000 0.000000 0.000000 1.000000
0.509530 -0.245233 -0.824766 4.321214 0.309896 0.946503 -0.089979 85.904579 0.802710 -0.209745 0.558269 -7.310576 0.000000 0.000000 0.000000 1.000000
0.522501 -0.251508 -0.814700 4.960789 0.256999 0.957523 -0.130775 85.734543 0.812985 -0.141047 0.564944 -8.930158 0.000000 0.000000 0.000000 1.000000
0.525440 -0.246062 -0.814473 5.418952 0.200996 0.966071 -0.162193 85.655396 0.826749 -0.078484 0.557070 -10.069053 0.000000 0.000000 0.000000 1.000000
0.516168 -0.228212 -0.825524 5.661052 0.141032 0.973338 -0.180893 85.607094 0.844796 -0.023054 0.534591 -10.681568 0.000000 0.000000 0.000000 1.000000
0.502517 -0.206815 -0.839466 5.790316 0.085018 0.978082 -0.190072 85.688507 0.860377 0.024145 0.509086 -10.870441 0.000000 0.000000 0.000000 1.000000
0.490332 -0.185472 -0.851572 5.897839 0.042162 0.980997 -0.189384 85.988304 0.870515 0.056957 0.488834 -10.684950 0.000000 0.000000 0.000000 1.000000
0.476239 -0.160032 -0.864631 5.884140 0.011129 0.984318 -0.176055 86.412361 0.879246 0.074221 0.470551 -10.159309 0.000000 0.000000 0.000000 1.000000
0.458624 -0.131334 -0.878872 5.609155 -0.012902 0.987930 -0.154364 86.775681 0.888537 0.082134 0.451393 -9.434503 0.000000 0.000000 0.000000 1.000000
0.444459 -0.105968 -0.889510 5.094516 -0.027686 0.990879 -0.131879 87.023819 0.895371 0.083242 0.437471 -8.639635 0.000000 0.000000 0.000000 1.000000
0.443140 -0.084297 -0.892480 4.435574 -0.029123 0.993690 -0.108317 87.236076 0.895979 0.073992 0.437889 -7.758108 0.000000 0.000000 0.000000 1.000000
0.458501 -0.061217 -0.886583 3.648956 -0.018928 0.996726 -0.078611 87.522881 0.888492 0.052824 0.455841 -6.738998 0.000000 0.000000 0.000000 1.000000
0.487071 -0.037231 -0.872568 2.731131 -0.002500 0.999027 -0.044023 87.934898 0.873359 0.023624 0.486504 -5.614631 0.000000 0.000000 0.000000 1.000000
0.520209 -0.017148 -0.853867 1.762186 0.015203 0.999826 -0.010817 88.432014 0.853904 -0.007354 0.520379 -4.435258 0.000000 0.000000 0.000000 1.000000
0.549362 -0.002823 -0.835580 0.895567 0.030804 0.999383 0.016877 88.912865 0.835017 -0.035011 0.549110 -3.274436 0.000000 0.000000 0.000000 1.000000
0.571272 0.005264 -0.820744 0.281516 0.042379 0.998456 0.035901 89.252632 0.819666 -0.055292 0.570168 -2.319382 0.000000 0.000000 0.000000 1.000000
0.588829 0.008631 -0.808212 -0.127860 0.050855 0.997566 0.047704 89.457817 0.806656 -0.069190 0.586957 -1.588984 0.000000 0.000000 0.000000 1.000000
0.604965 0.010074 -0.796189 -0.461164 0.058024 0.996704 0.056700 89.610901 0.794135 -0.080500 0.602386 -0.946381 0.000000 0.000000 0.000000 1.000000
0.619767 0.010322 -0.784718 -0.733068 0.063957 0.995923 0.063614 89.712906 0.782175 -0.089614 0.616580 -0.378633 0.000000 0.000000 0.000000 1.000000
0.633271 0.009654 -0.773870 -0.943914 0.068493 0.995300 0.068465 89.751144 0.770893 -0.096362 0.629633 0.099279 0.000000 0.000000 0.000000 1.000000
0.646016 0.008757 -0.763274 -1.121672 0.071921 0.994788 0.072285 89.740334 0.759928 -0.101592 0.642019 0.513662 0.000000 0.000000 0.000000 1.000000
0.657888 0.007893 -0.753074 -1.260381 0.073761 0.994462 0.074861 89.652611 0.749495 -0.104797 0.653663 0.835172 0.000000 0.000000 0.000000 1.000000
0.667605 0.006390 -0.744488 -1.293272 0.072576 0.994642 0.073619 89.401802 0.740970 -0.103181 0.663564 0.947088 0.000000 0.000000 0.000000 1.000000
0.675681 0.004386 -0.737181 -1.258930 0.069834 0.995105 0.069928 89.065514 0.733879 -0.098729 0.672067 0.933693 0.000000 0.000000 0.000000 1.000000
0.683624 0.002736 -0.729829 -1.247055 0.067867 0.995422 0.067303 88.780807 0.726672 -0.095541 0.680308 0.959690 0.000000 0.000000 0.000000 1.000000
0.690985 0.001280 -0.722868 -1.245180 0.066169 0.995688 0.065014 88.529999 0.719835 -0.092755 0.687920 1.000301 0.000000 0.000000 0.000000 1.000000</float_array>
        <technique_common>
          <accessor source="#mixamorig_Hips-Matrix-animation-output-transform-array" count="44" stride="16">
            <param type="float4x4"/>
          </accessor>
        </technique_common>
      </source>
      <source id="mixamorig_Hips-Interpolations">
        <Name_array id="mixamorig_Hips-Interpolations-array" count="44">
 LINEAR LINEAR LINEAR LINEAR LINEAR LINEAR LINEAR LINEAR LINEAR LINEAR LINEAR
LINEAR LINEAR LINEAR LINEAR LINEAR LINEAR LINEAR LINEAR LINEAR LINEAR LINEAR LINEAR
LINEAR LINEAR LINEAR LINEAR LINEAR LINEAR LINEAR LINEAR LINEAR LINEAR LINEAR LINEAR
LINEAR LINEAR LINEAR LINEAR LINEAR LINEAR LINEAR LINEAR LINEAR</Name_array>
        <technique_common>
          <accessor source="#mixamorig_Hips-Interpolations-array" count="44">
            <param type="name"/>
          </accessor>
        </technique_common>
      </source>
      <sampler id="mixamorig_Hips-Matrix-animation-transform">
        <input semantic="INPUT" source="#mixamorig_Hips-Matrix-animation-input"/>
        <input semantic="OUTPUT" source="#mixamorig_Hips-Matrix-animation-output-transform"/>
        <input semantic="INTERPOLATION" source="#mixamorig_Hips-Interpolations"/>
      </sampler>
      <channel source="#mixamorig_Hips-Matrix-animation-transform" target="mixamorig_Hips/matrix"/>
    </animation>
    <animation id="mixamorig_Spine-anim" name="mixamorig_Spine">
      <source id="mixamorig_Spine-Matrix-animation-input">
        <float_array id="mixamorig_Spine-Matrix-animation-input-array" count="44">

0.000000 0.033333 0.066667 0.100000 0.133333 0.166667 0.200000 0.233333 0.266667 0.300000 0.333333 0.366667 0.400000 0.433333 0.466667 0.500000
0.533333 0.566667 0.600000 0.633333 0.666667 0.700000 0.733333 0.766667 0.800000 0.833333 0.866667 0.900000 0.933333 0.966667 1.000000 1.033333
1.066667 1.100000 1.133333 1.166667 1.200000 1.233333 1.266667 1.300000 1.333333 1.366667 1.400000 1.433333</float_array>
        <technique_common>
          <accessor source="#mixamorig_Spine-Matrix-animation-input-array" count="44">
            <param name="TIME" type="float"/>
          </accessor>
        </technique_common>
      </source>
      <source id="mixamorig_Spine-Matrix-animation-output-transform">
        <float_array id="mixamorig_Spine-Matrix-animation-output-transform-array" count="704">

0.991584 0.022490 0.127494 0.004700 -0.009615 0.994869 -0.100718 5.245300 -0.129105 0.098645 0.986712 0.258800 0.000000 0.000000 0.000000 1.000000
0.994632 0.014490 0.102459 0.004700 -0.006068 0.996610 -0.082045 5.245300 -0.103301 0.080983 0.991348 0.258800 0.000000 0.000000 0.000000 1.000000
0.995199 -0.000999 0.097870 0.004700 0.003671 0.999625 -0.027134 5.245300 -0.097807 0.027364 0.994829 0.258800 0.000000 0.000000 0.000000 1.000000
0.992025 -0.017359 0.124844 0.004700 0.009961 0.998170 0.059640 5.245300 -0.125651 -0.057921 0.990382 0.258800 0.000000 0.000000 0.000000 1.000000
0.988156 -0.027960 0.150884 0.004700 0.008699 0.991886 0.126836 5.245300 -0.153206 -0.124021 0.980381 0.258800 0.000000 0.000000 0.000000 1.000000
0.988285 -0.039144 0.147514 0.004700 0.016637 0.988421 0.150823 5.245300 -0.151710 -0.146602 0.977493 0.258800 0.000000 0.000000 0.000000 1.000000
0.990275 -0.057110 0.126865 0.004700 0.036729 0.986830 0.157534 5.245300 -0.134191 -0.151342 0.979331 0.258800 0.000000 0.000000 0.000000 1.000000
0.990402 -0.080138 0.112617 0.004700 0.061094 0.984666 0.163402 5.245300 -0.123985 -0.154953 0.980111 0.258800 0.000000 0.000000 0.000000 1.000000
0.988096 -0.103545 0.113774 0.004700 0.084879 0.983759 0.158160 5.245300 -0.128303 -0.146621 0.980837 0.258800 0.000000 0.000000 0.000000 1.000000
0.984908 -0.126081 0.118572 0.004700 0.109554 0.984513 0.136866 5.245300 -0.133991 -0.121810 0.983468 0.258800 0.000000 0.000000 0.000000 1.000000
0.982011 -0.146521 0.119106 0.004700 0.133914 0.985116 0.107764 5.245300 -0.133123 -0.089876 0.987016 0.258800 0.000000 0.000000 0.000000 1.000000
0.979636 -0.163444 0.116613 0.004700 0.154990 0.984810 0.078272 5.245300 -0.127634 -0.058604 0.990088 0.258800 0.000000 0.000000 0.000000 1.000000
0.977470 -0.176215 0.116196 0.004700 0.172126 0.984073 0.044408 5.245300 -0.122171 -0.023407 0.992233 0.258800 0.000000 0.000000 0.000000 1.000000
0.975700 -0.183937 0.119062 0.004700 0.184770 0.982773 0.004095 5.245300 -0.117764 0.018004 0.992878 0.258800 0.000000 0.000000 0.000000 1.000000
0.974771 -0.187356 0.121323 0.004700 0.192423 0.980810 -0.031382 5.245300 -0.113116 0.053936 0.992117 0.258800 0.000000 0.000000 0.000000 1.000000
0.975007 -0.188086 0.118255 0.004700 0.195538 0.979162 -0.054836 5.245300 -0.105477 0.076589 0.991468 0.258800 0.000000 0.000000 0.000000 1.000000
0.976645 -0.184947 0.109356 0.004700 0.193866 0.977969 -0.077417 5.245300 -0.092629 0.096809 0.990983 0.258800 0.000000 0.000000 0.000000 1.000000
0.979376 -0.176223 0.098832 0.004700 0.186787 0.976179 -0.110383 5.245300 -0.077026 0.126567 0.988963 0.258800 0.000000 0.000000 0.000000 1.000000
0.982507 -0.163351 0.089420 0.004700 0.175248 0.973447 -0.147270 5.245300 -0.062989 0.160364 0.985046 0.258800 0.000000 0.000000 0.000000 1.000000
0.985865 -0.147592 0.079290 0.004700 0.159585 0.971342 -0.176148 5.245300 -0.051019 0.186312 0.981165 0.258800 0.000000 0.000000 0.000000 1.000000
0.989632 -0.127085 0.066917 0.004700 0.137919 0.970896 -0.195805 5.245300 -0.040086 0.203004 0.978357 0.258800 0.000000 0.000000 0.000000 1.000000
0.993529 -0.100621 0.052684 0.004700 0.109526 0.971580 -0.209850 5.245300 -0.030072 0.214263 0.976313 0.258800 0.000000 0.000000 0.000000 1.000000
0.996837 -0.071203 0.035311 0.004700 0.077191 0.973167 -0.216767 5.245300 -0.018929 0.218807 0.975584 0.258800 0.000000 0.000000 0.000000 1.000000
0.998940 -0.043428 0.015291 0.004700 0.045703 0.975524 -0.215089 5.245300 -0.005576 0.215560 0.976475 0.258800 0.000000 0.000000 0.000000 1.000000
0.999812 -0.019369 0.000932 0.004700 0.019135 0.977685 -0.209203 5.245300 0.003141 0.209181 0.977872 0.258800 0.000000 0.000000 0.000000 1.000000
0.999998 0.001971 0.000142 0.004700 -0.001902 0.979469 -0.201585 5.245300 -0.000536 0.201585 0.979471 0.258800 0.000000 0.000000 0.000000 1.000000
0.999698 0.021832 0.011256 0.004700 -0.019325 0.981938 -0.188212 5.245300 -0.015162 0.187937 0.982064 0.258800 0.000000 0.000000 0.000000 1.000000
0.998860 0.039315 0.027062 0.004700 -0.034243 0.985283 -0.167464 5.245300 -0.033248 0.166346 0.985507 0.258800 0.000000 0.000000 0.000000 1.000000
0.997731 0.051832 0.042979 0.004700 -0.045045 0.988241 -0.146116 5.245300 -0.050047 0.143849 0.988333 0.258800 0.000000 0.000000 0.000000 1.000000
0.996717 0.058423 0.056046 0.004700 -0.050659 0.990068 -0.131142 5.245300 -0.063151 0.127873 0.989778 0.258800 0.000000 0.000000 0.000000 1.000000
0.996147 0.060997 0.063016 0.004700 -0.053013 0.991186 -0.121409 5.245300 -0.069866 0.117600 0.990600 0.258800 0.000000 0.000000 0.000000 1.000000
0.996041 0.061043 0.064622 0.004700 -0.053538 0.992253 -0.112106 5.245300 -0.070965 0.108202 0.991593 0.258800 0.000000 0.000000 0.000000 1.000000
0.996108 0.058479 0.065943 0.004700 -0.051495 0.993343 -0.103046 5.245300 -0.071530 0.099249 0.992488 0.258800 0.000000 0.000000 0.000000 1.000000
0.996094 0.054219 0.069693 0.004700 -0.047303 0.994129 -0.097317 5.245300 -0.074560 0.093640 0.992810 0.258800 0.000000 0.000000 0.000000 1.000000
0.995979 0.049615 0.074599 0.004700 -0.042471 0.994621 -0.094472 5.245300 -0.078885 0.090924 0.992729 0.258800 0.000000 0.000000 0.000000 1.000000
0.995801 0.044914 0.079773 0.004700 -0.037464 0.995003 -0.092545 5.245300 -0.083531 0.089168 0.992508 0.258800 0.000000 0.000000 0.000000 1.000000
0.995542 0.040218 0.085312 0.004700 -0.032376 0.995289 -0.091390 5.245300 -0.088585 0.088220 0.992154 0.258800 0.000000 0.000000 0.000000 1.000000
0.995195 0.035790 0.091136 0.004700 -0.027465 0.995471 -0.091015 5.245300 -0.093981 0.088075 0.991670 0.258800 0.000000 0.000000 0.000000 1.000000
0.994771 0.031749 0.097071 0.004700 -0.022892 0.995585 -0.091032 5.245300 -0.099533 0.088334 0.991106 0.258800 0.000000 0.000000 0.000000 1.000000
0.994260 0.028465 0.103135 0.004700 -0.019006 0.995618 -0.091560 5.245300 -0.105289 0.089074 0.990444 0.258800 0.000000 0.000000 0.000000 1.000000
0.993614 0.026588 0.109654 0.004700 -0.016312 0.995480 -0.093562 5.245300 -0.111646 0.091176 0.989557 0.258800 0.000000 0.000000 0.000000 1.000000
0.992932 0.025133 0.115991 0.004700 -0.013933 0.995247 -0.096378 5.245300 -0.117862 0.094081 0.988563 0.258800 0.000000 0.000000 0.000000 1.000000
0.992250 0.023761 0.121964 0.004700 -0.011704 0.995054 -0.098642 5.245300 -0.123704 0.096450 0.987621 0.258800 0.000000 0.000000 0.000000 1.000000
0.991584 0.022490 0.127494 0.004700 -0.009615 0.994869 -0.100718 5.245300 -0.129105 0.098645 0.986712 0.258800 0.000000 0.000000 0.000000 1.000000</float_array>
        <technique_common>
          <accessor source="#mixamorig_Spine-Matrix-animation-output-transform-array" count="44" stride="16">
            <param type="float4x4"/>
          </accessor>
        </technique_common>
      </source>
      <source id="mixamorig_Spine-Interpolations">
        <Name_array id="mixamorig_Spine-Interpolations-array" count="44">
 LINEAR LINEAR LINEAR LINEAR LINEAR LINEAR LINEAR LINEAR LINEAR LINEAR LINEAR
LINEAR LINEAR LINEAR LINEAR LINEAR LINEAR LINEAR LINEAR LINEAR LINEAR LINEAR LINEAR
LINEAR LINEAR LINEAR LINEAR LINEAR LINEAR LINEAR LINEAR LINEAR LINEAR LINEAR LINEAR
LINEAR LINEAR LINEAR LINEAR LINEAR LINEAR LINEAR LINEAR LINEAR</Name_array>
        <technique_common>
          <accessor source="#mixamorig_Spine-Interpolations-array" count="44">
            <param type="name"/>
          </accessor>
        </technique_common>
      </source>
      <sampler id="mixamorig_Spine-Matrix-animation-transform">
        <input semantic="INPUT" source="#mixamorig_Spine-Matrix-animation-input"/>
        <input semantic="OUTPUT" source="#mixamorig_Spine-Matrix-animation-output-transform"/>
        <input semantic="INTERPOLATION" source="#mixamorig_Spine-Interpolations"/>
      </sampler>
      <channel source="#mixamorig_Spine-Matrix-animation-transform" target="mixamorig_Spine/matrix"/>
    </animation>
    <animation id="mixamorig_Spine1-anim" name="mixamorig_Spine1">
      <source id="mixamorig_Spine1-Matrix-animation-input">
        <float_array id="mixamorig_Spine1-Matrix-animation-input-array" count="44">

0.000000 0.033333 0.066667 0.100000 0.133333 0.166667 0.200000 0.233333 0.266667 0.300000 0.333333 0.366667 0.400000 0.433333 0.466667 0.500000
0.533333 0.566667 0.600000 0.633333 0.666667 0.700000 0.733333 0.766667 0.800000 0.833333 0.866667 0.900000 0.933333 0.966667 1.000000 1.033333
1.066667 1.100000 1.133333 1.166667 1.200000 1.233333 1.266667 1.300000 1.333333 1.366667 1.400000 1.433333</float_array>
        <technique_common>
          <accessor source="#mixamorig_Spine1-Matrix-animation-input-array" count="44">
            <param name="TIME" type="float"/>
          </accessor>
        </technique_common>
      </source>
      <source id="mixamorig_Spine1-Matrix-animation-output-transform">
        <float_array id="mixamorig_Spine1-Matrix-animation-output-transform-array" count="704">

0.999723 0.013526 0.019256 0.000000 -0.014152 0.999364 0.032738 11.066900 -0.018801 -0.033001 0.999278 -0.000000 0.000000 0.000000 0.000000 1.000000
0.999721 0.018433 0.014758 0.000000 -0.018555 0.999794 0.008199 11.066900 -0.014604 -0.008471 0.999857 0.000000 0.000000 0.000000 0.000000 1.000000
0.999465 0.019155 0.026528 0.000000 -0.019225 0.999812 0.002401 11.066900 -0.026477 -0.002910 0.999645 -0.000000 0.000000 0.000000 0.000000 1.000000
0.997746 0.023001 0.063042 0.000000 -0.024183 0.999545 0.018053 11.066900 -0.062599 -0.019537 0.997848 0.000000 0.000000 0.000000 0.000000 1.000000
0.994330 0.034340 0.100642 -0.000000 -0.037037 0.999000 0.025050 11.066900 -0.099681 -0.028635 0.994607 0.000000 0.000000 0.000000 0.000000 1.000000
0.992603 0.041115 0.114229 0.000000 -0.042429 0.999058 0.009091 11.066900 -0.113748 -0.013871 0.993413 0.000000 0.000000 0.000000 0.000000 1.000000
0.993280 0.034015 0.110624 0.000000 -0.033133 0.999403 -0.009802 11.066900 -0.110891 0.006071 0.993814 0.000000 0.000000 0.000000 0.000000 1.000000
0.994046 0.018960 0.107303 -0.000000 -0.017079 0.999684 -0.018420 11.066900 -0.107619 0.016478 0.994056 -0.000000 0.000000 0.000000 0.000000 1.000000
0.994036 0.002222 0.109027 -0.000000 0.000404 0.999710 -0.024064 11.066900 -0.109049 0.023964 0.993747 -0.000000 0.000000 0.000000 0.000000 1.000000
0.993546 -0.013157 0.112666 0.000000 0.017814 0.999024 -0.040425 11.066900 -0.112024 0.042171 0.992810 0.000000 0.000000 0.000000 0.000000 1.000000
0.993138 -0.026643 0.113871 0.000000 0.033951 0.997453 -0.062729 11.066900 -0.111909 0.066164 0.991513 0.000000 0.000000 0.000000 0.000000 1.000000
0.992955 -0.036286 0.112799 0.000000 0.045978 0.995358 -0.084544 11.066900 -0.109208 0.089135 0.990014 0.000000 0.000000 0.000000 0.000000 1.000000
0.992774 -0.042621 0.112178 0.000000 0.054690 0.992775 -0.106802 11.066900 -0.106816 0.112166 0.987932 0.000000 0.000000 0.000000 0.000000 1.000000
0.992462 -0.047738 0.112868 -0.000000 0.062432 0.989485 -0.130468 11.066900 -0.105453 0.136531 0.985007 0.000000 0.000000 0.000000 0.000000 1.000000
0.992252 -0.051838 0.112913 0.000000 0.068544 0.986382 -0.149504 11.066900 -0.103626 0.156085 0.982293 0.000000 0.000000 0.000000 0.000000 1.000000
0.992494 -0.054171 0.109643 -0.000000 0.071435 0.984491 -0.160234 11.066900 -0.099263 0.166864 0.980971 -0.000000 0.000000 0.000000 0.000000 1.000000
0.993212 -0.054709 0.102648 -0.000000 0.071736 0.982774 -0.170318 11.066900 -0.091562 0.176525 0.980028 -0.000000 0.000000 0.000000 0.000000 1.000000
0.994076 -0.053390 0.094666 0.000000 0.070528 0.979612 -0.188114 11.066900 -0.082693 0.193677 0.977574 0.000000 0.000000 0.000000 0.000000 1.000000
0.994902 -0.049603 0.087806 0.000000 0.067199 0.975292 -0.210453 11.066900 -0.075197 0.215280 0.973653 0.000000 0.000000 0.000000 0.000000 1.000000
0.995808 -0.042336 0.081077 0.000000 0.059996 0.971427 -0.229631 11.066900 -0.069039 0.233533 0.969895 -0.000000 0.000000 0.000000 0.000000 1.000000
0.996853 -0.030838 0.073022 0.000000 0.047806 0.968719 -0.243511 11.066900 -0.063229 0.246236 0.967145 0.000000 0.000000 0.000000 0.000000 1.000000
0.997883 -0.016268 0.062967 0.000000 0.031660 0.967248 -0.251853 11.066900 -0.056807 0.253313 0.965715 0.000000 0.000000 0.000000 0.000000 1.000000
0.998754 -0.001003 0.049901 0.000000 0.013599 0.967437 -0.252748 11.066900 -0.048023 0.253111 0.966244 0.000000 0.000000 0.000000 0.000000 1.000000
0.999281 0.014295 0.035103 0.000000 -0.005149 0.968762 -0.247938 11.066900 -0.037551 0.247579 0.968140 0.000000 0.000000 0.000000 0.000000 1.000000
0.999259 0.029840 0.024312 -0.000000 -0.023083 0.970036 -0.241864 11.066900 -0.030801 0.241124 0.970005 0.000000 0.000000 0.000000 0.000000 1.000000
0.998754 0.044550 0.022499 -0.000000 -0.038039 0.971318 -0.234722 11.066900 -0.032310 0.233573 0.971802 0.000000 0.000000 0.000000 0.000000 1.000000
0.998017 0.056439 0.027869 0.000000 -0.048925 0.974115 -0.220694 11.066900 -0.039603 0.218893 0.974945 0.000000 0.000000 0.000000 0.000000 1.000000
0.997255 0.064999 0.035467 0.000000 -0.056721 0.978485 -0.198369 11.066900 -0.047598 0.195813 0.979485 0.000000 0.000000 0.000000 0.000000 1.000000
0.996606 0.070467 0.042546 0.000000 -0.062033 0.982698 -0.174520 11.066900 -0.054108 0.171288 0.983734 0.000000 0.000000 0.000000 0.000000 1.000000
0.996213 0.072956 0.047303 0.000000 -0.064814 0.985736 -0.155319 11.066900 -0.057960 0.151665 0.986731 0.000000 0.000000 0.000000 0.000000 1.000000
0.996183 0.073200 0.047561 0.000000 -0.065915 0.987964 -0.139939 11.066900 -0.057233 0.136270 0.989017 0.000000 0.000000 0.000000 0.000000 1.000000
0.996464 0.071693 0.043811 0.000000 -0.065744 0.990007 -0.124753 11.066900 -0.052317 0.121432 0.991220 0.000000 0.000000 0.000000 0.000000 1.000000
0.996891 0.068193 0.039469 0.000000 -0.063539 0.991998 -0.109097 11.066900 -0.046593 0.106250 0.993247 0.000000 0.000000 0.000000 0.000000 1.000000
0.997329 0.063280 0.036467 0.000000 -0.059607 0.993762 -0.094260 11.066900 -0.042204 0.091835 0.994880 0.000000 0.000000 0.000000 0.000000 1.000000
0.997737 0.057966 0.034069 -0.000000 -0.055088 0.995265 -0.080078 11.066900 -0.038550 0.078020 0.996206 0.000000 0.000000 0.000000 0.000000 1.000000
0.998116 0.052516 0.031718 -0.000000 -0.050339 0.996554 -0.065919 11.066900 -0.035070 0.064198 0.997321 0.000000 0.000000 0.000000 0.000000 1.000000
0.998461 0.046960 0.029515 -0.000000 -0.045387 0.997621 -0.051895 11.066900 -0.031882 0.050475 0.998216 -0.000000 0.000000 0.000000 0.000000 1.000000
0.998764 0.041430 0.027470 0.000000 -0.040368 0.998457 -0.038141 11.066900 -0.029007 0.036985 0.998895 -0.000000 0.000000 0.000000 0.000000 1.000000
0.999025 0.036026 0.025526 -0.000000 -0.035398 0.999069 -0.024653 11.066900 -0.026390 0.023726 0.999370 0.000000 0.000000 0.000000 0.000000 1.000000
0.999241 0.030878 0.023760 0.000000 -0.030610 0.999464 -0.011590 11.066900 -0.024105 0.010854 0.999651 0.000000 0.000000 0.000000 0.000000 1.000000
0.999402 0.026195 0.022550 -0.000000 -0.026212 0.999656 0.000442 11.066900 -0.022531 -0.001033 0.999746 0.000000 0.000000 0.000000 0.000000 1.000000
0.999536 0.021705 0.021386 0.000000 -0.021964 0.999688 0.011930 11.066900 -0.021121 -0.012395 0.999700 0.000000 0.000000 0.000000 0.000000 1.000000
0.999642 0.017464 0.020283 0.000000 -0.017924 0.999581 0.022741 11.066900 -0.019878 -0.023096 0.999536 -0.000000 0.000000 0.000000 0.000000 1.000000
0.999723 0.013526 0.019256 0.000000 -0.014152 0.999364 0.032738 11.066900 -0.018801 -0.033001 0.999278 -0.000000 0.000000 0.000000 0.000000 1.000000</float_array>
        <technique_common>
          <accessor source="#mixamorig_Spine1-Matrix-animation-output-transform-array" count="44" stride="16">
            <param type="float4x4"/>
          </accessor>
        </technique_common>
      </source>
      <source id="mixamorig_Spine1-Interpolations">
        <Name_array id="mixamorig_Spine1-Interpolations-array" count="44">
 LINEAR LINEAR LINEAR LINEAR LINEAR LINEAR LINEAR LINEAR LINEAR LINEAR LINEAR
LINEAR LINEAR LINEAR LINEAR LINEAR LINEAR LINEAR LINEAR LINEAR LINEAR LINEAR LINEAR
LINEAR LINEAR LINEAR LINEAR LINEAR LINEAR LINEAR LINEAR LINEAR LINEAR LINEAR LINEAR
LINEAR LINEAR LINEAR LINEAR LINEAR LINEAR LINEAR LINEAR LINEAR</Name_array>
        <technique_common>
          <accessor source="#mixamorig_Spine1-Interpolations-array" count="44">
            <param type="name"/>
          </accessor>
        </technique_common>
      </source>
      <sampler id="mixamorig_Spine1-Matrix-animation-transform">
        <input semantic="INPUT" source="#mixamorig_Spine1-Matrix-animation-input"/>
        <input semantic="OUTPUT" source="#mixamorig_Spine1-Matrix-animation-output-transform"/>
        <input semantic="INTERPOLATION" source="#mixamorig_Spine1-Interpolations"/>
      </sampler>
      <channel source="#mixamorig_Spine1-Matrix-animation-transform" target="mixamorig_Spine1/matrix"/>
    </animation>
    <animation id="mixamorig_Spine2-anim" name="mixamorig_Spine2">
      <source id="mixamorig_Spine2-Matrix-animation-input">
        <float_array id="mixamorig_Spine2-Matrix-animation-input-array" count="44">

0.000000 0.033333 0.066667 0.100000 0.133333 0.166667 0.200000 0.233333 0.266667 0.300000 0.333333 0.366667 0.400000 0.433333 0.466667 0.500000
0.533333 0.566667 0.600000 0.633333 0.666667 0.700000 0.733333 0.766667 0.800000 0.833333 0.866667 0.900000 0.933333 0.966667 1.000000 1.033333
1.066667 1.100000 1.133333 1.166667 1.200000 1.233333 1.266667 1.300000 1.333333 1.366667 1.400000 1.433333</float_array>
        <technique_common>
          <accessor source="#mixamorig_Spine2-Matrix-animation-input-array" count="44">
            <param name="TIME" type="float"/>
          </accessor>
        </technique_common>
      </source>
      <source id="mixamorig_Spine2-Matrix-animation-output-transform">
        <float_array id="mixamorig_Spine2-Matrix-animation-output-transform-array" count="704">

0.999731 0.015603 0.017152 0.000000 -0.012431 0.985094 -0.171567 8.141900 -0.019573 0.171308 0.985023 0.000000 0.000000 0.000000 0.000000 1.000000
0.999734 0.019876 0.011707 -0.000000 -0.017201 0.980502 -0.195753 8.141900 -0.015370 0.195499 0.980583 0.000000 0.000000 0.000000 0.000000 1.000000
0.999499 0.021887 0.022867 0.000000 -0.016837 0.979353 -0.201457 8.141900 -0.026804 0.200971 0.979230 0.000000 0.000000 0.000000 0.000000 1.000000
0.997852 0.029934 0.058277 0.000000 -0.018617 0.982404 -0.185838 8.141900 -0.062814 0.184354 0.980851 -0.000000 0.000000 0.000000 0.000000 1.000000
0.994525 0.045653 0.094005 0.000000 -0.028280 0.983542 -0.178454 8.141900 -0.100604 0.174818 0.979447 0.000000 0.000000 0.000000 0.000000 1.000000
0.992829 0.054130 0.106582 0.000000 -0.032634 0.980465 -0.193966 8.141900 -0.115000 0.189097 0.975201 0.000000 0.000000 0.000000 0.000000 1.000000
0.993489 0.046821 0.103863 0.000000 -0.023795 0.976821 -0.212733 8.141900 -0.111416 0.208876 0.971575 0.000000 0.000000 0.000000 0.000000 1.000000
0.994248 0.031482 0.102376 0.000000 -0.008078 0.975145 -0.221422 8.141900 -0.106802 0.219321 0.969789 0.000000 0.000000 0.000000 0.000000 1.000000
0.994254 0.014879 0.106003 0.000000 0.009629 0.973844 -0.227014 8.141900 -0.106608 0.226730 0.968105 0.000000 0.000000 0.000000 0.000000 1.000000
0.993785 -0.000147 0.111318 0.000000 0.027356 0.969657 -0.242933 8.141900 -0.107905 0.244468 0.963635 0.000000 0.000000 0.000000 0.000000 1.000000
0.993391 -0.013506 0.113979 0.000000 0.043462 0.963368 -0.264638 8.141900 -0.106229 0.267843 0.957588 0.000000 0.000000 0.000000 0.000000 1.000000
0.993231 -0.023331 0.113785 0.000000 0.055232 0.956648 -0.285962 8.141900 -0.102180 0.290311 0.951461 0.000000 0.000000 0.000000 0.000000 1.000000
0.993085 -0.029801 0.113554 0.000000 0.063673 0.949349 -0.307705 8.141900 -0.098633 0.312807 0.944681 0.000000 0.000000 0.000000 0.000000 1.000000
0.992815 -0.034729 0.114506 -0.000000 0.071053 0.941080 -0.330634 8.141900 -0.096277 0.336395 0.936787 0.000000 0.000000 0.000000 0.000000 1.000000
0.992632 -0.038509 0.114882 0.000000 0.076625 0.933986 -0.348997 8.141900 -0.093858 0.355229 0.930056 -0.000000 0.000000 0.000000 0.000000 1.000000
0.992869 -0.040808 0.112007 -0.000000 0.078757 0.929876 -0.359343 8.141900 -0.089489 0.365602 0.926459 0.000000 0.000000 0.000000 0.000000 1.000000
0.993548 -0.041748 0.105447 0.000000 0.078065 0.926202 -0.368857 8.141900 -0.082266 0.374709 0.923485 0.000000 0.000000 0.000000 0.000000 1.000000
0.994363 -0.040979 0.097790 0.000000 0.075804 0.919616 -0.385434 8.141900 -0.074135 0.390674 0.917539 0.000000 0.000000 0.000000 0.000000 1.000000
0.995140 -0.037658 0.090989 0.000000 0.071610 0.910994 -0.406156 8.141900 -0.067595 0.410698 0.909263 0.000000 0.000000 0.000000 0.000000 1.000000
0.995989 -0.030958 0.083944 -0.000000 0.063805 0.903487 -0.423841 8.141900 -0.062721 0.427497 0.901838 0.000000 0.000000 0.000000 0.000000 1.000000
0.996973 -0.020366 0.075039 0.000000 0.051207 0.898223 -0.436547 8.141900 -0.058511 0.439068 0.896547 0.000000 0.000000 0.000000 0.000000 1.000000
0.997946 -0.007116 0.063667 -0.000000 0.034719 0.895292 -0.444125 8.141900 -0.053840 0.445423 0.893700 0.000000 0.000000 0.000000 0.000000 1.000000
0.998772 0.006312 0.049135 0.000000 0.016225 0.895462 -0.444842 8.141900 -0.046806 0.445093 0.894260 -0.000000 0.000000 0.000000 0.000000 1.000000
0.999273 0.019452 0.032791 0.000000 -0.003030 0.897850 -0.440291 8.141900 -0.038006 0.439872 0.897256 0.000000 0.000000 0.000000 0.000000 1.000000
0.999236 0.033394 0.020310 0.000000 -0.021258 0.900397 -0.434549 8.141900 -0.032798 0.433785 0.900419 -0.000000 0.000000 0.000000 0.000000 1.000000
0.998713 0.047839 0.016837 -0.000000 -0.036051 0.903174 -0.427759 8.141900 -0.035671 0.426602 0.903736 0.000000 0.000000 0.000000 0.000000 1.000000
0.997950 0.060512 0.020854 -0.000000 -0.046450 0.908875 -0.414474 8.141900 -0.044034 0.412655 0.909822 0.000000 0.000000 0.000000 0.000000 1.000000
0.997164 0.070101 0.027398 0.000000 -0.053717 0.917826 -0.393332 8.141900 -0.052719 0.390745 0.918988 -0.000000 0.000000 0.000000 0.000000 1.000000
0.996506 0.076433 0.033668 -0.000000 -0.058572 0.926913 -0.370677 8.141900 -0.059539 0.367410 0.928152 0.000000 0.000000 0.000000 0.000000 1.000000
0.996119 0.079426 0.037935 0.000000 -0.061040 0.933855 -0.352405 8.141900 -0.063416 0.348722 0.935078 0.000000 0.000000 0.000000 0.000000 1.000000
0.996106 0.079535 0.038031 -0.000000 -0.062091 0.939166 -0.337804 8.141900 -0.062585 0.334127 0.940448 0.000000 0.000000 0.000000 0.000000 1.000000
0.996413 0.077325 0.034389 -0.000000 -0.062112 0.944214 -0.323421 8.141900 -0.057479 0.320125 0.945630 0.000000 0.000000 0.000000 0.000000 1.000000
0.996864 0.073057 0.030411 0.000000 -0.060157 0.949293 -0.308584 8.141900 -0.051413 0.305786 0.950711 -0.000000 0.000000 0.000000 0.000000 1.000000
0.997319 0.067628 0.027961 0.000000 -0.056434 0.953990 -0.294480 8.141900 -0.046590 0.292112 0.955249 0.000000 0.000000 0.000000 0.000000 1.000000
0.997736 0.061943 0.026204 -0.000000 -0.052116 0.958308 -0.280943 8.141900 -0.042514 0.278941 0.959367 -0.000000 0.000000 0.000000 0.000000 1.000000
0.998121 0.056149 0.024530 0.000000 -0.047570 0.962417 -0.267376 8.141900 -0.038621 0.265707 0.963280 0.000000 0.000000 0.000000 0.000000 1.000000
0.998469 0.050287 0.023027 0.000000 -0.042810 0.966284 -0.253894 8.141900 -0.035018 0.252520 0.966958 0.000000 0.000000 0.000000 0.000000 1.000000
0.998775 0.044483 0.021689 0.000000 -0.037970 0.969874 -0.240628 8.141900 -0.031739 0.239510 0.970375 0.000000 0.000000 0.000000 0.000000 1.000000
0.999037 0.038823 0.020440 0.000000 -0.033162 0.973195 -0.227577 8.141900 -0.028728 0.226680 0.973546 -0.000000 0.000000 0.000000 0.000000 1.000000
0.999252 0.033500 0.019332 0.000000 -0.028571 0.976218 -0.214899 8.141900 -0.026071 0.214186 0.976445 -0.000000 0.000000 0.000000 0.000000 1.000000
0.999413 0.028671 0.018749 0.000000 -0.024269 0.978841 -0.203178 8.141900 -0.024178 0.202603 0.978962 0.000000 0.000000 0.000000 0.000000 1.000000
0.999546 0.024040 0.018187 -0.000000 -0.020106 0.981197 -0.191957 8.141900 -0.022459 0.191504 0.981235 0.000000 0.000000 0.000000 0.000000 1.000000
0.999651 0.019665 0.017652 0.000000 -0.016140 0.983282 -0.181375 8.141900 -0.020923 0.181027 0.983256 0.000000 0.000000 0.000000 0.000000 1.000000
0.999731 0.015603 0.017152 0.000000 -0.012431 0.985094 -0.171567 8.141900 -0.019573 0.171308 0.985023 0.000000 0.000000 0.000000 0.000000 1.000000</float_array>
        <technique_common>
          <accessor source="#mixamorig_Spine2-Matrix-animation-output-transform-array" count="44" stride="16">
            <param type="float4x4"/>
          </accessor>
        </technique_common>
      </source>
      <source id="mixamorig_Spine2-Interpolations">
        <Name_array id="mixamorig_Spine2-Interpolations-array" count="44">
 LINEAR LINEAR LINEAR LINEAR LINEAR LINEAR LINEAR LINEAR LINEAR LINEAR LINEAR
LINEAR LINEAR LINEAR LINEAR LINEAR LINEAR LINEAR LINEAR LINEAR LINEAR LINEAR LINEAR
LINEAR LINEAR LINEAR LINEAR LINEAR LINEAR LINEAR LINEAR LINEAR LINEAR LINEAR LINEAR
LINEAR LINEAR LINEAR LINEAR LINEAR LINEAR LINEAR LINEAR LINEAR</Name_array>
        <technique_common>
          <accessor source="#mixamorig_Spine2-Interpolations-array" count="44">
            <param type="name"/>
          </accessor>
        </technique_common>
      </source>
      <sampler id="mixamorig_Spine2-Matrix-animation-transform">
        <input semantic="INPUT" source="#mixamorig_Spine2-Matrix-animation-input"/>
        <input semantic="OUTPUT" source="#mixamorig_Spine2-Matrix-animation-output-transform"/>
        <input semantic="INTERPOLATION" source="#mixamorig_Spine2-Interpolations"/>
      </sampler>
      <channel source="#mixamorig_Spine2-Matrix-animation-transform" target="mixamorig_Spine2/matrix"/>
    </animation>
    <animation id="mixamorig_Neck-anim" name="mixamorig_Neck">
      <source id="mixamorig_Neck-Matrix-animation-input">
        <float_array id="mixamorig_Neck-Matrix-animation-input-array" count="44">

0.000000 0.033333 0.066667 0.100000 0.133333 0.166667 0.200000 0.233333 0.266667 0.300000 0.333333 0.366667 0.400000 0.433333 0.466667 0.500000
0.533333 0.566667 0.600000 0.633333 0.666667 0.700000 0.733333 0.766667 0.800000 0.833333 0.866667 0.900000 0.933333 0.966667 1.000000 1.033333
1.066667 1.100000 1.133333 1.166667 1.200000 1.233333 1.266667 1.300000 1.333333 1.366667 1.400000 1.433333</float_array>
        <technique_common>
          <accessor source="#mixamorig_Neck-Matrix-animation-input-array" count="44">
            <param name="TIME" type="float"/>
          </accessor>
        </technique_common>
      </source>
      <source id="mixamorig_Neck-Matrix-animation-output-transform">
        <float_array id="mixamorig_Neck-Matrix-animation-output-transform-array" count="704">

0.970444 -0.077035 0.228700 -0.112200 0.079469 0.996836 -0.001438 18.919500 -0.227866 0.019570 0.973496 -3.736100 0.000000 0.000000 0.000000 1.000000
0.979304 -0.053636 0.195157 -0.112200 0.057155 0.998288 -0.012443 18.919500 -0.194155 0.023340 0.980693 -3.736100 0.000000 0.000000 0.000000 1.000000
0.988547 -0.012814 0.150368 -0.112200 0.013433 0.999905 -0.003103 18.919500 -0.150314 0.005087 0.988625 -3.736100 0.000000 0.000000 0.000000 1.000000
0.994895 0.025367 0.097677 -0.112200 -0.031374 0.997677 0.060464 18.919500 -0.095916 -0.063220 0.993380 -3.736100 0.000000 0.000000 0.000000 1.000000
0.998548 0.026170 0.047093 -0.112200 -0.033021 0.987959 0.151150 18.919500 -0.042570 -0.152486 0.987388 -3.736100 0.000000 0.000000 0.000000 1.000000
0.999991 -0.002314 0.003631 -0.112200 0.001466 0.975872 0.218338 18.919500 -0.004049 -0.218331 0.975866 -3.736100 0.000000 0.000000 0.000000 1.000000
0.999186 -0.020937 -0.034493 -0.112200 0.029032 0.966713 0.254211 18.919500 0.028023 -0.255006 0.966533 -3.736100 0.000000 0.000000 0.000000 1.000000
0.997776 -0.018088 -0.064162 -0.112200 0.034547 0.963455 0.265634 18.919500 0.057013 -0.267260 0.961936 -3.736100 0.000000 0.000000 0.000000 1.000000
0.996957 -0.007849 -0.077553 -0.112200 0.027359 0.966857 0.253848 18.919500 0.072990 -0.255198 0.964130 -3.736100 0.000000 0.000000 0.000000 1.000000
0.996748 0.001492 -0.080563 -0.112200 0.017012 0.973393 0.228508 18.919500 0.078760 -0.229135 0.970203 -3.736100 0.000000 0.000000 0.000000 1.000000
0.996824 0.002716 -0.079589 -0.112200 0.013404 0.979439 0.201295 18.919500 0.078499 -0.201723 0.976292 -3.736100 0.000000 0.000000 0.000000 1.000000
0.996777 -0.007649 -0.079853 -0.112200 0.021222 0.985122 0.170541 18.919500 0.077360 -0.171686 0.982110 -3.736100 0.000000 0.000000 0.000000 1.000000
0.996245 -0.023329 -0.083377 -0.112200 0.034436 0.990334 0.134364 18.919500 0.079436 -0.136731 0.987418 -3.736100 0.000000 0.000000 0.000000 1.000000
0.995375 -0.033597 -0.090004 -0.112200 0.042292 0.994433 0.096516 18.919500 0.086260 -0.099876 0.991254 -3.736100 0.000000 0.000000 0.000000 1.000000
0.994703 -0.033421 -0.097203 -0.112200 0.039090 0.997608 0.057009 18.919500 0.095065 -0.060507 0.993630 -3.736100 0.000000 0.000000 0.000000 1.000000
0.994450 -0.026763 -0.101746 -0.112200 0.028491 0.999473 0.015571 18.919500 0.101276 -0.018384 0.994688 -3.736100 0.000000 0.000000 0.000000 1.000000
0.994521 -0.018940 -0.102804 -0.112200 0.016935 0.999650 -0.020345 18.919500 0.103153 0.018492 0.994494 -3.736100 0.000000 0.000000 0.000000 1.000000
0.994859 -0.008652 -0.100901 -0.112200 0.004219 0.999020 -0.044067 18.919500 0.101184 0.043415 0.993920 -3.736100 0.000000 0.000000 0.000000 1.000000
0.995393 0.006557 -0.095658 -0.112200 -0.012068 0.998293 -0.057144 18.919500 0.095120 0.058035 0.993773 -3.736100 0.000000 0.000000 0.000000 1.000000
