<?xml version="1.0" encoding="utf-8"?>
<COLLADA xmlns="http://www.collada.org/2005/11/COLLADASchema" version="1.4.1">
  <asset>
    <contributor>
      <author>Mixamo</author>
      <authoring_tool>COLLADA Mixamo exporter</authoring_tool>
      <comments/>
    </contributor>
    <created>2024-10-29T05:22:46Z</created>
    <modified>2024-10-29T05:22:46Z</modified>
    <revision/>
    <title/>
    <unit meter="0.010000"/>
    <up_axis>Y_UP</up_axis>
  </asset>
  <library_animations>
    <animation id="mixamorig_Hips-anim" name="mixamorig_Hips">
      <source id="mixamorig_Hips-Matrix-animation-input">
        <float_array id="mixamorig_Hips-Matrix-animation-input-array" count="73">

0.000000 0.033333 0.066667 0.100000 0.133333 0.166667 0.200000 0.233333 0.266667 0.300000 0.333333 0.366667 0.400000 0.433333 0.466667 0.500000
0.533333 0.566667 0.600000 0.633333 0.666667 0.700000 0.733333 0.766667 0.800000 0.833333 0.866667 0.900000 0.933333 0.966667 1.000000 1.033333
1.066667 1.100000 1.133333 1.166667 1.200000 1.233333 1.266667 1.300000 1.333333 1.366667 1.400000 1.433333 1.466667 1.500000 1.533333 1.566667
1.600000 1.633333 1.666667 1.700000 1.733333 1.766667 1.800000 1.833333 1.866667 1.900000 1.933333 1.966667 2.000000 2.033333 2.066667 2.100000
2.133333 2.166667 2.200000 2.233333 2.266667 2.300000 2.333333 2.366667 2.400000</float_array>
        <technique_common>
          <accessor source="#mixamorig_Hips-Matrix-animation-input-array" count="73">
            <param name="TIME" type="float"/>
          </accessor>
        </technique_common>
      </source>
      <source id="mixamorig_Hips-Matrix-animation-output-transform">
        <float_array id="mixamorig_Hips-Matrix-animation-output-transform-array" count="1168">

0.636206 -0.127965 -0.760833 -1.207347 0.041691 0.990410 -0.131716 88.705650 0.770392 0.052079 0.635440 0.989280 0.000000 0.000000 0.000000 1.000000
0.620010 -0.126663 -0.774302 -1.229488 0.045387 0.991020 -0.125772 88.784698 0.783280 0.042837 0.620191 0.855951 0.000000 0.000000 0.000000 1.000000
0.593733 -0.121827 -0.795386 -1.328519 0.048752 0.992103 -0.115566 88.993141 0.803184 0.029839 0.594983 0.620695 0.000000 0.000000 0.000000 1.000000
0.557775 -0.113886 -0.822142 -1.520027 0.047236 0.993292 -0.105547 89.295036 0.828647 0.020037 0.559413 0.275178 0.000000 0.000000 0.000000 1.000000
0.511234 -0.107559 -0.852684 -1.771886 0.045132 0.994129 -0.098342 89.659180 0.858255 0.011793 0.513087 -0.198238 0.000000 0.000000 0.000000 1.000000
0.450335 -0.106988 -0.886427 -2.017556 0.045933 0.994256 -0.096667 90.054832 0.891677 0.002817 0.452663 -1.021277 0.000000 0.000000 0.000000 1.000000
0.393154 -0.122242 -0.911310 -2.089132 0.048543 0.992500 -0.112191 90.392662 0.918190 -0.000129 0.396140 -2.059992 0.000000 0.000000 0.000000 1.000000
0.355765 -0.143085 -0.923557 -2.035559 0.053983 0.989707 -0.132538 90.699287 0.933015 -0.002704 0.359827 -3.234128 0.000000 0.000000 0.000000 1.000000
0.338635 -0.172202 -0.925026 -1.898326 0.065216 0.985041 -0.159500 90.944809 0.938655 -0.006314 0.344800 -4.461811 0.000000 0.000000 0.000000 1.000000
0.330398 -0.195824 -0.923304 -1.747946 0.078264 0.980555 -0.179960 91.146851 0.940591 -0.012803 0.339300 -5.530858 0.000000 0.000000 0.000000 1.000000
0.322325 -0.214041 -0.922113 -1.627933 0.085386 0.976705 -0.196867 91.293785 0.942770 -0.015281 0.333093 -6.120732 0.000000 0.000000 0.000000 1.000000
0.312609 -0.225460 -0.922737 -1.503596 0.084058 0.974178 -0.209552 91.113037 0.946155 -0.012056 0.323488 -6.031272 0.000000 0.000000 0.000000 1.000000
0.317174 -0.244063 -0.916425 -1.199744 0.088683 0.969717 -0.227562 90.505783 0.944212 -0.009094 0.329213 -5.388755 0.000000 0.000000 0.000000 1.000000
0.344190 -0.261899 -0.901633 -0.857172 0.090121 0.965089 -0.245929 89.995499 0.934565 0.003390 0.355776 -4.705356 0.000000 0.000000 0.000000 1.000000
0.386208 -0.280726 -0.878656 -0.400282 0.085030 0.959343 -0.269130 89.767876 0.918484 0.029228 0.394376 -4.017680 0.000000 0.000000 0.000000 1.000000
0.442041 -0.299457 -0.845532 0.439008 0.080211 0.952048 -0.295247 89.536690 0.893401 0.062690 0.444864 -3.144120 0.000000 0.000000 0.000000 1.000000
0.514494 -0.314556 -0.797716 1.499006 0.087915 0.944735 -0.315827 89.184052 0.852975 0.092360 0.513714 -1.997009 0.000000 0.000000 0.000000 1.000000
0.602923 -0.324347 -0.728891 2.588669 0.103946 0.937777 -0.331316 88.882935 0.790999 0.123993 0.599122 -0.944325 0.000000 0.000000 0.000000 1.000000
0.708383 -0.319183 -0.629536 3.856428 0.127188 0.935035 -0.330958 88.711220 0.694274 0.154375 0.702959 0.040462 0.000000 0.000000 0.000000 1.000000
0.800611 -0.308888 -0.513430 5.058183 0.152791 0.933799 -0.323534 88.576309 0.579376 0.180577 0.794805 0.948075 0.000000 0.000000 0.000000 1.000000
0.876437 -0.276548 -0.394183 6.172568 0.168600 0.943053 -0.286751 88.710983 0.451035 0.184859 0.873152 2.191119 0.000000 0.000000 0.000000 1.000000
0.936986 -0.235047 -0.258478 7.289225 0.176425 0.956915 -0.230627 88.974251 0.301549 0.170492 0.938084 3.765312 0.000000 0.000000 0.000000 1.000000
0.977269 -0.190180 -0.093686 8.386819 0.173753 0.971697 -0.160047 89.243698 0.121472 0.140131 0.982653 5.546255 0.000000 0.000000 0.000000 1.000000
0.984476 -0.159211 0.073886 9.402603 0.165881 0.981541 -0.095187 89.379288 -0.057368 0.105965 0.992714 7.005661 0.000000 0.000000 0.000000 1.000000
0.916966 -0.141986 0.372845 11.291242 0.141683 0.989505 0.028371 89.859436 -0.372961 0.026810 0.927460 9.114388 0.000000 0.000000 0.000000 1.000000
0.802868 -0.166012 0.572576 13.047682 0.130035 0.986085 0.103569 89.917229 -0.581802 -0.008697 0.813284 9.345769 0.000000 0.000000 0.000000 1.000000
0.749198 -0.191209 0.634147 14.315795 0.117975 0.980638 0.156304 89.358604 -0.651755 -0.042289 0.757250 8.609760 0.000000 0.000000 0.000000 1.000000
0.759375 -0.228432 0.609236 14.822123 0.134094 0.971189 0.197007 88.505074 -0.636686 -0.067907 0.768127 7.498211 0.000000 0.000000 0.000000 1.000000
0.727977 -0.268611 0.630791 14.651793 0.166247 0.961756 0.217686 87.584084 -0.665140 -0.053604 0.744792 7.333141 0.000000 0.000000 0.000000 1.000000
0.638314 -0.285005 0.715072 14.212135 0.165349 0.958016 0.234234 86.698662 -0.751808 -0.031278 0.658640 8.461686 0.000000 0.000000 0.000000 1.000000
0.571385 -0.292248 0.766883 13.577362 0.164412 0.956265 0.241920 85.571426 -0.804044 -0.012145 0.594445 9.794654 0.000000 0.000000 0.000000 1.000000
0.528783 -0.295887 0.795512 12.942824 0.185523 0.954896 0.231851 84.419037 -0.828233 0.024987 0.559826 10.821514 0.000000 0.000000 0.000000 1.000000
0.485755 -0.287320 0.825524 12.351872 0.194519 0.956283 0.218370 83.166199 -0.852176 0.054506 0.520409 11.645169 0.000000 0.000000 0.000000 1.000000
0.458950 -0.282213 0.842449 11.720054 0.193338 0.957211 0.215330 82.179199 -0.867171 0.064052 0.493875 12.344031 0.000000 0.000000 0.000000 1.000000
0.436302 -0.279230 0.855378 11.163154 0.189431 0.957830 0.216051 81.490761 -0.879634 0.067771 0.470798 12.710674 0.000000 0.000000 0.000000 1.000000
0.434012 -0.271076 0.859158 10.695830 0.181930 0.960382 0.211110 80.985550 -0.882346 0.064683 0.466134 12.765346 0.000000 0.000000 0.000000 1.000000
0.449994 -0.260383 0.854228 10.175636 0.176352 0.963622 0.200828 80.749924 -0.875446 0.060273 0.479543 12.672673 0.000000 0.000000 0.000000 1.000000
0.471704 -0.245311 0.846946 9.749110 0.166745 0.968007 0.187507 80.709610 -0.865847 0.052776 0.497517 12.411364 0.000000 0.000000 0.000000 1.000000
0.496600 -0.230466 0.836823 9.521855 0.155358 0.972137 0.175537 80.911301 -0.853963 0.042835 0.518568 11.789183 0.000000 0.000000 0.000000 1.000000
0.535624 -0.217876 0.815865 9.584429 0.145736 0.975496 0.164828 81.306168 -0.831786 0.030615 0.554252 11.100712 0.000000 0.000000 0.000000 1.000000
0.583010 -0.208688 0.785206 9.994563 0.134794 0.977900 0.159817 81.932617 -0.801205 0.012666 0.598256 10.379879 0.000000 0.000000 0.000000 1.000000
0.635874 -0.197684 0.746046 10.713220 0.123355 0.980246 0.154602 82.803070 -0.761871 -0.006279 0.647698 9.690252 0.000000 0.000000 0.000000 1.000000
0.697859 -0.179719 0.693321 11.462570 0.113254 0.983518 0.140947 83.801651 -0.707224 -0.019840 0.706711 9.185529 0.000000 0.000000 0.000000 1.000000
0.762954 -0.158498 0.626721 12.224368 0.101833 0.986840 0.125604 84.837029 -0.638381 -0.032009 0.769054 8.765511 0.000000 0.000000 0.000000 1.000000
0.824054 -0.133820 0.550479 13.171721 0.088809 0.990201 0.107770 86.053581 -0.559507 -0.039921 0.827864 8.269949 0.000000 0.000000 0.000000 1.000000
0.882993 -0.108823 0.456597 14.132406 0.077309 0.993186 0.087206 87.024384 -0.462976 -0.041703 0.885389 7.886475 0.000000 0.000000 0.000000 1.000000
0.936091 -0.082726 0.341891 14.784072 0.063336 0.995706 0.067515 88.056923 -0.346008 -0.041546 0.937311 7.592060 0.000000 0.000000 0.000000 1.000000
0.977125 -0.053302 0.205876 14.855452 0.044692 0.997930 0.046250 88.868614 -0.207915 -0.035991 0.977484 7.219748 0.000000 0.000000 0.000000 1.000000
0.997682 -0.024948 0.063308 14.367288 0.023154 0.999313 0.028923 89.338531 -0.063986 -0.027390 0.997575 6.753694 0.000000 0.000000 0.000000 1.000000
0.997177 -0.009592 -0.074471 13.622470 0.010202 0.999917 0.007818 89.727997 0.074390 -0.008556 0.997193 6.072370 0.000000 0.000000 0.000000 1.000000
0.978267 -0.004069 -0.207310 12.669620 0.001649 0.999928 -0.011849 90.059937 0.207343 0.011249 0.978204 5.256080 0.000000 0.000000 0.000000 1.000000
0.949488 -0.004891 -0.313765 11.709139 -0.002275 0.999745 -0.022471 90.342751 0.313795 0.022050 0.949235 4.808374 0.000000 0.000000 0.000000 1.000000
0.918577 -0.007130 -0.395178 10.575272 -0.002075 0.999736 -0.022861 90.548904 0.395237 0.021820 0.918320 4.320065 0.000000 0.000000 0.000000 1.000000
0.888742 -0.006345 -0.458364 9.289413 0.001182 0.999933 -0.011551 90.727089 0.458406 0.009724 0.888690 3.756103 0.000000 0.000000 0.000000 1.000000
0.856044 -0.007800 -0.516843 7.729743 0.007601 0.999968 -0.002502 90.912361 0.516846 -0.001787 0.856076 3.020798 0.000000 0.000000 0.000000 1.000000
0.821115 -0.007682 -0.570711 5.896725 0.013188 0.999898 0.005515 91.018860 0.570611 -0.012054 0.821132 2.327393 0.000000 0.000000 0.000000 1.000000
0.786275 -0.010732 -0.617783 3.998603 0.026520 0.999514 0.016390 91.080315 0.617307 -0.029271 0.786178 1.576847 0.000000 0.000000 0.000000 1.000000
0.752139 -0.015719 -0.658817 2.549271 0.036856 0.999154 0.018237 91.099960 0.657973 -0.037998 0.752083 0.949433 0.000000 0.000000 0.000000 1.000000
0.722406 -0.024929 -0.691020 1.142998 0.043403 0.999014 0.009334 91.089844 0.690106 -0.036736 0.722776 0.625115 0.000000 0.000000 0.000000 1.000000
0.691716 -0.034405 -0.721349 -0.098689 0.048134 0.998840 -0.001484 91.066849 0.720564 -0.033695 0.692570 0.426278 0.000000 0.000000 0.000000 1.000000
0.656669 -0.049767 -0.752535 -1.137151 0.052326 0.998422 -0.020368 91.019501 0.752361 -0.026002 0.658237 0.220779 0.000000 0.000000 0.000000 1.000000
0.631646 -0.067657 -0.772299 -1.977764 0.055015 0.997585 -0.042397 90.904083 0.773302 -0.015708 0.633843 0.174597 0.000000 0.000000 0.000000 1.000000
0.621958 -0.079775 -0.778976 -2.553298 0.053169 0.996804 -0.059631 90.735191 0.781243 -0.004329 0.624212 0.218320 0.000000 0.000000 0.000000 1.000000
0.622248 -0.091842 -0.777414 -2.817741 0.051837 0.995748 -0.076145 90.518379 0.781102 0.007082 0.624363 0.373962 0.000000 0.000000 0.000000 1.000000
0.620327 -0.101407 -0.777760 -2.960874 0.049202 0.994685 -0.090448 90.268768 0.782799 0.017840 0.622019 0.478738 0.000000 0.000000 0.000000 1.000000
0.619091 -0.107464 -0.777932 -2.967861 0.045418 0.993834 -0.101145 90.019188 0.784005 0.027286 0.620155 0.494732 0.000000 0.000000 0.000000 1.000000
0.620575 -0.112256 -0.776071 -2.769519 0.043437 0.993102 -0.108914 89.769081 0.782943 0.033879 0.621170 0.557717 0.000000 0.000000 0.000000 1.000000
0.623244 -0.116615 -0.773284 -2.478822 0.042200 0.992394 -0.115645 89.512344 0.780888 0.039442 0.623424 0.642224 0.000000 0.000000 0.000000 1.000000
0.626570 -0.120421 -0.770005 -2.140534 0.041561 0.991748 -0.121281 89.265503 0.778256 0.043989 0.626405 0.736886 0.000000 0.000000 0.000000 1.000000
0.630037 -0.123565 -0.766672 -1.799456 0.041360 0.991198 -0.125763 89.045074 0.775463 0.047526 0.629602 0.830263 0.000000 0.000000 0.000000 1.000000
0.633132 -0.125939 -0.763730 -1.500363 0.041430 0.990774 -0.129033 88.867378 0.772935 0.050054 0.632508 0.911034 0.000000 0.000000 0.000000 1.000000
0.635354 -0.127441 -0.761633 -1.288058 0.041597 0.990504 -0.131036 88.748795 0.771100 0.051573 0.634622 0.967834 0.000000 0.000000 0.000000 1.000000
0.636205 -0.127965 -0.760833 -1.207343 0.041691 0.990410 -0.131716 88.705650 0.770392 0.052079 0.635439 0.989293 0.000000 0.000000 0.000000 1.000000</float_array>
        <technique_common>
          <accessor source="#mixamorig_Hips-Matrix-animation-output-transform-array" count="73" stride="16">
            <param type="float4x4"/>
          </accessor>
        </technique_common>
      </source>
      <source id="mixamorig_Hips-Interpolations">
        <Name_array id="mixamorig_Hips-Interpolations-array" count="73">
 LINEAR LINEAR LINEAR LINEAR LINEAR LINEAR LINEAR LINEAR LINEAR LINEAR LINEAR
LINEAR LINEAR LINEAR LINEAR LINEAR LINEAR LINEAR LINEAR LINEAR LINEAR LINEAR LINEAR
LINEAR LINEAR LINEAR LINEAR LINEAR LINEAR LINEAR LINEAR LINEAR LINEAR LINEAR LINEAR
LINEAR LINEAR LINEAR LINEAR LINEAR LINEAR LINEAR LINEAR LINEAR LINEAR LINEAR LINEAR
LINEAR LINEAR LINEAR LINEAR LINEAR LINEAR LINEAR LINEAR LINEAR LINEAR LINEAR LINEAR
LINEAR LINEAR LINEAR LINEAR LINEAR LINEAR LINEAR LINEAR LINEAR LINEAR LINEAR LINEAR
LINEAR LINEAR</Name_array>
        <technique_common>
          <accessor source="#mixamorig_Hips-Interpolations-array" count="73">
            <param type="name"/>
          </accessor>
        </technique_common>
      </source>
      <sampler id="mixamorig_Hips-Matrix-animation-transform">
        <input semantic="INPUT" source="#mixamorig_Hips-Matrix-animation-input"/>
        <input semantic="OUTPUT" source="#mixamorig_Hips-Matrix-animation-output-transform"/>
        <input semantic="INTERPOLATION" source="#mixamorig_Hips-Interpolations"/>
      </sampler>
      <channel source="#mixamorig_Hips-Matrix-animation-transform" target="mixamorig_Hips/matrix"/>
    </animation>
    <animation id="mixamorig_Spine-anim" name="mixamorig_Spine">
      <source id="mixamorig_Spine-Matrix-animation-input">
        <float_array id="mixamorig_Spine-Matrix-animation-input-array" count="73">

0.000000 0.033333 0.066667 0.100000 0.133333 0.166667 0.200000 0.233333 0.266667 0.300000 0.333333 0.366667 0.400000 0.433333 0.466667 0.500000
0.533333 0.566667 0.600000 0.633333 0.666667 0.700000 0.733333 0.766667 0.800000 0.833333 0.866667 0.900000 0.933333 0.966667 1.000000 1.033333
1.066667 1.100000 1.133333 1.166667 1.200000 1.233333 1.266667 1.300000 1.333333 1.366667 1.400000 1.433333 1.466667 1.500000 1.533333 1.566667
1.600000 1.633333 1.666667 1.700000 1.733333 1.766667 1.800000 1.833333 1.866667 1.900000 1.933333 1.966667 2.000000 2.033333 2.066667 2.100000
2.133333 2.166667 2.200000 2.233333 2.266667 2.300000 2.333333 2.366667 2.400000</float_array>
        <technique_common>
          <accessor source="#mixamorig_Spine-Matrix-animation-input-array" count="73">
            <param name="TIME" type="float"/>
          </accessor>
        </technique_common>
      </source>
      <source id="mixamorig_Spine-Matrix-animation-output-transform">
        <float_array id="mixamorig_Spine-Matrix-animation-output-transform-array" count="1168">

0.998055 0.033881 0.052333 0.004700 -0.026947 0.991415 -0.127943 5.245300 -0.056219 0.126284 0.990400 0.258800 0.000000 0.000000 0.000000 1.000000
0.998097 0.033736 0.051607 0.004700 -0.026937 0.991515 -0.127174 5.245300 -0.055460 0.125542 0.990537 0.258800 0.000000 0.000000 0.000000 1.000000
0.998330 0.033280 0.047210 0.004700 -0.027014 0.991450 -0.127658 5.245300 -0.051055 0.126169 0.990694 0.258800 0.000000 0.000000 0.000000 1.000000
0.998728 0.032314 0.038710 0.004700 -0.027091 0.991331 -0.128562 5.245300 -0.042529 0.127350 0.990946 0.258800 0.000000 0.000000 0.000000 1.000000
0.999123 0.031435 0.027674 0.004700 -0.027598 0.991194 -0.129511 5.245300 -0.031502 0.128634 0.991192 0.258800 0.000000 0.000000 0.000000 1.000000
0.999366 0.031555 0.016509 0.004700 -0.029145 0.991080 -0.130042 5.245300 -0.020465 0.129478 0.991371 0.258800 0.000000 0.000000 0.000000 1.000000
0.999499 0.031431 0.003709 0.004700 -0.030692 0.991205 -0.128726 5.245300 -0.007723 0.128547 0.991673 0.258800 0.000000 0.000000 0.000000 1.000000
0.999468 0.030829 -0.010626 0.004700 -0.031934 0.991302 -0.127676 5.245300 0.006597 0.127947 0.991759 0.258800 0.000000 0.000000 0.000000 1.000000
0.999232 0.030357 -0.024789 0.004700 -0.033250 0.991456 -0.126135 5.245300 0.020748 0.126862 0.991703 0.258800 0.000000 0.000000 0.000000 1.000000
0.998952 0.030260 -0.034331 0.004700 -0.034357 0.991461 -0.125798 5.245300 0.030231 0.126846 0.991462 0.258800 0.000000 0.000000 0.000000 1.000000
0.998789 0.028009 -0.040452 0.004700 -0.032934 0.991391 -0.126726 5.245300 0.036554 0.127905 0.991113 0.258800 0.000000 0.000000 0.000000 1.000000
0.998739 0.022506 -0.044874 0.004700 -0.028185 0.991083 -0.130230 5.245300 0.041543 0.131330 0.990468 0.258800 0.000000 0.000000 0.000000 1.000000
0.998529 0.015711 -0.051902 0.004700 -0.022551 0.990733 -0.133936 5.245300 0.049317 0.134909 0.989630 0.258800 0.000000 0.000000 0.000000 1.000000
0.998001 0.007931 -0.062701 0.004700 -0.016540 0.990293 -0.138006 5.245300 0.060998 0.138768 0.988445 0.258800 0.000000 0.000000 0.000000 1.000000
0.997339 -0.000536 -0.072896 0.004700 -0.009812 0.989886 -0.141523 5.245300 0.072235 0.141862 0.987247 0.258800 0.000000 0.000000 0.000000 1.000000
0.996880 -0.011106 -0.078141 0.004700 -0.000220 0.989656 -0.143458 5.245300 0.078926 0.143028 0.986567 0.258800 0.000000 0.000000 0.000000 1.000000
0.996594 -0.021286 -0.079675 0.004700 0.009626 0.989537 -0.143957 5.245300 0.081905 0.142699 0.986371 0.258800 0.000000 0.000000 0.000000 1.000000
0.996418 -0.031074 -0.078646 0.004700 0.019681 0.989714 -0.141700 5.245300 0.082241 0.139644 0.986781 0.258800 0.000000 0.000000 0.000000 1.000000
0.996398 -0.040616 -0.074440 0.004700 0.030150 0.990157 -0.136677 5.245300 0.079259 0.133940 0.987815 0.258800 0.000000 0.000000 0.000000 1.000000
0.996448 -0.048800 -0.068626 0.004700 0.039724 0.990992 -0.127896 5.245300 0.074249 0.124715 0.989411 0.258800 0.000000 0.000000 0.000000 1.000000
0.996699 -0.055069 -0.059646 0.004700 0.047544 0.991518 -0.120959 5.245300 0.065801 0.117724 0.990864 0.258800 0.000000 0.000000 0.000000 1.000000
0.996796 -0.061118 -0.051604 0.004700 0.054939 0.991998 -0.113672 5.245300 0.058138 0.110473 0.992177 0.258800 0.000000 0.000000 0.000000 1.000000
0.996982 -0.065667 -0.041401 0.004700 0.061021 0.992604 -0.104944 5.245300 0.047986 0.102101 0.993616 0.258800 0.000000 0.000000 0.000000 1.000000
0.997468 -0.065793 -0.026997 0.004700 0.062948 0.993454 -0.095327 5.245300 0.033092 0.093386 0.995080 0.258800 0.000000 0.000000 0.000000 1.000000
0.997948 -0.062042 -0.015839 0.004700 0.060428 0.994328 -0.087526 5.245300 0.021179 0.086389 0.996036 0.258800 0.000000 0.000000 0.000000 1.000000
0.998544 -0.053613 0.006008 0.004700 0.053921 0.995371 -0.079561 5.245300 -0.001715 0.079769 0.996812 0.258800 0.000000 0.000000 0.000000 1.000000
0.997838 -0.053100 0.038726 0.004700 0.055993 0.995385 -0.077928 5.245300 -0.034409 0.079927 0.996207 0.258800 0.000000 0.000000 0.000000 1.000000
0.995550 -0.055735 0.075991 0.004700 0.061716 0.994980 -0.078780 5.245300 -0.071219 0.083119 0.993991 0.258800 0.000000 0.000000 0.000000 1.000000
0.993101 -0.057272 0.102324 0.004700 0.065364 0.994842 -0.077564 5.245300 -0.097354 0.083717 0.991723 0.258800 0.000000 0.000000 0.000000 1.000000
0.991682 -0.065500 0.110796 0.004700 0.073926 0.994534 -0.073734 5.245300 -0.105361 0.081312 0.991104 0.258800 0.000000 0.000000 0.000000 1.000000
0.990653 -0.065894 0.119432 0.004700 0.075364 0.994211 -0.076583 5.245300 -0.113694 0.084868 0.989884 0.258800 0.000000 0.000000 0.000000 1.000000
0.988856 -0.056146 0.137879 0.004700 0.068396 0.993964 -0.085778 5.245300 -0.132230 0.094253 0.986728 0.258800 0.000000 0.000000 0.000000 1.000000
0.986544 -0.049720 0.155755 0.004700 0.065161 0.993280 -0.095653 5.245300 -0.149952 0.104515 0.983154 0.258800 0.000000 0.000000 0.000000 1.000000
0.985416 -0.044713 0.164180 0.004700 0.062950 0.992198 -0.107612 5.245300 -0.158088 0.116377 0.980543 0.258800 0.000000 0.000000 0.000000 1.000000
0.985171 -0.040688 0.166679 0.004700 0.061054 0.991021 -0.118950 5.245300 -0.160343 0.127362 0.978810 0.258800 0.000000 0.000000 0.000000 1.000000
0.985269 -0.038491 0.166625 0.004700 0.060433 0.989842 -0.128689 5.245300 -0.159979 0.136863 0.977587 0.258800 0.000000 0.000000 0.000000 1.000000
0.985988 -0.033795 0.163356 0.004700 0.056371 0.989158 -0.135607 5.245300 -0.157002 0.142916 0.977203 0.258800 0.000000 0.000000 0.000000 1.000000
0.986829 -0.029753 0.159009 0.004700 0.052337 0.988796 -0.139795 5.245300 -0.153069 0.146276 0.977330 0.258800 0.000000 0.000000 0.000000 1.000000
0.988206 -0.027638 0.150618 0.004700 0.049469 0.988459 -0.143183 5.245300 -0.144922 0.148945 0.978168 0.258800 0.000000 0.000000 0.000000 1.000000
0.989673 -0.026853 0.140808 0.004700 0.047623 0.988096 -0.146282 5.245300 -0.135204 0.151477 0.979170 0.258800 0.000000 0.000000 0.000000 1.000000
0.991026 -0.027576 0.130797 0.004700 0.046992 0.987904 -0.147773 5.245300 -0.125140 0.152593 0.980334 0.258800 0.000000 0.000000 0.000000 1.000000
0.992098 -0.030070 0.121808 0.004700 0.047996 0.987967 -0.147028 5.245300 -0.115921 0.151713 0.981604 0.258800 0.000000 0.000000 0.000000 1.000000
0.993005 -0.032372 0.113550 0.004700 0.048848 0.988156 -0.145472 5.245300 -0.107496 0.150001 0.982825 0.258800 0.000000 0.000000 0.000000 1.000000
0.993742 -0.034300 0.106305 0.004700 0.049549 0.988292 -0.144304 5.245300 -0.100111 0.148668 0.983807 0.258800 0.000000 0.000000 0.000000 1.000000
0.994640 -0.035578 0.097082 0.004700 0.049240 0.988614 -0.142188 5.245300 -0.090918 0.146206 0.985067 0.258800 0.000000 0.000000 0.000000 1.000000
0.995354 -0.036431 0.089126 0.004700 0.048768 0.988889 -0.140426 5.245300 -0.083019 0.144120 0.986072 0.258800 0.000000 0.000000 0.000000 1.000000
0.995677 -0.037812 0.084841 0.004700 0.049544 0.988806 -0.140743 5.245300 -0.078569 0.144337 0.986404 0.258800 0.000000 0.000000 0.000000 1.000000
0.996054 -0.037213 0.080566 0.004700 0.048303 0.988915 -0.140409 5.245300 -0.074448 0.143746 0.986810 0.258800 0.000000 0.000000 0.000000 1.000000
0.996448 -0.035379 0.076418 0.004700 0.045965 0.988863 -0.141553 5.245300 -0.070559 0.144563 0.986977 0.258800 0.000000 0.000000 0.000000 1.000000
0.996928 -0.030114 0.072302 0.004700 0.040063 0.989289 -0.140364 5.245300 -0.067301 0.142829 0.987457 0.258800 0.000000 0.000000 0.000000 1.000000
0.997440 -0.023223 0.067633 0.004700 0.032384 0.989947 -0.137679 5.245300 -0.063756 0.139517 0.988165 0.258800 0.000000 0.000000 0.000000 1.000000
0.998102 -0.016974 0.059199 0.004700 0.024873 0.990483 -0.135372 5.245300 -0.056338 0.136587 0.989025 0.258800 0.000000 0.000000 0.000000 1.000000
0.998670 -0.010847 0.050395 0.004700 0.017454 0.991019 -0.132580 5.245300 -0.048504 0.133283 0.989890 0.258800 0.000000 0.000000 0.000000 1.000000
0.999221 -0.004691 0.039195 0.004700 0.009815 0.991258 -0.131570 5.245300 -0.038236 0.131852 0.990532 0.258800 0.000000 0.000000 0.000000 1.000000
0.999539 0.001646 0.030319 0.004700 0.002295 0.991578 -0.129492 5.245300 -0.030277 0.129502 0.991117 0.258800 0.000000 0.000000 0.000000 1.000000
0.999670 0.007071 0.024681 0.004700 -0.003861 0.991799 -0.127751 5.245300 -0.025382 0.127614 0.991499 0.258800 0.000000 0.000000 0.000000 1.000000
0.999650 0.014026 0.022440 0.004700 -0.011055 0.991787 -0.127423 5.245300 -0.024043 0.127131 0.991595 0.258800 0.000000 0.000000 0.000000 1.000000
0.999549 0.020041 0.022372 0.004700 -0.017051 0.991799 -0.126668 5.245300 -0.024727 0.126230 0.991693 0.258800 0.000000 0.000000 0.000000 1.000000
0.999476 0.023932 0.021802 0.004700 -0.021040 0.992014 -0.124363 5.245300 -0.024604 0.123839 0.991997 0.258800 0.000000 0.000000 0.000000 1.000000
0.999395 0.026682 0.022322 0.004700 -0.023755 0.992192 -0.122438 5.245300 -0.025414 0.121834 0.992225 0.258800 0.000000 0.000000 0.000000 1.000000
0.999236 0.029821 0.025269 0.004700 -0.026570 0.992366 -0.120434 5.245300 -0.028667 0.119671 0.992400 0.258800 0.000000 0.000000 0.000000 1.000000
0.999101 0.032362 0.027388 0.004700 -0.028873 0.992427 -0.119394 5.245300 -0.031044 0.118496 0.992469 0.258800 0.000000 0.000000 0.000000 1.000000
0.999029 0.032913 0.029281 0.004700 -0.029171 0.992327 -0.120154 5.245300 -0.033011 0.119183 0.992323 0.258800 0.000000 0.000000 0.000000 1.000000
0.998940 0.033266 0.031806 0.004700 -0.029208 0.992284 -0.120493 5.245300 -0.035569 0.119436 0.992205 0.258800 0.000000 0.000000 0.000000 1.000000
0.998783 0.034081 0.035665 0.004700 -0.029580 0.992347 -0.119887 5.245300 -0.039478 0.118686 0.992147 0.258800 0.000000 0.000000 0.000000 1.000000
0.998648 0.034302 0.039046 0.004700 -0.029401 0.992360 -0.119822 5.245300 -0.042858 0.118512 0.992027 0.258800 0.000000 0.000000 0.000000 1.000000
0.998531 0.034345 0.041915 0.004700 -0.029061 0.992260 -0.120731 5.245300 -0.045737 0.119335 0.991800 0.258800 0.000000 0.000000 0.000000 1.000000
0.998414 0.034307 0.044644 0.004700 -0.028632 0.992108 -0.122070 5.245300 -0.048479 0.120598 0.991517 0.258800 0.000000 0.000000 0.000000 1.000000
0.998303 0.034212 0.047121 0.004700 -0.028158 0.991929 -0.123628 5.245300 -0.050970 0.122091 0.991209 0.258800 0.000000 0.000000 0.000000 1.000000
0.998205 0.034100 0.049239 0.004700 -0.027703 0.991744 -0.125203 5.245300 -0.053102 0.123614 0.990909 0.258800 0.000000 0.000000 0.000000 1.000000
0.998126 0.033993 0.050887 0.004700 -0.027316 0.991579 -0.126587 5.245300 -0.054762 0.124959 0.990649 0.258800 0.000000 0.000000 0.000000 1.000000
0.998073 0.033914 0.051954 0.004700 -0.027049 0.991461 -0.127570 5.245300 -0.055837 0.125919 0.990468 0.258800 0.000000 0.000000 0.000000 1.000000
0.998055 0.033881 0.052334 0.004700 -0.026947 0.991416 -0.127942 5.245300 -0.056219 0.126283 0.990400 0.258800 0.000000 0.000000 0.000000 1.000000</float_array>
        <technique_common>
          <accessor source="#mixamorig_Spine-Matrix-animation-output-transform-array" count="73" stride="16">
            <param type="float4x4"/>
          </accessor>
        </technique_common>
      </source>
      <source id="mixamorig_Spine-Interpolations">
        <Name_array id="mixamorig_Spine-Interpolations-array" count="73">
 LINEAR LINEAR LINEAR LINEAR LINEAR LINEAR LINEAR LINEAR LINEAR LINEAR LINEAR
LINEAR LINEAR LINEAR LINEAR LINEAR LINEAR LINEAR LINEAR LINEAR LINEAR LINEAR LINEAR
LINEAR LINEAR LINEAR LINEAR LINEAR LINEAR LINEAR LINEAR LINEAR LINEAR LINEAR LINEAR
LINEAR LINEAR LINEAR LINEAR LINEAR LINEAR LINEAR LINEAR LINEAR LINEAR LINEAR LINEAR
LINEAR LINEAR LINEAR LINEAR LINEAR LINEAR LINEAR LINEAR LINEAR LINEAR LINEAR LINEAR
LINEAR LINEAR LINEAR LINEAR LINEAR LINEAR LINEAR LINEAR LINEAR LINEAR LINEAR LINEAR
LINEAR LINEAR</Name_array>
        <technique_common>
          <accessor source="#mixamorig_Spine-Interpolations-array" count="73">
            <param type="name"/>
          </accessor>
        </technique_common>
      </source>
      <sampler id="mixamorig_Spine-Matrix-animation-transform">
        <input semantic="INPUT" source="#mixamorig_Spine-Matrix-animation-input"/>
        <input semantic="OUTPUT" source="#mixamorig_Spine-Matrix-animation-output-transform"/>
        <input semantic="INTERPOLATION" source="#mixamorig_Spine-Interpolations"/>
      </sampler>
      <channel source="#mixamorig_Spine-Matrix-animation-transform" target="mixamorig_Spine/matrix"/>
    </animation>
    <animation id="mixamorig_Spine1-anim" name="mixamorig_Spine1">
      <source id="mixamorig_Spine1-Matrix-animation-input">
        <float_array id="mixamorig_Spine1-Matrix-animation-input-array" count="73">

0.000000 0.033333 0.066667 0.100000 0.133333 0.166667 0.200000 0.233333 0.266667 0.300000 0.333333 0.366667 0.400000 0.433333 0.466667 0.500000
0.533333 0.566667 0.600000 0.633333 0.666667 0.700000 0.733333 0.766667 0.800000 0.833333 0.866667 0.900000 0.933333 0.966667 1.000000 1.033333
1.066667 1.100000 1.133333 1.166667 1.200000 1.233333 1.266667 1.300000 1.333333 1.366667 1.400000 1.433333 1.466667 1.500000 1.533333 1.566667
1.600000 1.633333 1.666667 1.700000 1.733333 1.766667 1.800000 1.833333 1.866667 1.900000 1.933333 1.966667 2.000000 2.033333 2.066667 2.100000
2.133333 2.166667 2.200000 2.233333 2.266667 2.300000 2.333333 2.366667 2.400000</float_array>
        <technique_common>
          <accessor source="#mixamorig_Spine1-Matrix-animation-input-array" count="73">
            <param name="TIME" type="float"/>
          </accessor>
        </technique_common>
      </source>
      <source id="mixamorig_Spine1-Matrix-animation-output-transform">
        <float_array id="mixamorig_Spine1-Matrix-animation-output-transform-array" count="1168">

0.992503 0.060734 0.106066 -0.000000 -0.057318 0.997744 -0.034961 11.066900 -0.107950 0.028619 0.993744 0.000000 0.000000 0.000000 0.000000 1.000000
0.992682 0.060004 0.104792 0.000000 -0.056798 0.997830 -0.033315 11.066900 -0.106564 0.027119 0.993936 0.000000 0.000000 0.000000 0.000000 1.000000
0.993581 0.059446 0.096247 -0.000000 -0.056395 0.997826 -0.034112 11.066900 -0.098065 0.028465 0.994773 -0.000000 0.000000 0.000000 0.000000 1.000000
0.995130 0.058222 0.079539 0.000000 -0.055531 0.997821 -0.035627 11.066900 -0.081440 0.031037 0.996195 -0.000000 0.000000 0.000000 0.000000 1.000000
0.996663 0.057595 0.057846 0.000000 -0.055498 0.997765 -0.037225 11.066900 -0.059861 0.033890 0.997631 -0.000000 0.000000 0.000000 0.000000 1.000000
0.997624 0.058671 0.036115 -0.000000 -0.057295 0.997633 -0.038026 11.066900 -0.038261 0.035866 0.998624 0.000000 0.000000 0.000000 0.000000 1.000000
0.998099 0.060683 0.010757 0.000000 -0.060272 0.997566 -0.035068 11.066900 -0.012859 0.034353 0.999327 0.000000 0.000000 0.000000 0.000000 1.000000
0.997927 0.061814 -0.017914 0.000000 -0.062373 0.997523 -0.032533 11.066900 0.015858 0.033583 0.999310 0.000000 0.000000 0.000000 0.000000 1.000000
0.996941 0.062937 -0.046345 0.000000 -0.064320 0.997508 -0.028982 11.066900 0.044405 0.031874 0.998505 0.000000 0.000000 0.000000 0.000000 1.000000
0.995795 0.064024 -0.065526 -0.000000 -0.065971 0.997429 -0.027994 11.066900 0.063565 0.032199 0.997458 0.000000 0.000000 0.000000 0.000000 1.000000
0.995207 0.059520 -0.077596 -0.000000 -0.061988 0.997632 -0.029788 11.066900 0.075640 0.034455 0.996540 -0.000000 0.000000 0.000000 0.000000 1.000000
0.994978 0.049639 -0.086920 0.000000 -0.053007 0.997913 -0.036872 11.066900 0.084908 0.041294 0.995533 -0.000000 0.000000 0.000000 0.000000 1.000000
0.994114 0.037838 -0.101518 -0.000000 -0.042522 0.998110 -0.044373 11.066900 0.099647 0.048429 0.993844 0.000000 0.000000 0.000000 0.000000 1.000000
0.992175 0.021926 -0.122916 -0.000000 -0.028618 0.998187 -0.052941 11.066900 0.121532 0.056045 0.991004 0.000000 0.000000 0.000000 0.000000 1.000000
0.989768 0.002751 -0.142661 -0.000000 -0.011576 0.998067 -0.061066 11.066900 0.142217 0.062093 0.987886 -0.000000 0.000000 0.000000 0.000000 1.000000
0.988006 -0.019572 -0.153173 0.000000 0.009463 0.997745 -0.066452 11.066900 0.154128 0.064205 0.985963 0.000000 0.000000 0.000000 0.000000 1.000000
0.986819 -0.039168 -0.157016 0.000000 0.028618 0.997213 -0.068897 11.066900 0.159277 0.063495 0.985190 0.000000 0.000000 0.000000 0.000000 1.000000
0.986046 -0.056925 -0.156441 0.000000 0.047111 0.996724 -0.065744 11.066900 0.159671 0.057456 0.985497 0.000000 0.000000 0.000000 0.000000 1.000000
0.985867 -0.074525 -0.150043 0.000000 0.066628 0.996149 -0.056995 11.066900 0.153713 0.046192 0.987035 0.000000 0.000000 0.000000 0.000000 1.000000
0.986003 -0.089557 -0.140635 0.000000 0.084651 0.995587 -0.040494 11.066900 0.143641 0.028022 0.989233 0.000000 0.000000 0.000000 0.000000 1.000000
0.987014 -0.100876 -0.125006 -0.000000 0.098225 0.994792 -0.027210 11.066900 0.127099 0.014578 0.991783 0.000000 0.000000 0.000000 0.000000 1.000000
0.987462 -0.112188 -0.111052 0.000000 0.111422 0.993687 -0.013107 11.066900 0.111822 0.000569 0.993728 -0.000000 0.000000 0.000000 0.000000 1.000000
0.988431 -0.120018 -0.092737 0.000000 0.120945 0.992649 0.004423 11.066900 0.091525 -0.015588 0.995681 0.000000 0.000000 0.000000 0.000000 1.000000
0.990606 -0.120166 -0.065264 0.000000 0.121975 0.992232 0.024456 11.066900 0.061819 -0.032187 0.997568 0.000000 0.000000 0.000000 0.000000 1.000000
0.992872 -0.111408 -0.042359 0.000000 0.113142 0.992732 0.041015 11.066900 0.037482 -0.045515 0.998260 -0.000000 0.000000 0.000000 0.000000 1.000000
0.995248 -0.097336 0.002594 -0.000000 0.097021 0.993581 0.058164 11.066900 -0.008239 -0.057636 0.998304 0.000000 0.000000 0.000000 0.000000 1.000000
0.992635 -0.100171 0.068131 -0.000000 0.095914 0.993386 0.063123 11.066900 -0.074003 -0.056123 0.995678 0.000000 0.000000 0.000000 0.000000 1.000000
0.983776 -0.111222 0.140762 -0.000000 0.103184 0.992653 0.063191 11.066900 -0.146756 -0.047641 0.988025 0.000000 0.000000 0.000000 0.000000 1.000000
0.974240 -0.118719 0.191735 0.000000 0.107681 0.991923 0.067039 11.066900 -0.198145 -0.044666 0.979154 0.000000 0.000000 0.000000 0.000000 1.000000
0.968784 -0.135659 0.207496 0.000000 0.122310 0.989584 0.075923 11.066900 -0.215635 -0.048174 0.975285 -0.000000 0.000000 0.000000 0.000000 1.000000
0.964893 -0.135384 0.225060 0.000000 0.122483 0.989971 0.070393 11.066900 -0.232333 -0.040356 0.971799 0.000000 0.000000 0.000000 0.000000 1.000000
0.957676 -0.117283 0.262873 0.000000 0.107340 0.992866 0.051922 11.066900 -0.267087 -0.021508 0.963432 0.000000 0.000000 0.000000 0.000000 1.000000
0.948552 -0.104826 0.298764 0.000000 0.099754 0.994490 0.032220 11.066900 -0.300496 -0.000760 0.953783 -0.000000 0.000000 0.000000 0.000000 1.000000
0.944074 -0.093899 0.316081 0.000000 0.096232 0.995325 0.008258 11.066900 -0.315379 0.022621 0.948696 0.000000 0.000000 0.000000 0.000000 1.000000
0.943042 -0.084523 0.321758 0.000000 0.094173 0.995450 -0.014516 11.066900 -0.319067 0.043991 0.946711 0.000000 0.000000 0.000000 0.000000 1.000000
0.943444 -0.078858 0.322016 0.000000 0.094743 0.994923 -0.033933 11.066900 -0.317706 0.062523 0.946126 0.000000 0.000000 0.000000 0.000000 1.000000
0.946273 -0.068657 0.315997 0.000000 0.088311 0.994922 -0.048285 11.066900 -0.311077 0.073597 0.947531 -0.000000 0.000000 0.000000 0.000000 1.000000
0.949584 -0.060098 0.307698 -0.000000 0.081503 0.995031 -0.057181 11.066900 -0.302732 0.079377 0.949764 0.000000 0.000000 0.000000 0.000000 1.000000
0.955006 -0.055368 0.291373 0.000000 0.077294 0.994934 -0.064276 11.066900 -0.286339 0.083905 0.954448 0.000000 0.000000 0.000000 0.000000 1.000000
0.960791 -0.053343 0.272095 -0.000000 0.075231 0.994660 -0.070647 11.066900 -0.266873 0.088347 0.959674 0.000000 0.000000 0.000000 0.000000 1.000000
0.966126 -0.054454 0.252262 -0.000000 0.075282 0.994438 -0.073655 11.066900 -0.246848 0.090151 0.964852 -0.000000 0.000000 0.000000 0.000000 1.000000
0.970357 -0.059361 0.234271 0.000000 0.078209 0.994334 -0.071994 11.066900 -0.228670 0.088182 0.969502 0.000000 0.000000 0.000000 0.000000 1.000000
0.973918 -0.064093 0.217660 0.000000 0.080797 0.994358 -0.068724 11.066900 -0.212027 0.084518 0.973602 0.000000 0.000000 0.000000 0.000000 1.000000
0.976793 -0.068100 0.203072 -0.000000 0.083099 0.994336 -0.066264 11.066900 -0.197409 0.081601 0.976919 0.000000 0.000000 0.000000 0.000000 1.000000
0.980237 -0.070646 0.184781 0.000000 0.083380 0.994583 -0.062067 11.066900 -0.179395 0.076248 0.980818 0.000000 0.000000 0.000000 0.000000 1.000000
0.982984 -0.071169 0.169342 0.000000 0.082148 0.994888 -0.058728 11.066900 -0.164297 0.071639 0.983806 0.000000 0.000000 0.000000 0.000000 1.000000
0.984246 -0.072462 0.161271 0.000000 0.082974 0.994779 -0.059419 11.066900 -0.156123 0.071864 0.985120 0.000000 0.000000 0.000000 0.000000 1.000000
0.985698 -0.070541 0.153048 -0.000000 0.080348 0.995028 -0.058860 11.066900 -0.148135 0.070315 0.986464 0.000000 0.000000 0.000000 0.000000 1.000000
0.987155 -0.067073 0.145004 0.000000 0.076602 0.995184 -0.061159 11.066900 -0.140203 0.071481 0.987539 0.000000 0.000000 0.000000 0.000000 1.000000
0.988883 -0.056736 0.137449 0.000000 0.065346 0.996119 -0.058956 11.066900 -0.133570 0.067283 0.988753 0.000000 0.000000 0.000000 0.000000 1.000000
0.990708 -0.042906 0.129064 0.000000 0.050204 0.997287 -0.053826 11.066900 -0.126405 0.059806 0.990174 0.000000 0.000000 0.000000 0.000000 1.000000
0.993110 -0.030286 0.113208 0.000000 0.036067 0.998129 -0.049375 11.066900 -0.111501 0.053118 0.992344 -0.000000 0.000000 0.000000 0.000000 1.000000
0.995140 -0.019145 0.096592 0.000000 0.023463 0.998766 -0.043761 11.066900 -0.095635 0.045814 0.994362 0.000000 0.000000 0.000000 0.000000 1.000000
0.997136 -0.007573 0.075246 0.000000 0.010735 0.999072 -0.041708 11.066900 -0.074860 0.042396 0.996292 0.000000 0.000000 0.000000 0.000000 1.000000
0.998267 0.004279 0.058688 -0.000000 -0.002080 0.999295 -0.037481 11.066900 -0.058807 0.037294 0.997572 0.000000 0.000000 0.000000 0.000000 1.000000
0.998725 0.014704 0.048296 0.000000 -0.013072 0.999339 -0.033924 11.066900 -0.048763 0.033249 0.998257 0.000000 0.000000 0.000000 0.000000 1.000000
0.998632 0.027181 0.044669 0.000000 -0.025705 0.999115 -0.033285 11.066900 -0.045534 0.032091 0.998447 0.000000 0.000000 0.000000 0.000000 1.000000
0.998255 0.038076 0.045145 0.000000 -0.036658 0.998821 -0.031830 11.066900 -0.046304 0.030120 0.998473 -0.000000 0.000000 0.000000 0.000000 1.000000
0.998000 0.044969 0.044429 -0.000000 -0.043788 0.998670 -0.027202 11.066900 -0.045593 0.025202 0.998642 -0.000000 0.000000 0.000000 0.000000 1.000000
0.997713 0.049697 0.045816 -0.000000 -0.048667 0.998542 -0.023337 11.066900 -0.046909 0.021054 0.998677 0.000000 0.000000 0.000000 0.000000 1.000000
0.997115 0.055107 0.052198 0.000000 -0.054158 0.998344 -0.019418 11.066900 -0.053182 0.016535 0.998448 0.000000 0.000000 0.000000 0.000000 1.000000
0.996600 0.059630 0.056855 0.000000 -0.058726 0.998122 -0.017443 11.066900 -0.057789 0.014045 0.998230 0.000000 0.000000 0.000000 0.000000 1.000000
0.996315 0.060618 0.060683 0.000000 -0.059567 0.998044 -0.018993 11.066900 -0.061716 0.015308 0.997976 0.000000 0.000000 0.000000 0.000000 1.000000
0.995967 0.061101 0.065697 -0.000000 -0.059927 0.998009 -0.019689 11.066900 -0.066769 0.015673 0.997645 0.000000 0.000000 0.000000 0.000000 1.000000
0.995346 0.062390 0.073448 0.000000 -0.061183 0.997954 -0.018570 11.066900 -0.074457 0.013990 0.997126 0.000000 0.000000 0.000000 0.000000 1.000000
0.994817 0.062518 0.080187 -0.000000 -0.061226 0.997953 -0.018483 11.066900 -0.081178 0.013478 0.996608 -0.000000 0.000000 0.000000 0.000000 1.000000
0.994355 0.062366 0.085842 -0.000000 -0.060835 0.997941 -0.020340 11.066900 -0.086933 0.015003 0.996101 -0.000000 0.000000 0.000000 0.000000 1.000000
0.993897 0.062091 0.091180 0.000000 -0.060226 0.997918 -0.023065 11.066900 -0.092422 0.017433 0.995567 0.000000 0.000000 0.000000 0.000000 1.000000
0.993464 0.061745 0.096001 -0.000000 -0.059485 0.997884 -0.026235 11.066900 -0.097418 0.020353 0.995035 0.000000 0.000000 0.000000 0.000000 1.000000
0.993082 0.061383 0.100102 0.000000 -0.058711 0.997841 -0.029427 11.066900 -0.101692 0.023347 0.994542 -0.000000 0.000000 0.000000 0.000000 1.000000
0.992776 0.061058 0.103281 -0.000000 -0.058014 0.997796 -0.032224 11.066900 -0.105021 0.025999 0.994130 0.000000 0.000000 0.000000 0.000000 1.000000
0.992575 0.060824 0.105336 0.000000 -0.057511 0.997759 -0.034207 11.066900 -0.107181 0.027895 0.993848 -0.000000 0.000000 0.000000 0.000000 1.000000
0.992503 0.060734 0.106067 -0.000000 -0.057318 0.997744 -0.034961 11.066900 -0.107951 0.028620 0.993744 0.000000 0.000000 0.000000 0.000000 1.000000</float_array>
        <technique_common>
