<?xml version="1.0" encoding="utf-8"?>
<COLLADA xmlns="http://www.collada.org/2005/11/COLLADASchema" version="1.4.1">
  <asset>
    <contributor>
      <author>Mixamo</author>
      <authoring_tool>COLLADA Mixamo exporter</authoring_tool>
      <comments/>
    </contributor>
    <created>2024-11-19T23:13:58Z</created>
    <modified>2024-11-19T23:13:58Z</modified>
    <revision/>
    <title/>
    <unit meter="0.010000"/>
    <up_axis>Y_UP</up_axis>
  </asset>
  <library_animations>
    <animation id="mixamorig_Hips-anim" name="mixamorig_Hips">
      <source id="mixamorig_Hips-Matrix-animation-input">
        <float_array id="mixamorig_Hips-Matrix-animation-input-array" count="130">

0.000000 0.033333 0.066667 0.100000 0.133333 0.166667 0.200000 0.233333 0.266667 0.300000 0.333333 0.366667 0.400000 0.433333 0.466667 0.500000
0.533333 0.566667 0.600000 0.633333 0.666667 0.700000 0.733333 0.766667 0.800000 0.833333 0.866667 0.900000 0.933333 0.966667 1.000000 1.033333
1.066667 1.100000 1.133333 1.166667 1.200000 1.233333 1.266667 1.300000 1.333333 1.366667 1.400000 1.433333 1.466667 1.500000 1.533333 1.566667
1.600000 1.633333 1.666667 1.700000 1.733333 1.766667 1.800000 1.833333 1.866667 1.900000 1.933333 1.966667 2.000000 2.033333 2.066667 2.100000
2.133333 2.166667 2.200000 2.233333 2.266667 2.300000 2.333333 2.366667 2.400000 2.433333 2.466667 2.500000 2.533333 2.566667 2.600000 2.633333
2.666667 2.700000 2.733333 2.766667 2.800000 2.833333 2.866667 2.900000 2.933333 2.966667 3.000000 3.033333 3.066667 3.100000 3.133333 3.166667
3.200000 3.233333 3.266667 3.300000 3.333333 3.366667 3.400000 3.433333 3.466667 3.500000 3.533333 3.566667 3.600000 3.633333 3.666667 3.700000
3.733333 3.766667 3.800000 3.833333 3.866667 3.900000 3.933333 3.966667 4.000000 4.033333 4.066667 4.100000 4.133333 4.166667 4.200000 4.233333
4.266667 4.300000</float_array>
        <technique_common>
          <accessor source="#mixamorig_Hips-Matrix-animation-input-array" count="130">
            <param name="TIME" type="float"/>
          </accessor>
        </technique_common>
      </source>
      <source id="mixamorig_Hips-Matrix-animation-output-transform">
        <float_array id="mixamorig_Hips-Matrix-animation-output-transform-array" count="2080">

0.995848 0.068131 0.060372 -0.699467 -0.091029 0.748944 0.656350 20.012922 -0.000498 -0.659121 0.752037 -64.153481 0.000000 0.000000 0.000000 1.000000
0.995379 0.063405 0.072113 -0.687057 -0.094961 0.761397 0.641293 20.116764 -0.014245 -0.645178 0.763899 -63.939697 0.000000 0.000000 0.000000 1.000000
0.994873 0.058826 0.082269 -0.644978 -0.097598 0.771715 0.628435 20.172581 -0.026520 -0.633242 0.773500 -63.760365 0.000000 0.000000 0.000000 1.000000
0.994415 0.054694 0.090263 -0.582560 -0.098951 0.780632 0.617108 20.190565 -0.036710 -0.622593 0.781685 -63.616982 0.000000 0.000000 0.000000 1.000000
0.994082 0.051150 0.095837 -0.514476 -0.099065 0.788874 0.606518 20.189785 -0.044580 -0.612422 0.789273 -63.504360 0.000000 0.000000 0.000000 1.000000
0.993931 0.047911 0.099021 -0.454172 -0.097802 0.796921 0.596114 20.188841 -0.050352 -0.602181 0.796770 -63.411983 0.000000 0.000000 0.000000 1.000000
0.993959 0.044698 0.100234 -0.410278 -0.095244 0.805080 0.585469 20.199711 -0.054527 -0.591479 0.804474 -63.335419 0.000000 0.000000 0.000000 1.000000
0.994132 0.041467 0.099909 -0.382186 -0.091668 0.813306 0.574570 20.224840 -0.057431 -0.580357 0.812335 -63.275475 0.000000 0.000000 0.000000 1.000000
0.994392 0.038141 0.098640 -0.365958 -0.087416 0.821388 0.563632 20.256092 -0.059524 -0.569094 0.820115 -63.234123 0.000000 0.000000 0.000000 1.000000
0.994709 0.034830 0.096645 -0.352613 -0.082728 0.829338 0.552589 20.290638 -0.060904 -0.557661 0.827831 -63.210899 0.000000 0.000000 0.000000 1.000000
0.995062 0.031246 0.094207 -0.341366 -0.077568 0.836978 0.541712 20.321793 -0.061923 -0.546344 0.835269 -63.201687 0.000000 0.000000 0.000000 1.000000
0.995415 0.027106 0.091728 -0.333225 -0.071929 0.844268 0.531072 20.344303 -0.063047 -0.535235 0.842347 -63.198399 0.000000 0.000000 0.000000 1.000000
0.995730 0.022331 0.089576 -0.331827 -0.065917 0.851308 0.520508 20.356487 -0.064633 -0.524190 0.849145 -63.191540 0.000000 0.000000 0.000000 1.000000
0.995985 0.017139 0.087869 -0.339408 -0.059714 0.858453 0.509403 20.362722 -0.066701 -0.512605 0.856030 -63.174179 0.000000 0.000000 0.000000 1.000000
0.996171 0.011478 0.086673 -0.356203 -0.053246 0.865939 0.497308 20.371746 -0.069345 -0.500018 0.863234 -63.156532 0.000000 0.000000 0.000000 1.000000
0.996291 0.005297 0.085888 -0.381354 -0.046324 0.874148 0.483445 20.391556 -0.072518 -0.485630 0.871151 -63.145828 0.000000 0.000000 0.000000 1.000000
0.996343 -0.001095 0.085435 -0.408288 -0.039113 0.883149 0.467460 20.429234 -0.075963 -0.469092 0.879876 -63.150631 0.000000 0.000000 0.000000 1.000000
0.996339 -0.007354 0.085168 -0.429976 -0.031802 0.892898 0.449135 20.491158 -0.079349 -0.450199 0.889395 -63.173252 0.000000 0.000000 0.000000 1.000000
0.996300 -0.013348 0.084902 -0.441434 -0.024408 0.903243 0.428435 20.581120 -0.082406 -0.428922 0.899575 -63.204533 0.000000 0.000000 0.000000 1.000000
0.996267 -0.018787 0.084254 -0.439001 -0.017076 0.913848 0.405696 20.696640 -0.084618 -0.405621 0.910116 -63.241165 0.000000 0.000000 0.000000 1.000000
0.996262 -0.023433 0.083149 -0.427307 -0.010061 0.924483 0.381091 20.832134 -0.085800 -0.380503 0.920791 -63.276390 0.000000 0.000000 0.000000 1.000000
0.996294 -0.027430 0.081525 -0.414461 -0.003318 0.934829 0.355082 20.978298 -0.085952 -0.354036 0.931274 -63.308674 0.000000 0.000000 0.000000 1.000000
0.996356 -0.031182 0.079390 -0.408654 0.003424 0.944654 0.328052 21.127853 -0.085226 -0.326584 0.941318 -63.338955 0.000000 0.000000 0.000000 1.000000
0.996414 -0.035268 0.076907 -0.417660 0.010559 0.953708 0.300548 21.271599 -0.083946 -0.298658 0.950661 -63.369690 0.000000 0.000000 0.000000 1.000000
0.996423 -0.040027 0.074420 -0.443966 0.018186 0.961635 0.273728 21.400343 -0.082521 -0.271396 0.958924 -63.401382 0.000000 0.000000 0.000000 1.000000
0.996349 -0.045548 0.072206 -0.484725 0.026222 0.968173 0.248905 21.505999 -0.081245 -0.246103 0.965833 -63.432549 0.000000 0.000000 0.000000 1.000000
0.996187 -0.051615 0.070341 -0.531283 0.034355 0.973164 0.227535 21.581078 -0.080198 -0.224251 0.971226 -63.456306 0.000000 0.000000 0.000000 1.000000
0.995966 -0.057533 0.068861 -0.574843 0.041911 0.976814 0.209947 21.627350 -0.079343 -0.206214 0.975285 -63.467785 0.000000 0.000000 0.000000 1.000000
0.995704 -0.062902 0.067944 -0.613495 0.048522 0.979464 0.195693 21.654625 -0.078858 -0.191555 0.978309 -63.461418 0.000000 0.000000 0.000000 1.000000
0.995381 -0.068078 0.067694 -0.654561 0.054632 0.981460 0.183716 21.677258 -0.078946 -0.179169 0.980646 -63.431141 0.000000 0.000000 0.000000 1.000000
0.994969 -0.073351 0.068238 -0.706993 0.060606 0.983052 0.173021 21.713097 -0.079773 -0.168015 0.982551 -63.370468 0.000000 0.000000 0.000000 1.000000
0.994449 -0.079010 0.069489 -0.780352 0.066865 0.984450 0.162441 21.780373 -0.081243 -0.156893 0.984268 -63.279549 0.000000 0.000000 0.000000 1.000000
0.993762 -0.085798 0.071252 -0.884727 0.074268 0.985720 0.151127 21.888386 -0.083201 -0.144893 0.985943 -63.165916 0.000000 0.000000 0.000000 1.000000
0.992855 -0.094258 0.073171 -1.023499 0.083501 0.986871 0.138248 22.039177 -0.085242 -0.131151 0.987691 -63.038544 0.000000 0.000000 0.000000 1.000000
0.991704 -0.104534 0.074807 -1.189177 0.094793 0.987786 0.123668 22.226656 -0.086821 -0.115551 0.989500 -62.904842 0.000000 0.000000 0.000000 1.000000
0.990310 -0.116273 0.075938 -1.369832 0.107797 0.988342 0.107520 22.446838 -0.087554 -0.098292 0.991299 -62.753368 0.000000 0.000000 0.000000 1.000000
0.988705 -0.128798 0.076643 -1.558332 0.121735 0.988417 0.090622 22.703886 -0.087428 -0.080268 0.992932 -62.550217 0.000000 0.000000 0.000000 1.000000
0.987002 -0.141092 0.076945 -1.753050 0.135412 0.987974 0.074642 23.012131 -0.086551 -0.063252 0.994237 -62.247921 0.000000 0.000000 0.000000 1.000000
0.985298 -0.152581 0.076856 -1.959237 0.148152 0.987118 0.060400 23.393162 -0.085082 -0.048126 0.995211 -61.793289 0.000000 0.000000 0.000000 1.000000
0.983659 -0.163224 0.075975 -2.179451 0.159878 0.985957 0.048251 23.868176 -0.082783 -0.035316 0.995942 -61.155102 0.000000 0.000000 0.000000 1.000000
0.982035 -0.173557 0.074066 -2.409458 0.171180 0.984531 0.037370 24.451504 -0.079406 -0.024020 0.996553 -60.329639 0.000000 0.000000 0.000000 1.000000
0.980099 -0.185171 0.071540 -2.649136 0.183758 0.982630 0.025921 25.147301 -0.075097 -0.012259 0.997101 -59.336300 0.000000 0.000000 0.000000 1.000000
0.977540 -0.198971 0.069465 -2.886676 0.198621 0.980003 0.011987 25.944345 -0.070461 0.002079 0.997512 -58.194603 0.000000 0.000000 0.000000 1.000000
0.974276 -0.214632 0.068696 -3.104953 0.215442 0.976506 -0.004522 26.819157 -0.066111 0.019206 0.997627 -56.917389 0.000000 0.000000 0.000000 1.000000
0.970308 -0.231696 0.069422 -3.275392 0.233721 0.972043 -0.022509 27.731190 -0.062266 0.038067 0.997333 -55.481651 0.000000 0.000000 0.000000 1.000000
0.965419 -0.250744 0.071366 -3.402950 0.253957 0.966385 -0.040076 28.653652 -0.058918 0.056814 0.996645 -53.833179 0.000000 0.000000 0.000000 1.000000
0.960083 -0.270153 0.072508 -3.442523 0.274274 0.960107 -0.054475 29.546021 -0.054899 0.072188 0.995879 -51.955360 0.000000 0.000000 0.000000 1.000000
0.954301 -0.290142 0.071604 -3.388471 0.294672 0.953470 -0.063749 30.396099 -0.049776 0.081935 0.995394 -49.837093 0.000000 0.000000 0.000000 1.000000
0.948266 -0.310434 0.066498 -3.230863 0.314677 0.946809 -0.067318 31.203396 -0.042063 0.084760 0.995513 -47.511639 0.000000 0.000000 0.000000 1.000000
0.941848 -0.331172 0.056994 -2.971914 0.334589 0.939938 -0.067579 31.988726 -0.031190 0.082718 0.996085 -45.030495 0.000000 0.000000 0.000000 1.000000
0.935287 -0.351200 0.043546 -2.625895 0.353479 0.933026 -0.067191 32.783058 -0.017032 0.078236 0.996789 -42.469025 0.000000 0.000000 0.000000 1.000000
0.928948 -0.369226 0.026967 -2.224650 0.370209 0.926314 -0.069918 33.573532 0.000835 0.074934 0.997188 -39.916813 0.000000 0.000000 0.000000 1.000000
0.923404 -0.383758 0.007463 -1.758722 0.383128 0.920364 -0.078381 34.492188 0.023211 0.075237 0.996896 -37.361134 0.000000 0.000000 0.000000 1.000000
0.918756 -0.394544 -0.014902 -1.250181 0.391584 0.915391 -0.093388 35.565472 0.050487 0.079965 0.995518 -34.868347 0.000000 0.000000 0.000000 1.000000
0.914692 -0.402152 -0.040149 -0.722215 0.395693 0.911338 -0.113533 36.736595 0.082247 0.087961 0.992723 -32.521336 0.000000 0.000000 0.000000 1.000000
0.911149 -0.406413 -0.068089 -0.175144 0.395043 0.908494 -0.136309 37.997742 0.117257 0.097300 0.988324 -30.360329 0.000000 0.000000 0.000000 1.000000
0.908267 -0.406947 -0.097183 0.378421 0.389393 0.907166 -0.159447 39.335625 0.153048 0.106978 0.982411 -28.431709 0.000000 0.000000 0.000000 1.000000
0.906803 -0.402538 -0.125187 0.918407 0.377971 0.907873 -0.181397 40.718491 0.186674 0.117175 0.975409 -26.799372 0.000000 0.000000 0.000000 1.000000
0.907657 -0.392148 -0.149593 1.408039 0.360332 0.910831 -0.201364 42.137787 0.215218 0.128866 0.968026 -25.526405 0.000000 0.000000 0.000000 1.000000
0.911353 -0.375428 -0.168790 1.817603 0.336701 0.915795 -0.218978 43.601425 0.236788 0.142734 0.961020 -24.625822 0.000000 0.000000 0.000000 1.000000
0.917711 -0.352676 -0.182830 2.136229 0.307887 0.922287 -0.233649 45.127247 0.251024 0.158131 0.954977 -24.030518 0.000000 0.000000 0.000000 1.000000
0.925470 -0.326248 -0.192531 2.371037 0.276397 0.929090 -0.245758 46.744911 0.259057 0.174226 0.950018 -23.625195 0.000000 0.000000 0.000000 1.000000
0.933833 -0.296859 -0.199574 2.555390 0.243156 0.936002 -0.254511 48.436272 0.262355 0.189144 0.946253 -23.313414 0.000000 0.000000 0.000000 1.000000
0.942121 -0.265551 -0.204671 2.683079 0.209211 0.942661 -0.260041 50.232056 0.261989 0.202171 0.943657 -23.001747 0.000000 0.000000 0.000000 1.000000
0.950019 -0.232725 -0.208093 2.775891 0.174846 0.948842 -0.262921 52.128799 0.258636 0.213396 0.942109 -22.660431 0.000000 0.000000 0.000000 1.000000
0.957156 -0.199402 -0.209978 2.839637 0.140678 0.954013 -0.264704 54.132420 0.253105 0.223824 0.941191 -22.275816 0.000000 0.000000 0.000000 1.000000
0.963018 -0.167734 -0.210861 2.875794 0.108145 0.957416 -0.267693 56.258636 0.246783 0.234990 0.940148 -21.861383 0.000000 0.000000 0.000000 1.000000
0.967258 -0.140079 -0.211634 2.888066 0.078944 0.958579 -0.273669 58.525604 0.241203 0.248001 0.938252 -21.440979 0.000000 0.000000 0.000000 1.000000
0.969951 -0.117747 -0.212912 2.891233 0.054181 0.957653 -0.282781 60.937546 0.237192 0.262748 0.935256 -21.026018 0.000000 0.000000 0.000000 1.000000
0.971518 -0.100657 -0.214527 2.900820 0.034149 0.955321 -0.293592 63.485546 0.234494 0.277904 0.931548 -20.618473 0.000000 0.000000 0.000000 1.000000
0.972626 -0.088070 -0.215040 2.922019 0.019052 0.952504 -0.303929 66.152161 0.231594 0.291512 0.928108 -20.210722 0.000000 0.000000 0.000000 1.000000
0.973865 -0.078554 -0.213111 2.954087 0.008399 0.950100 -0.311832 68.912788 0.226972 0.301893 0.925929 -19.791538 0.000000 0.000000 0.000000 1.000000
0.975623 -0.070789 -0.207724 2.995162 0.001536 0.948726 -0.316097 71.733925 0.219450 0.308072 0.925707 -19.354504 0.000000 0.000000 0.000000 1.000000
0.977961 -0.063993 -0.198738 3.039546 -0.002238 0.948603 -0.316460 74.570335 0.208774 0.309931 0.927554 -18.898966 0.000000 0.000000 0.000000 1.000000
0.980683 -0.057591 -0.186936 3.083238 -0.003981 0.949601 -0.313437 77.377281 0.195565 0.308126 0.931028 -18.428326 0.000000 0.000000 0.000000 1.000000
0.983502 -0.052031 -0.173251 3.112817 -0.003942 0.951350 -0.308088 80.103180 0.180853 0.303688 0.935449 -17.939472 0.000000 0.000000 0.000000 1.000000
0.986218 -0.047975 -0.158343 3.133559 -0.001975 0.953554 -0.301215 82.621254 0.165439 0.297376 0.940318 -17.409035 0.000000 0.000000 0.000000 1.000000
0.988741 -0.046236 -0.142312 3.122501 0.002497 0.956030 -0.293259 84.927612 0.149614 0.289602 0.945382 -16.825962 0.000000 0.000000 0.000000 1.000000
0.991009 -0.046217 -0.125562 3.066119 0.008798 0.958925 -0.283524 87.060890 0.133508 0.279870 0.950709 -16.172747 0.000000 0.000000 0.000000 1.000000
0.993013 -0.046254 -0.108561 2.964673 0.015324 0.962734 -0.270016 89.027168 0.117005 0.266466 0.956716 -15.433285 0.000000 0.000000 0.000000 1.000000
0.994805 -0.044672 -0.091474 2.824126 0.020378 0.967772 -0.251004 90.838928 0.099739 0.247836 0.963654 -14.599720 0.000000 0.000000 0.000000 1.000000
0.996440 -0.040863 -0.073736 2.660424 0.023230 0.973898 -0.225793 92.493088 0.081038 0.223277 0.971381 -13.683813 0.000000 0.000000 0.000000 1.000000
0.997835 -0.035858 -0.055140 2.488006 0.024465 0.980516 -0.194908 93.987991 0.061055 0.193137 0.979270 -12.716471 0.000000 0.000000 0.000000 1.000000
0.998873 -0.030769 -0.036142 2.321079 0.024585 0.986720 -0.160559 95.325882 0.040602 0.159490 0.986364 -11.726957 0.000000 0.000000 0.000000 1.000000
0.999498 -0.026235 -0.017751 2.171088 0.023789 0.991719 -0.126205 96.515213 0.020915 0.125720 0.991845 -10.732100 0.000000 0.000000 0.000000 1.000000
0.999742 -0.022710 -0.001033 2.043303 0.022507 0.995151 -0.095744 97.565331 0.003202 0.095696 0.995405 -9.739703 0.000000 0.000000 0.000000 1.000000
0.999706 -0.019979 0.013774 1.941728 0.020922 0.997177 -0.072109 98.483032 -0.012295 0.072376 0.997302 -8.759927 0.000000 0.000000 0.000000 1.000000
0.999480 -0.017819 0.026879 1.867424 0.019313 0.998223 -0.056380 99.267944 -0.025826 0.056870 0.998048 -7.808226 0.000000 0.000000 0.000000 1.000000
0.999128 -0.016084 0.038531 1.822685 0.017916 0.998702 -0.047670 99.921791 -0.037715 0.048318 0.998120 -6.904511 0.000000 0.000000 0.000000 1.000000
0.998703 -0.014891 0.048695 1.811731 0.017027 0.998898 -0.043746 100.451782 -0.047990 0.044518 0.997855 -6.067771 0.000000 0.000000 0.000000 1.000000
0.998258 -0.014678 0.057136 1.835820 0.017091 0.998973 -0.041973 100.872498 -0.056462 0.042877 0.997484 -5.308667 0.000000 0.000000 0.000000 1.000000
0.997854 -0.015358 0.063654 1.889957 0.017946 0.999027 -0.040296 101.204010 -0.062974 0.041352 0.997158 -4.625672 0.000000 0.000000 0.000000 1.000000
0.997525 -0.016294 0.068399 1.957409 0.018920 0.999102 -0.037910 101.468765 -0.067719 0.039110 0.996938 -4.005497 0.000000 0.000000 0.000000 1.000000
0.997293 -0.016609 0.071636 2.017201 0.019164 0.999199 -0.035137 101.679909 -0.070995 0.036415 0.996812 -3.433502 0.000000 0.000000 0.000000 1.000000
0.997166 -0.016035 0.073510 2.042681 0.018499 0.999285 -0.032969 101.853851 -0.072929 0.034236 0.996749 -2.901629 0.000000 0.000000 0.000000 1.000000
0.997160 -0.014747 0.073851 2.012948 0.017183 0.999325 -0.032462 101.996094 -0.073323 0.033638 0.996741 -2.413394 0.000000 0.000000 0.000000 1.000000
0.997227 -0.013465 0.073193 1.934364 0.016001 0.999288 -0.034165 102.105690 -0.072681 0.035241 0.996732 -1.978870 0.000000 0.000000 0.000000 1.000000
0.997386 -0.012625 0.071148 1.800178 0.015341 0.999169 -0.037754 102.181450 -0.070612 0.038747 0.996751 -1.606301 0.000000 0.000000 0.000000 1.000000
0.997600 -0.012499 0.068103 1.630026 0.015401 0.998988 -0.042263 102.224220 -0.067506 0.043211 0.996783 -1.299639 0.000000 0.000000 0.000000 1.000000
0.997851 -0.012983 0.064224 1.445344 0.015992 0.998788 -0.046557 102.235535 -0.063542 0.047484 0.996849 -1.057481 0.000000 0.000000 0.000000 1.000000
0.998127 -0.013779 0.059599 1.270240 0.016759 0.998619 -0.049790 102.219391 -0.058831 0.050695 0.996980 -0.874416 0.000000 0.000000 0.000000 1.000000
0.998415 -0.014576 0.054358 1.128106 0.017393 0.998510 -0.051720 102.185150 -0.053523 0.052584 0.997181 -0.741200 0.000000 0.000000 0.000000 1.000000
0.998694 -0.015299 0.048742 1.038475 0.017863 0.998455 -0.052608 102.145454 -0.047862 0.053410 0.997425 -0.643810 0.000000 0.000000 0.000000 1.000000
0.998939 -0.016296 0.043072 1.018464 0.018558 0.998441 -0.052648 102.110718 -0.042147 0.053391 0.997684 -0.568196 0.000000 0.000000 0.000000 1.000000
0.999166 -0.017701 0.036790 1.066642 0.019609 0.998447 -0.052149 102.089752 -0.035810 0.052827 0.997961 -0.502546 0.000000 0.000000 0.000000 1.000000
0.999354 -0.019342 0.030284 1.194904 0.020898 0.998433 -0.051910 102.087646 -0.029232 0.052509 0.998192 -0.433056 0.000000 0.000000 0.000000 1.000000
0.999492 -0.021110 0.023876 1.378700 0.022325 0.998407 -0.051813 102.102463 -0.022744 0.052320 0.998371 -0.359261 0.000000 0.000000 0.000000 1.000000
0.999585 -0.022680 0.017779 1.597436 0.023568 0.998398 -0.051449 102.123459 -0.016584 0.051846 0.998517 -0.283449 0.000000 0.000000 0.000000 1.000000
0.999645 -0.023676 0.012230 1.822897 0.024266 0.998425 -0.050574 102.141579 -0.011014 0.050853 0.998645 -0.210173 0.000000 0.000000 0.000000 1.000000
0.999686 -0.023940 0.007350 2.024406 0.024273 0.998498 -0.049120 102.152466 -0.006163 0.049283 0.998766 -0.144366 0.000000 0.000000 0.000000 1.000000
0.999716 -0.023630 0.003150 2.175215 0.023752 0.998608 -0.047085 102.156578 -0.002033 0.047147 0.998886 -0.088205 0.000000 0.000000 0.000000 1.000000
0.999733 -0.023111 -0.000482 2.251575 0.023067 0.998746 -0.044437 102.158783 0.001509 0.044414 0.999012 -0.041802 0.000000 0.000000 0.000000 1.000000
0.999733 -0.022913 -0.003049 2.257446 0.022769 0.998901 -0.040968 102.160660 0.003984 0.040888 0.999156 -0.005349 0.000000 0.000000 0.000000 1.000000
0.999726 -0.022808 -0.005223 2.204886 0.022603 0.999082 -0.036388 102.167091 0.006048 0.036260 0.999324 0.031434 0.000000 0.000000 0.000000 1.000000
0.999704 -0.023385 -0.006669 2.100313 0.023170 0.999261 -0.030679 102.181190 0.007381 0.030516 0.999507 0.064283 0.000000 0.000000 0.000000 1.000000
0.999674 -0.024260 -0.007957 1.971990 0.024064 0.999425 -0.023881 102.202713 0.008531 0.023682 0.999683 0.092314 0.000000 0.000000 0.000000 1.000000
0.999634 -0.025289 -0.009633 1.844155 0.025130 0.999551 -0.016327 102.224632 0.010042 0.016079 0.999820 0.111227 0.000000 0.000000 0.000000 1.000000
0.999576 -0.026373 -0.012333 1.739760 0.026267 0.999617 -0.008657 102.238541 0.012557 0.008330 0.999886 0.115340 0.000000 0.000000 0.000000 1.000000
0.999491 -0.027354 -0.016411 1.678204 0.027324 0.999625 -0.002051 102.241348 0.016461 0.001601 0.999863 0.100986 0.000000 0.000000 0.000000 1.000000
0.999375 -0.028342 -0.021140 1.663661 0.028392 0.999595 0.002054 102.234207 0.021073 -0.002653 0.999774 0.067590 0.000000 0.000000 0.000000 1.000000
0.999238 -0.029545 -0.025487 1.688030 0.029630 0.999557 0.002947 102.219612 0.025389 -0.003700 0.999671 0.012449 0.000000 0.000000 0.000000 1.000000
0.999109 -0.030975 -0.028656 1.741473 0.031009 0.999519 0.000753 102.200470 0.028619 -0.001641 0.999589 -0.060448 0.000000 0.000000 0.000000 1.000000
0.999010 -0.032680 -0.030196 1.812932 0.032586 0.999462 -0.003612 102.180763 0.030298 0.002624 0.999537 -0.140157 0.000000 0.000000 0.000000 1.000000
0.998953 -0.034545 -0.029991 1.888428 0.034289 0.999371 -0.009009 102.163010 0.030283 0.007971 0.999510 -0.216949 0.000000 0.000000 0.000000 1.000000
0.998936 -0.036336 -0.028407 1.954203 0.035942 0.999252 -0.014253 102.148842 0.028904 0.013217 0.999495 -0.282389 0.000000 0.000000 0.000000 1.000000
0.998941 -0.037623 -0.026478 2.003372 0.037145 0.999142 -0.018339 102.139687 0.027145 0.017336 0.999481 -0.330457 0.000000 0.000000 0.000000 1.000000
0.998956 -0.038113 -0.025167 2.032625 0.037596 0.999078 -0.020706 102.136826 0.025933 0.019738 0.999469 -0.355865 0.000000 0.000000 0.000000 1.000000
0.998997 -0.037514 -0.024441 2.035026 0.036988 0.999082 -0.021628 102.139465 0.025230 0.020702 0.999467 -0.363085 0.000000 0.000000 0.000000 1.000000
0.999070 -0.035734 -0.024125 2.010144 0.035204 0.999137 -0.022052 102.142899 0.024892 0.021182 0.999466 -0.365362 0.000000 0.000000 0.000000 1.000000
0.999138 -0.033416 -0.024620 1.971378 0.032849 0.999194 -0.023088 102.145126 0.025372 0.022260 0.999430 -0.359619 0.000000 0.000000 0.000000 1.000000</float_array>
        <technique_common>
          <accessor source="#mixamorig_Hips-Matrix-animation-output-transform-array" count="130" stride="16">
            <param type="float4x4"/>
          </accessor>
        </technique_common>
      </source>
      <source id="mixamorig_Hips-Interpolations">
        <Name_array id="mixamorig_Hips-Interpolations-array" count="130">
 LINEAR LINEAR LINEAR LINEAR LINEAR LINEAR LINEAR LINEAR LINEAR LINEAR LINEAR
LINEAR LINEAR LINEAR LINEAR LINEAR LINEAR LINEAR LINEAR LINEAR LINEAR LINEAR LINEAR
LINEAR LINEAR LINEAR LINEAR LINEAR LINEAR LINEAR LINEAR LINEAR LINEAR LINEAR LINEAR
LINEAR LINEAR LINEAR LINEAR LINEAR LINEAR LINEAR LINEAR LINEAR LINEAR LINEAR LINEAR
LINEAR LINEAR LINEAR LINEAR LINEAR LINEAR LINEAR LINEAR LINEAR LINEAR LINEAR LINEAR
LINEAR LINEAR LINEAR LINEAR LINEAR LINEAR LINEAR LINEAR LINEAR LINEAR LINEAR LINEAR
LINEAR LINEAR LINEAR LINEAR LINEAR LINEAR LINEAR LINEAR LINEAR LINEAR LINEAR LINEAR
LINEAR LINEAR LINEAR LINEAR LINEAR LINEAR LINEAR LINEAR LINEAR LINEAR LINEAR LINEAR
LINEAR LINEAR LINEAR LINEAR LINEAR LINEAR LINEAR LINEAR LINEAR LINEAR LINEAR LINEAR
LINEAR LINEAR LINEAR LINEAR LINEAR LINEAR LINEAR LINEAR LINEAR LINEAR LINEAR LINEAR
LINEAR LINEAR LINEAR LINEAR LINEAR LINEAR LINEAR LINEAR LINEAR LINEAR LINEAR</Name_array>
        <technique_common>
          <accessor source="#mixamorig_Hips-Interpolations-array" count="130">
            <param type="name"/>
          </accessor>
        </technique_common>
      </source>
      <sampler id="mixamorig_Hips-Matrix-animation-transform">
        <input semantic="INPUT" source="#mixamorig_Hips-Matrix-animation-input"/>
        <input semantic="OUTPUT" source="#mixamorig_Hips-Matrix-animation-output-transform"/>
        <input semantic="INTERPOLATION" source="#mixamorig_Hips-Interpolations"/>
      </sampler>
      <channel source="#mixamorig_Hips-Matrix-animation-transform" target="mixamorig_Hips/matrix"/>
    </animation>
    <animation id="mixamorig_Spine-anim" name="mixamorig_Spine">
      <source id="mixamorig_Spine-Matrix-animation-input">
        <float_array id="mixamorig_Spine-Matrix-animation-input-array" count="130">

0.000000 0.033333 0.066667 0.100000 0.133333 0.166667 0.200000 0.233333 0.266667 0.300000 0.333333 0.366667 0.400000 0.433333 0.466667 0.500000
0.533333 0.566667 0.600000 0.633333 0.666667 0.700000 0.733333 0.766667 0.800000 0.833333 0.866667 0.900000 0.933333 0.966667 1.000000 1.033333
1.066667 1.100000 1.133333 1.166667 1.200000 1.233333 1.266667 1.300000 1.333333 1.366667 1.400000 1.433333 1.466667 1.500000 1.533333 1.566667
1.600000 1.633333 1.666667 1.700000 1.733333 1.766667 1.800000 1.833333 1.866667 1.900000 1.933333 1.966667 2.000000 2.033333 2.066667 2.100000
2.133333 2.166667 2.200000 2.233333 2.266667 2.300000 2.333333 2.366667 2.400000 2.433333 2.466667 2.500000 2.533333 2.566667 2.600000 2.633333
2.666667 2.700000 2.733333 2.766667 2.800000 2.833333 2.866667 2.900000 2.933333 2.966667 3.000000 3.033333 3.066667 3.100000 3.133333 3.166667
3.200000 3.233333 3.266667 3.300000 3.333333 3.366667 3.400000 3.433333 3.466667 3.500000 3.533333 3.566667 3.600000 3.633333 3.666667 3.700000
3.733333 3.766667 3.800000 3.833333 3.866667 3.900000 3.933333 3.966667 4.000000 4.033333 4.066667 4.100000 4.133333 4.166667 4.200000 4.233333
4.266667 4.300000</float_array>
        <technique_common>
          <accessor source="#mixamorig_Spine-Matrix-animation-input-array" count="130">
            <param name="TIME" type="float"/>
          </accessor>
        </technique_common>
      </source>
      <source id="mixamorig_Spine-Matrix-animation-output-transform">
        <float_array id="mixamorig_Spine-Matrix-animation-output-transform-array" count="2080">

0.987717 -0.121195 -0.098625 0.004700 0.005456 0.657553 -0.753389 5.245300 0.156158 0.743597 0.650137 0.258800 0.000000 0.000000 0.000000 1.000000
0.988438 -0.116229 -0.097369 0.004700 0.002756 0.655838 -0.754896 5.245300 0.151599 0.745900 0.648576 0.258800 0.000000 0.000000 0.000000 1.000000
0.989046 -0.112594 -0.095447 0.004700 0.001507 0.654304 -0.756230 5.245300 0.147598 0.747803 0.647306 0.258800 0.000000 0.000000 0.000000 1.000000
0.989454 -0.107084 -0.097543 0.004700 -0.003587 0.655083 -0.755548 5.245300 0.144806 0.747930 0.647790 0.258800 0.000000 0.000000 0.000000 1.000000
0.989465 -0.097556 -0.106967 0.004700 -0.016212 0.659549 -0.751487 5.245300 0.143862 0.745304 0.651019 0.258800 0.000000 0.000000 0.000000 1.000000
0.988964 -0.086011 -0.120634 0.004700 -0.032744 0.667206 -0.744153 5.245300 0.144493 0.739891 0.657027 0.258800 0.000000 0.000000 0.000000 1.000000
0.988306 -0.076878 -0.131688 0.004700 -0.045261 0.676792 -0.734782 5.245300 0.145614 0.732149 0.665398 0.258800 0.000000 0.000000 0.000000 1.000000
0.987937 -0.072323 -0.136930 0.004700 -0.050029 0.687761 -0.724212 5.245300 0.146552 0.722326 0.675846 0.258800 0.000000 0.000000 0.000000 1.000000
0.987685 -0.070648 -0.139596 0.004700 -0.050545 0.700313 -0.712044 5.245300 0.148065 0.710332 0.688118 0.258800 0.000000 0.000000 0.000000 1.000000
0.987046 -0.068973 -0.144856 0.004700 -0.052448 0.714554 -0.697612 5.245300 0.151624 0.696172 0.701680 0.258800 0.000000 0.000000 0.000000 1.000000
0.985788 -0.066199 -0.154399 0.004700 -0.057692 0.729784 -0.681240 5.245300 0.157775 0.680466 0.715593 0.258800 0.000000 0.000000 0.000000 1.000000
0.984129 -0.063168 -0.165831 0.004700 -0.064135 0.744721 -0.664288 5.245300 0.165460 0.664380 0.728850 0.258800 0.000000 0.000000 0.000000 1.000000
0.982513 -0.061087 -0.175890 0.004700 -0.068868 0.758436 -0.648099 5.245300 0.172991 0.648879 0.740966 0.258800 0.000000 0.000000 0.000000 1.000000
0.981262 -0.060633 -0.182888 0.004700 -0.070348 0.770926 -0.633028 5.245300 0.179375 0.634033 0.752215 0.258800 0.000000 0.000000 0.000000 1.000000
0.980436 -0.061875 -0.186861 0.004700 -0.068438 0.782929 -0.618335 5.245300 0.184559 0.619026 0.763377 0.258800 0.000000 0.000000 0.000000 1.000000
0.979840 -0.063791 -0.189326 0.004700 -0.064658 0.795395 -0.602632 5.245300 0.189031 0.602725 0.775236 0.258800 0.000000 0.000000 0.000000 1.000000
0.979135 -0.064231 -0.192792 0.004700 -0.062043 0.808941 -0.584607 5.245300 0.193507 0.584370 0.788078 0.258800 0.000000 0.000000 0.000000 1.000000
0.978116 -0.061670 -0.198710 0.004700 -0.062657 0.823418 -0.563966 5.245300 0.198401 0.564075 0.801534 0.258800 0.000000 0.000000 0.000000 1.000000
0.976965 -0.056959 -0.205656 0.004700 -0.065185 0.838004 -0.541756 5.245300 0.203199 0.542683 0.814988 0.258800 0.000000 0.000000 0.000000 1.000000
0.976148 -0.052406 -0.210686 0.004700 -0.066359 0.851968 -0.519372 5.245300 0.206716 0.520965 0.828169 0.258800 0.000000 0.000000 0.000000 1.000000
0.975869 -0.049442 -0.212684 0.004700 -0.064544 0.865185 -0.497281 5.245300 0.208598 0.499009 0.841116 0.258800 0.000000 0.000000 0.000000 1.000000
0.975956 -0.047896 -0.212641 0.004700 -0.060437 0.877846 -0.475115 5.245300 0.209422 0.476543 0.853844 0.258800 0.000000 0.000000 0.000000 1.000000
0.976254 -0.047397 -0.211378 0.004700 -0.054816 0.889964 -0.452724 5.245300 0.209577 0.453561 0.866233 0.258800 0.000000 0.000000 0.000000 1.000000
0.976925 -0.048369 -0.208032 0.004700 -0.047084 0.901284 -0.430662 5.245300 0.208326 0.430520 0.878210 0.258800 0.000000 0.000000 0.000000 1.000000
0.978122 -0.051028 -0.201676 0.004700 -0.036920 0.911481 -0.409683 5.245300 0.204729 0.408165 0.889656 0.258800 0.000000 0.000000 0.000000 1.000000
0.979537 -0.053867 -0.193921 0.004700 -0.026662 0.920297 -0.390311 5.245300 0.199490 0.387494 0.900029 0.258800 0.000000 0.000000 0.000000 1.000000
0.980557 -0.054369 -0.188551 0.004700 -0.020326 0.927542 -0.373165 5.245300 0.195178 0.369742 0.908403 0.258800 0.000000 0.000000 0.000000 1.000000
0.980884 -0.051962 -0.187527 0.004700 -0.019259 0.933034 -0.359273 5.245300 0.193637 0.356017 0.914197 0.258800 0.000000 0.000000 0.000000 1.000000
0.980873 -0.049583 -0.188226 0.004700 -0.019714 0.936733 -0.349489 5.245300 0.193646 0.346515 0.917839 0.258800 0.000000 0.000000 0.000000 1.000000
0.981184 -0.051128 -0.186184 0.004700 -0.016245 0.939021 -0.343476 5.245300 0.192392 0.340037 0.920522 0.258800 0.000000 0.000000 0.000000 1.000000
0.981974 -0.057376 -0.180098 0.004700 -0.007297 0.940598 -0.339443 5.245300 0.188876 0.334638 0.923224 0.258800 0.000000 0.000000 0.000000 1.000000
0.982738 -0.065255 -0.173114 0.004700 0.003549 0.942207 -0.335013 5.245300 0.184970 0.328615 0.926174 0.258800 0.000000 0.000000 0.000000 1.000000
0.982929 -0.070639 -0.169885 0.004700 0.011132 0.944501 -0.328320 5.245300 0.183649 0.320824 0.929164 0.258800 0.000000 0.000000 0.000000 1.000000
0.982316 -0.070922 -0.173276 0.004700 0.012259 0.947858 -0.318458 5.245300 0.186827 0.310702 0.931966 0.258800 0.000000 0.000000 0.000000 1.000000
0.980872 -0.065761 -0.183207 0.004700 0.006804 0.952212 -0.305363 5.245300 0.194533 0.298276 0.934445 0.258800 0.000000 0.000000 0.000000 1.000000
0.978770 -0.056741 -0.196951 0.004700 -0.002736 0.957214 -0.289368 5.245300 0.204943 0.283764 0.936737 0.258800 0.000000 0.000000 0.000000 1.000000
0.976335 -0.045914 -0.211333 0.004700 -0.013230 0.962692 -0.270275 5.245300 0.215858 0.266675 0.939303 0.258800 0.000000 0.000000 0.000000 1.000000
0.973665 -0.033602 -0.225496 0.004700 -0.023685 0.968818 -0.246640 5.245300 0.226752 0.245486 0.942508 0.258800 0.000000 0.000000 0.000000 1.000000
0.970570 -0.018680 -0.240094 0.004700 -0.034841 0.975605 -0.216749 5.245300 0.238286 0.218735 0.946242 0.258800 0.000000 0.000000 0.000000 1.000000
0.967541 -0.002140 -0.252704 0.004700 -0.045085 0.982460 -0.180940 5.245300 0.248659 0.186460 0.950474 0.258800 0.000000 0.000000 0.000000 1.000000
0.966251 0.011771 -0.257332 0.004700 -0.049841 0.988622 -0.141926 5.245300 0.252733 0.149962 0.955844 0.258800 0.000000 0.000000 0.000000 1.000000
0.967419 0.020673 -0.252333 0.004700 -0.047729 0.993682 -0.101579 5.245300 0.248639 0.110313 0.962294 0.258800 0.000000 0.000000 0.000000 1.000000
0.969100 0.028182 -0.245051 0.004700 -0.043810 0.997322 -0.058559 5.245300 0.242745 0.067485 0.967740 0.258800 0.000000 0.000000 0.000000 1.000000
0.969143 0.038724 -0.243438 0.004700 -0.042634 0.999032 -0.010810 5.245300 0.242784 0.020856 0.969856 0.258800 0.000000 0.000000 0.000000 1.000000
0.968160 0.050138 -0.245261 0.004700 -0.041377 0.998312 0.040747 5.245300 0.246890 -0.029301 0.968600 0.258800 0.000000 0.000000 0.000000 1.000000
0.968238 0.056641 -0.243529 0.004700 -0.034854 0.995069 0.092861 5.245300 0.247588 -0.081424 0.965438 0.258800 0.000000 0.000000 0.000000 1.000000
0.969440 0.056992 -0.238618 0.004700 -0.022960 0.989451 0.143040 5.245300 0.244253 -0.133190 0.960521 0.258800 0.000000 0.000000 0.000000 1.000000
0.969982 0.053686 -0.237176 0.004700 -0.007897 0.981766 0.189929 5.245300 0.243048 -0.182355 0.952719 0.258800 0.000000 0.000000 0.000000 1.000000
0.969453 0.045742 -0.240973 0.004700 0.011682 0.972730 0.231644 5.245300 0.244998 -0.227384 0.942482 0.258800 0.000000 0.000000 0.000000 1.000000
0.969198 0.027821 -0.244706 0.004700 0.039405 0.963282 0.265584 5.245300 0.243110 -0.267046 0.932515 0.258800 0.000000 0.000000 0.000000 1.000000
0.969348 -0.002151 -0.245684 0.004700 0.075615 0.954040 0.289984 5.245300 0.233768 -0.299673 0.924959 0.258800 0.000000 0.000000 0.000000 1.000000
0.967566 -0.038278 -0.249702 0.004700 0.115944 0.945485 0.304329 5.245300 0.224440 -0.323409 0.919257 0.258800 0.000000 0.000000 0.000000 1.000000
0.962032 -0.071466 -0.263414 0.004700 0.153994 0.938950 0.307666 5.245300 0.225345 -0.336549 0.914306 0.258800 0.000000 0.000000 0.000000 1.000000
0.954027 -0.098224 -0.283168 0.004700 0.184501 0.937016 0.296581 5.245300 0.236202 -0.335191 0.912061 0.258800 0.000000 0.000000 0.000000 1.000000
0.947455 -0.122517 -0.295498 0.004700 0.204683 0.942084 0.265675 5.245300 0.245834 -0.312199 0.917659 0.258800 0.000000 0.000000 0.000000 1.000000
0.945360 -0.148718 -0.290135 0.004700 0.214654 0.953725 0.210554 5.245300 0.245396 -0.261328 0.933536 0.258800 0.000000 0.000000 0.000000 1.000000
0.946751 -0.175292 -0.270065 0.004700 0.216620 0.967358 0.131507 5.245300 0.238198 -0.183006 0.953819 0.258800 0.000000 0.000000 0.000000 1.000000
0.948689 -0.195841 -0.248265 0.004700 0.211051 0.976814 0.035936 5.245300 0.235471 -0.086488 0.968025 0.258800 0.000000 0.000000 0.000000 1.000000
0.949799 -0.204836 -0.236482 0.004700 0.195021 0.978680 -0.064437 5.245300 0.244639 0.015083 0.969497 0.258800 0.000000 0.000000 0.000000 1.000000
0.950282 -0.201588 -0.237334 0.004700 0.166499 0.973007 -0.159798 5.245300 0.263141 0.112337 0.958195 0.258800 0.000000 0.000000 0.000000 1.000000
0.950724 -0.190151 -0.244881 0.004700 0.128930 0.960785 -0.245497 5.245300 0.281960 0.201827 0.937958 0.258800 0.000000 0.000000 0.000000 1.000000
0.951836 -0.177066 -0.250311 0.004700 0.090854 0.942608 -0.321303 5.245300 0.292837 0.283086 0.913296 0.258800 0.000000 0.000000 0.000000 1.000000
0.954104 -0.168092 -0.247853 0.004700 0.060838 0.919155 -0.389169 5.245300 0.293231 0.356229 0.887196 0.258800 0.000000 0.000000 0.000000 1.000000
0.957103 -0.165251 -0.238006 0.004700 0.041812 0.891592 -0.450906 5.245300 0.286716 0.421612 0.860254 0.258800 0.000000 0.000000 0.000000 1.000000
0.959944 -0.166466 -0.225381 0.004700 0.030418 0.861541 -0.506777 5.245300 0.278536 0.479622 0.832094 0.258800 0.000000 0.000000 0.000000 1.000000
0.962242 -0.167567 -0.214505 0.004700 0.020971 0.831345 -0.555361 5.245300 0.271388 0.529893 0.803469 0.258800 0.000000 0.000000 0.000000 1.000000
0.964201 -0.165100 -0.207503 0.004700 0.009733 0.804035 -0.594502 5.245300 0.264992 0.571200 0.776859 0.258800 0.000000 0.000000 0.000000 1.000000
0.966026 -0.158342 -0.204258 0.004700 -0.003408 0.782463 -0.622688 5.245300 0.258422 0.602229 0.755340 0.258800 0.000000 0.000000 0.000000 1.000000
0.967817 -0.150085 -0.202004 0.004700 -0.014457 0.768213 -0.640031 5.245300 0.251241 0.622353 0.741319 0.258800 0.000000 0.000000 0.000000 1.000000
0.969964 -0.145463 -0.194963 0.004700 -0.016135 0.761256 -0.648250 5.245300 0.242713 0.631925 0.736044 0.258800 0.000000 0.000000 0.000000 1.000000
0.972838 -0.148490 -0.177589 0.004700 -0.002521 0.760317 -0.649548 5.245300 0.231475 0.632352 0.739290 0.258800 0.000000 0.000000 0.000000 1.000000
0.975887 -0.158425 -0.150154 0.004700 0.024668 0.763544 -0.645284 5.245300 0.216879 0.626020 0.749041 0.258800 0.000000 0.000000 0.000000 1.000000
0.978147 -0.169278 -0.120717 0.004700 0.054778 0.769922 -0.635782 5.245300 0.200567 0.615276 0.762370 0.258800 0.000000 0.000000 0.000000 1.000000
0.979691 -0.173525 -0.100472 0.004700 0.074518 0.780273 -0.620984 5.245300 0.186152 0.600885 0.777357 0.258800 0.000000 0.000000 0.000000 1.000000
0.981265 -0.167361 -0.095438 0.004700 0.077314 0.795801 -0.600603 5.245300 0.176467 0.581972 0.793831 0.258800 0.000000 0.000000 0.000000 1.000000
0.982969 -0.153021 -0.101766 0.004700 0.067578 0.815949 -0.574161 5.245300 0.170894 0.557505 0.812393 0.258800 0.000000 0.000000 0.000000 1.000000
0.984666 -0.136347 -0.108825 0.004700 0.056235 0.838593 -0.541849 5.245300 0.165139 0.527420 0.833401 0.258800 0.000000 0.000000 0.000000 1.000000
0.986618 -0.121670 -0.108546 0.004700 0.050697 0.861630 -0.504999 5.245300 0.154970 0.492738 0.856267 0.258800 0.000000 0.000000 0.000000 1.000000
0.988788 -0.108952 -0.102117 0.004700 0.049264 0.883574 -0.465694 5.245300 0.140966 0.455442 0.879034 0.258800 0.000000 0.000000 0.000000 1.000000
0.990628 -0.095431 -0.097721 0.004700 0.044929 0.903294 -0.426664 5.245300 0.128988 0.418274 0.899116 0.258800 0.000000 0.000000 0.000000 1.000000
0.991567 -0.078995 -0.102732 0.004700 0.032761 0.919785 -0.391052 5.245300 0.125382 0.384389 0.914617 0.258800 0.000000 0.000000 0.000000 1.000000
0.991155 -0.059707 -0.118516 0.004700 0.012960 0.932348 -0.361329 5.245300 0.132072 0.356597 0.924876 0.258800 0.000000 0.000000 0.000000 1.000000
0.989184 -0.039170 -0.141350 0.004700 -0.011077 0.940982 -0.338275 5.245300 0.146258 0.336183 0.930371 0.258800 0.000000 0.000000 0.000000 1.000000
0.985890 -0.019305 -0.166280 0.004700 -0.035576 0.946473 -0.320818 5.245300 0.163573 0.322206 0.932431 0.258800 0.000000 0.000000 0.000000 1.000000
0.981958 -0.001890 -0.189088 0.004700 -0.057191 0.950152 -0.306498 5.245300 0.180241 0.311782 0.932901 0.258800 0.000000 0.000000 0.000000 1.000000
0.978432 0.011666 -0.206237 0.004700 -0.072936 0.953608 -0.292083 5.245300 0.193262 0.300826 0.933892 0.258800 0.000000 0.000000 0.000000 1.000000
0.976110 0.021266 -0.216235 0.004700 -0.081612 0.958213 -0.274167 5.245300 0.201369 0.285265 0.937056 0.258800 0.000000 0.000000 0.000000 1.000000
0.974564 0.029206 -0.222199 0.004700 -0.085901 0.964428 -0.249998 5.245300 0.206993 0.262726 0.942406 0.258800 0.000000 0.000000 0.000000 1.000000
0.972220 0.039389 -0.230731 0.004700 -0.091290 0.971487 -0.218815 5.245300 0.215533 0.233800 0.948094 0.258800 0.000000 0.000000 0.000000 1.000000
0.967625 0.054683 -0.246397 0.004700 -0.101818 0.977858 -0.182832 5.245300 0.230943 0.202001 0.951767 0.258800 0.000000 0.000000 0.000000 1.000000
0.960616 0.074547 -0.267694 0.004700 -0.117054 0.982259 -0.146509 5.245300 0.252023 0.172073 0.952300 0.258800 0.000000 0.000000 0.000000 1.000000
0.952738 0.094986 -0.288563 0.004700 -0.132759 0.984542 -0.114244 5.245300 0.273251 0.147153 0.950621 0.258800 0.000000 0.000000 0.000000 1.000000
0.946484 0.111043 -0.303048 0.004700 -0.143887 0.985654 -0.088224 5.245300 0.288904 0.127107 0.948883 0.258800 0.000000 0.000000 0.000000 1.000000
0.943234 0.120538 -0.309484 0.004700 -0.148357 0.986600 -0.067894 5.245300 0.297153 0.109954 0.948478 0.258800 0.000000 0.000000 0.000000 1.000000
0.942120 0.125624 -0.310852 0.004700 -0.148471 0.987608 -0.050861 5.245300 0.300610 0.094070 0.949097 0.258800 0.000000 0.000000 0.000000 1.000000
0.941736 0.129221 -0.310540 0.004700 -0.147029 0.988529 -0.034531 5.245300 0.302516 0.078177 0.949933 0.258800 0.000000 0.000000 0.000000 1.000000
0.941643 0.132338 -0.309507 0.004700 -0.144719 0.989322 -0.017282 5.245300 0.303915 0.061064 0.950740 0.258800 0.000000 0.000000 0.000000 1.000000
