<?xml version="1.0" encoding="utf-8"?>
<COLLADA xmlns="http://www.collada.org/2005/11/COLLADASchema" version="1.4.1">
  <asset>
    <contributor>
      <author>Mixamo</author>
      <authoring_tool>COLLADA Mixamo exporter</authoring_tool>
      <comments/>
    </contributor>
    <created>2024-11-03T00:11:13Z</created>
    <modified>2024-11-03T00:11:13Z</modified>
    <revision/>
    <title/>
    <unit meter="0.010000"/>
    <up_axis>Y_UP</up_axis>
  </asset>
  <library_animations>
    <animation id="mixamorig_Hips-anim" name="mixamorig_Hips">
      <source id="mixamorig_Hips-Matrix-animation-input">
        <float_array id="mixamorig_Hips-Matrix-animation-input-array" count="459">

0.000000 0.033333 0.066667 0.100000 0.133333 0.166667 0.200000 0.233333 0.266667 0.300000 0.333333 0.366667 0.400000 0.433333 0.466667 0.500000
0.533333 0.566667 0.600000 0.633333 0.666667 0.700000 0.733333 0.766667 0.800000 0.833333 0.866667 0.900000 0.933333 0.966667 1.000000 1.033333
1.066667 1.100000 1.133333 1.166667 1.200000 1.233333 1.266667 1.300000 1.333333 1.366667 1.400000 1.433333 1.466667 1.500000 1.533333 1.566667
1.600000 1.633333 1.666667 1.700000 1.733333 1.766667 1.800000 1.833333 1.866667 1.900000 1.933333 1.966667 2.000000 2.033333 2.066667 2.100000
2.133333 2.166667 2.200000 2.233333 2.266667 2.300000 2.333333 2.366667 2.400000 2.433333 2.466667 2.500000 2.533333 2.566667 2.600000 2.633333
2.666667 2.700000 2.733333 2.766667 2.800000 2.833333 2.866667 2.900000 2.933333 2.966667 3.000000 3.033333 3.066667 3.100000 3.133333 3.166667
3.200000 3.233333 3.266667 3.300000 3.333333 3.366667 3.400000 3.433333 3.466667 3.500000 3.533333 3.566667 3.600000 3.633333 3.666667 3.700000
3.733333 3.766667 3.800000 3.833333 3.866667 3.900000 3.933333 3.966667 4.000000 4.033333 4.066667 4.100000 4.133333 4.166667 4.200000 4.233333
4.266667 4.300000 4.333333 4.366667 4.400000 4.433333 4.466667 4.500000 4.533333 4.566667 4.600000 4.633333 4.666667 4.700000 4.733333 4.766667
4.800000 4.833333 4.866667 4.900000 4.933333 4.966667 5.000000 5.033333 5.066667 5.100000 5.133333 5.166667 5.200000 5.233333 5.266667 5.300000
5.333333 5.366667 5.400000 5.433333 5.466667 5.500000 5.533333 5.566667 5.600000 5.633333 5.666667 5.700000 5.733333 5.766667 5.800000 5.833333
5.866667 5.900000 5.933333 5.966667 6.000000 6.033333 6.066667 6.100000 6.133333 6.166667 6.200000 6.233333 6.266667 6.300000 6.333333 6.366667
6.400000 6.433333 6.466667 6.500000 6.533333 6.566667 6.600000 6.633333 6.666667 6.700000 6.733333 6.766667 6.800000 6.833333 6.866667 6.900000
6.933333 6.966667 7.000000 7.033333 7.066667 7.100000 7.133333 7.166667 7.200000 7.233333 7.266667 7.300000 7.333333 7.366667 7.400000 7.433333
7.466667 7.500000 7.533333 7.566667 7.600000 7.633333 7.666667 7.700000 7.733333 7.766667 7.800000 7.833333 7.866667 7.900000 7.933333 7.966667
8.000000 8.033333 8.066667 8.100000 8.133333 8.166667 8.200000 8.233333 8.266667 8.300000 8.333333 8.366667 8.400000 8.433333 8.466667 8.500000
8.533333 8.566667 8.600000 8.633333 8.666667 8.700000 8.733333 8.766667 8.800000 8.833333 8.866667 8.900000 8.933333 8.966667 9.000000 9.033333
9.066667 9.100000 9.133333 9.166667 9.200000 9.233333 9.266667 9.300000 9.333333 9.366667 9.400000 9.433333 9.466667 9.500000 9.533333 9.566667
9.600000 9.633333 9.666667 9.700000 9.733333 9.766667 9.800000 9.833333 9.866667 9.900000 9.933333 9.966667 10.000000 10.033333 10.066667 10.100000
10.133333 10.166667 10.200000 10.233333 10.266667 10.300000 10.333333 10.366667 10.400000 10.433333 10.466667 10.500000 10.533333 10.566667 10.600000 10.633333
10.666667 10.700000 10.733333 10.766667 10.800000 10.833333 10.866667 10.900000 10.933333 10.966667 11.000000 11.033333 11.066667 11.100000 11.133333 11.166667
11.200000 11.233333 11.266667 11.300000 11.333333 11.366667 11.400000 11.433333 11.466667 11.500000 11.533333 11.566667 11.600000 11.633333 11.666667 11.700000
11.733333 11.766667 11.800000 11.833333 11.866667 11.900000 11.933333 11.966667 12.000000 12.033333 12.066667 12.100000 12.133333 12.166667 12.200000 12.233333
12.266667 12.300000 12.333333 12.366667 12.400000 12.433333 12.466667 12.500000 12.533333 12.566667 12.600000 12.633333 12.666667 12.700000 12.733333 12.766667
12.800000 12.833333 12.866667 12.900000 12.933333 12.966667 13.000000 13.033333 13.066667 13.100000 13.133333 13.166667 13.200000 13.233333 13.266667 13.300000
13.333333 13.366667 13.400000 13.433333 13.466667 13.500000 13.533333 13.566667 13.600000 13.633333 13.666667 13.700000 13.733333 13.766667 13.800000 13.833333
13.866667 13.900000 13.933333 13.966667 14.000000 14.033333 14.066667 14.100000 14.133333 14.166667 14.200000 14.233333 14.266667 14.300000 14.333333 14.366667
14.400000 14.433333 14.466667 14.500000 14.533333 14.566667 14.600000 14.633333 14.666667 14.700000 14.733333 14.766667 14.800000 14.833333 14.866667 14.900000
14.933333 14.966667 15.000000 15.033333 15.066667 15.100000 15.133333 15.166667 15.200000 15.233333 15.266667</float_array>
        <technique_common>
          <accessor source="#mixamorig_Hips-Matrix-animation-input-array" count="459">
            <param name="TIME" type="float"/>
          </accessor>
        </technique_common>
      </source>
      <source id="mixamorig_Hips-Matrix-animation-output-transform">
        <float_array id="mixamorig_Hips-Matrix-animation-output-transform-array" count="7344">

0.925935 -0.343436 -0.157153 0.652369 0.311285 0.929586 -0.197411 91.668221 0.213885 0.133870 0.967642 1.118974 0.000000 0.000000 0.000000 1.000000
0.928507 -0.359903 -0.091345 0.669291 0.331005 0.913747 -0.235588 90.676109 0.168255 0.188509 0.967551 0.554054 0.000000 0.000000 0.000000 1.000000
0.930179 -0.366672 -0.017855 0.502011 0.349485 0.899370 -0.262668 89.330879 0.112371 0.238088 0.964721 0.185467 0.000000 0.000000 0.000000 1.000000
0.929306 -0.366306 0.047017 0.191234 0.364750 0.890413 -0.272255 87.754105 0.057864 0.270158 0.961076 0.024302 0.000000 0.000000 0.000000 1.000000
0.931438 -0.349407 0.101679 -0.402441 0.363871 0.890707 -0.272466 86.059319 0.004635 0.290783 0.956778 -0.006942 0.000000 0.000000 0.000000 1.000000
0.935623 -0.321111 0.146617 -1.240615 0.349956 0.898190 -0.266056 84.323776 -0.046256 0.300238 0.952742 0.070614 0.000000 0.000000 0.000000 1.000000
0.940547 -0.289951 0.176919 -2.358332 0.327417 0.912547 -0.245064 82.764633 -0.090390 0.288420 0.953228 0.231538 0.000000 0.000000 0.000000 1.000000
0.947298 -0.259483 0.187868 -3.616195 0.295987 0.933279 -0.203426 81.535484 -0.122548 0.248312 0.960897 0.449688 0.000000 0.000000 0.000000 1.000000
0.958172 -0.218122 0.185282 -4.899765 0.247157 0.957065 -0.151458 80.575470 -0.144290 0.190917 0.970943 0.674699 0.000000 0.000000 0.000000 1.000000
0.972039 -0.145958 0.183944 -6.072804 0.168049 0.979533 -0.110789 79.768074 -0.164009 0.138603 0.976673 0.831846 0.000000 0.000000 0.000000 1.000000
0.981051 -0.034787 0.190600 -7.043326 0.053613 0.994078 -0.094519 79.165787 -0.186183 0.102947 0.977107 0.868186 0.000000 0.000000 0.000000 1.000000
0.975604 0.099735 0.195574 -7.771170 -0.081301 0.991647 -0.100133 78.908066 -0.203927 0.081790 0.975563 0.810421 0.000000 0.000000 0.000000 1.000000
0.954971 0.231612 0.185436 -8.221146 -0.211881 0.969872 -0.120225 78.994797 -0.207695 0.075521 0.975274 0.690002 0.000000 0.000000 0.000000 1.000000
0.927118 0.341045 0.155375 -8.426317 -0.319081 0.935773 -0.150054 79.312843 -0.196571 0.089541 0.976393 0.549393 0.000000 0.000000 0.000000 1.000000
0.900969 0.419872 0.109372 -8.450163 -0.396741 0.899285 -0.184075 79.773529 -0.175644 0.122453 0.976808 0.420883 0.000000 0.000000 0.000000 1.000000
0.882314 0.467397 0.055333 -8.283163 -0.446422 0.868313 -0.216193 80.300858 -0.149094 0.166048 0.974781 0.274736 0.000000 0.000000 0.000000 1.000000
0.873162 0.487429 -0.001029 -7.832803 -0.472945 0.846700 -0.243766 80.731903 -0.117947 0.213334 0.969833 0.031744 0.000000 0.000000 0.000000 1.000000
0.872382 0.485221 -0.059244 -7.044945 -0.482275 0.834577 -0.266257 80.880630 -0.079750 0.260850 0.962080 -0.317197 0.000000 0.000000 0.000000 1.000000
0.876160 0.466284 -0.122159 -5.993666 -0.481044 0.829722 -0.283121 80.662163 -0.030657 0.306823 0.951273 -0.687464 0.000000 0.000000 0.000000 1.000000
0.879087 0.436576 -0.191331 -4.861087 -0.475768 0.828213 -0.296154 80.086540 0.029169 0.351374 0.935781 -1.000395 0.000000 0.000000 0.000000 1.000000
0.878091 0.398926 -0.264224 -3.786377 -0.468940 0.827254 -0.309429 79.169296 0.095141 0.395611 0.913477 -1.236450 0.000000 0.000000 0.000000 1.000000
0.874102 0.350210 -0.336599 -2.776834 -0.456857 0.828131 -0.324778 77.905518 0.165007 0.437666 0.883867 -1.393268 0.000000 0.000000 0.000000 1.000000
0.869866 0.286144 -0.401813 -1.778687 -0.432010 0.835109 -0.340529 76.363007 0.238117 0.469802 0.850051 -1.451781 0.000000 0.000000 0.000000 1.000000
0.869973 0.206374 -0.447836 -0.744817 -0.385196 0.851434 -0.355926 74.748993 0.307849 0.482151 0.820219 -1.421388 0.000000 0.000000 0.000000 1.000000
0.878319 0.110535 -0.465120 0.333579 -0.307735 0.875264 -0.373112 73.294189 0.365861 0.470846 0.802777 -1.345268 0.000000 0.000000 0.000000 1.000000
0.889156 0.000774 -0.457604 1.334221 -0.201517 0.898476 -0.390041 71.935150 0.410844 0.439022 0.799041 -1.168395 0.000000 0.000000 0.000000 1.000000
0.891213 -0.111631 -0.439634 2.126618 -0.083269 0.912504 -0.400502 70.900436 0.445877 0.393540 0.803940 -0.864215 0.000000 0.000000 0.000000 1.000000
0.881205 -0.213917 -0.421566 2.697167 0.029138 0.914642 -0.403214 70.273758 0.471836 0.343030 0.812220 -0.472594 0.000000 0.000000 0.000000 1.000000
0.865619 -0.299906 -0.400950 3.092530 0.128915 0.907268 -0.400308 70.034752 0.483824 0.294825 0.824010 -0.066201 0.000000 0.000000 0.000000 1.000000
0.853755 -0.366133 -0.370203 3.266048 0.215228 0.895579 -0.389378 70.118851 0.474110 0.252755 0.843407 0.328305 0.000000 0.000000 0.000000 1.000000
0.850728 -0.409987 -0.328896 3.101466 0.286142 0.886151 -0.364497 70.373779 0.440891 0.215977 0.871188 0.744510 0.000000 0.000000 0.000000 1.000000
0.856216 -0.430199 -0.286046 2.573554 0.337253 0.884880 -0.321322 70.630211 0.391349 0.178652 0.902735 1.201928 0.000000 0.000000 0.000000 1.000000
0.869702 -0.425602 -0.249962 1.773148 0.363632 0.894935 -0.258580 70.762726 0.333752 0.133994 0.933089 1.652270 0.000000 0.000000 0.000000 1.000000
0.892908 -0.394541 -0.216917 0.818503 0.360165 0.915019 -0.181720 70.627167 0.270179 0.084134 0.959127 1.984683 0.000000 0.000000 0.000000 1.000000
0.926424 -0.334914 -0.171965 -0.186101 0.319644 0.941045 -0.110737 70.150406 0.198914 0.047622 0.978859 2.082151 0.000000 0.000000 0.000000 1.000000
0.963718 -0.245401 -0.105004 -1.147929 0.237955 0.968093 -0.078566 69.532722 0.120934 0.050729 0.991363 1.826369 0.000000 0.000000 0.000000 1.000000
0.990955 -0.131517 -0.026679 -2.050749 0.127794 0.985516 -0.111479 68.705284 0.040954 0.107061 0.993409 1.066527 0.000000 0.000000 0.000000 1.000000
0.999271 -0.008985 0.037106 -2.829198 0.016552 0.977778 -0.208989 68.516457 -0.034404 0.209451 0.977214 -0.398166 0.000000 0.000000 0.000000 1.000000
0.992523 0.102582 0.066138 -3.498531 -0.073587 0.935244 -0.346271 69.116707 -0.097377 0.338815 0.935800 -2.446126 0.000000 0.000000 0.000000 1.000000
0.980097 0.190385 0.056239 -4.043570 -0.138792 0.859708 -0.491567 70.311356 -0.141936 0.473978 0.869022 -4.563427 0.000000 0.000000 0.000000 1.000000
0.968054 0.249945 0.019999 -4.425457 -0.184672 0.764651 -0.617418 72.016655 -0.169613 0.594000 0.786381 -6.242521 0.000000 0.000000 0.000000 1.000000
0.959357 0.281550 -0.019057 -4.605789 -0.212118 0.674941 -0.706725 74.242722 -0.186116 0.682044 0.707232 -7.330505 0.000000 0.000000 0.000000 1.000000
0.956027 0.289938 -0.044137 -4.617573 -0.220969 0.613155 -0.758429 76.697701 -0.192834 0.734831 0.650260 -7.952180 0.000000 0.000000 0.000000 1.000000
0.956666 0.285415 -0.057692 -4.551101 -0.220077 0.578971 -0.785085 79.252609 -0.190673 0.763761 0.616695 -8.300528 0.000000 0.000000 0.000000 1.000000
0.957249 0.280567 -0.070410 -4.423745 -0.221605 0.554840 -0.801900 81.864059 -0.185920 0.783221 0.593295 -8.451504 0.000000 0.000000 0.000000 1.000000
0.955825 0.281359 -0.085067 -4.190763 -0.228396 0.528740 -0.817477 84.417732 -0.185027 0.800794 0.569644 -8.436173 0.000000 0.000000 0.000000 1.000000
0.954087 0.283704 -0.096077 -3.839558 -0.232848 0.500725 -0.833700 86.796127 -0.188416 0.817794 0.543795 -8.308348 0.000000 0.000000 0.000000 1.000000
0.954560 0.281044 -0.099145 -3.423836 -0.228252 0.475551 -0.849560 88.920029 -0.191615 0.833586 0.518091 -8.122567 0.000000 0.000000 0.000000 1.000000
0.957489 0.271882 -0.096406 -3.022294 -0.216781 0.457688 -0.862280 90.751633 -0.190315 0.846523 0.497170 -7.900593 0.000000 0.000000 0.000000 1.000000
0.960944 0.260104 -0.094507 -2.707154 -0.207161 0.449660 -0.868844 92.319054 -0.183494 0.854489 0.485982 -7.627115 0.000000 0.000000 0.000000 1.000000
0.963562 0.249023 -0.097649 -2.495677 -0.204401 0.450021 -0.869311 93.674957 -0.172534 0.857595 0.484524 -7.286301 0.000000 0.000000 0.000000 1.000000
0.965838 0.237370 -0.103984 -2.317690 -0.205056 0.454670 -0.866734 94.807510 -0.158458 0.858447 0.487811 -6.884947 0.000000 0.000000 0.000000 1.000000
0.968930 0.221742 -0.109569 -2.108263 -0.203195 0.461061 -0.863791 95.668648 -0.141021 0.859216 0.491793 -6.438554 0.000000 0.000000 0.000000 1.000000
0.973117 0.200554 -0.113228 -1.849818 -0.196933 0.469673 -0.860596 96.307426 -0.119415 0.859759 0.496543 -5.974876 0.000000 0.000000 0.000000 1.000000
0.978306 0.173487 -0.113224 -1.583924 -0.184610 0.482070 -0.856462 96.811966 -0.094003 0.858785 0.503639 -5.518561 0.000000 0.000000 0.000000 1.000000
0.984121 0.140578 -0.108369 -1.341974 -0.164860 0.497646 -0.851569 97.256027 -0.065783 0.855913 0.512919 -5.090640 0.000000 0.000000 0.000000 1.000000
0.989641 0.102296 -0.100730 -1.142424 -0.139264 0.513577 -0.846666 97.656517 -0.034879 0.851924 0.522503 -4.683764 0.000000 0.000000 0.000000 1.000000
0.993757 0.058769 -0.094833 -0.981206 -0.111564 0.528578 -0.841522 97.990349 0.000672 0.846848 0.531835 -4.279643 0.000000 0.000000 0.000000 1.000000
0.995774 0.007172 -0.091556 -0.821476 -0.080662 0.544928 -0.834594 98.188866 0.043906 0.838452 0.543204 -3.884711 0.000000 0.000000 0.000000 1.000000
0.994829 -0.056518 -0.084387 -0.648440 -0.037691 0.566095 -0.823478 98.097443 0.094312 0.822401 0.561037 -3.515884 0.000000 0.000000 0.000000 1.000000
0.989500 -0.129161 -0.064867 -0.600798 0.024815 0.593949 -0.804120 97.390572 0.142388 0.794067 0.590917 -3.176991 0.000000 0.000000 0.000000 1.000000
0.980865 -0.190698 -0.039223 -0.857461 0.091652 0.630029 -0.771144 95.913795 0.171768 0.752793 0.635451 -2.899386 0.000000 0.000000 0.000000 1.000000
0.976947 -0.211924 -0.025743 -1.403085 0.128595 0.680441 -0.721432 93.793564 0.170405 0.701490 0.692007 -2.665722 0.000000 0.000000 0.000000 1.000000
0.984777 -0.168450 -0.042886 -2.087945 0.099611 0.749080 -0.654948 91.686798 0.142451 0.640706 0.754456 -2.313473 0.000000 0.000000 0.000000 1.000000
0.994260 -0.056908 -0.090602 -2.799313 -0.005614 0.817897 -0.575337 90.334198 0.106845 0.572544 0.812883 -1.700159 0.000000 0.000000 0.000000 1.000000
0.985284 0.086236 -0.147576 -3.430025 -0.148984 0.856489 -0.494196 90.090973 0.083780 0.508910 0.856733 -0.855038 0.000000 0.000000 0.000000 1.000000
0.960978 0.199670 -0.191452 -3.867507 -0.264430 0.866297 -0.423800 90.790627 0.081234 0.457888 0.885291 0.102072 0.000000 0.000000 0.000000 1.000000
0.948485 0.238577 -0.208463 -4.014802 -0.301919 0.880070 -0.366499 91.964249 0.096024 0.410558 0.906764 1.127986 0.000000 0.000000 0.000000 1.000000
0.960705 0.191375 -0.201053 -3.818713 -0.248644 0.915296 -0.316875 93.192825 0.123381 0.354413 0.926913 2.278175 0.000000 0.000000 0.000000 1.000000
0.978321 0.081834 -0.190242 -3.395419 -0.131298 0.955493 -0.264186 94.393814 0.160155 0.283437 0.945523 3.607067 0.000000 0.000000 0.000000 1.000000
0.979803 -0.034996 -0.196879 -3.038873 -0.005954 0.979025 -0.203653 95.662033 0.199876 0.200712 0.959043 5.084399 0.000000 0.000000 0.000000 1.000000
0.970008 -0.106934 -0.218286 -2.981073 0.076685 0.986799 -0.142644 96.868233 0.230658 0.121627 0.965403 6.557986 0.000000 0.000000 0.000000 1.000000
0.965691 -0.118381 -0.231142 -3.225420 0.099198 0.990716 -0.092962 97.802658 0.240001 0.066844 0.968469 7.864957 0.000000 0.000000 0.000000 1.000000
0.972921 -0.084310 -0.215214 -3.629324 0.072058 0.995334 -0.064168 98.424149 0.219620 0.046923 0.974456 8.900564 0.000000 0.000000 0.000000 1.000000
0.985104 -0.029420 -0.169423 -4.085819 0.020139 0.998214 -0.056245 98.880280 0.170775 0.051996 0.983937 9.658620 0.000000 0.000000 0.000000 1.000000
0.993835 0.025488 -0.107904 -4.547881 -0.031909 0.997794 -0.058211 99.310181 0.106182 0.061295 0.992456 10.230164 0.000000 0.000000 0.000000 1.000000
0.996462 0.068431 -0.048798 -4.956667 -0.071210 0.995792 -0.057683 99.787590 0.044645 0.060953 0.997142 10.759291 0.000000 0.000000 0.000000 1.000000
0.995404 0.095374 -0.008650 -5.265603 -0.095686 0.994191 -0.049277 100.341835 0.003900 0.049878 0.998748 11.357270 0.000000 0.000000 0.000000 1.000000
0.993850 0.110720 0.002030 -5.463166 -0.110579 0.993236 -0.035413 100.950859 -0.005937 0.034971 0.999371 12.036082 0.000000 0.000000 0.000000 1.000000
0.992325 0.122770 -0.014775 -5.548917 -0.123086 0.992132 -0.022872 101.504326 0.011851 0.024515 0.999629 12.714182 0.000000 0.000000 0.000000 1.000000
0.989485 0.137256 -0.045608 -5.522180 -0.138139 0.990271 -0.016787 101.806000 0.042860 0.022911 0.998818 13.262446 0.000000 0.000000 0.000000 1.000000
0.984728 0.155190 -0.078917 -5.393488 -0.156660 0.987570 -0.012758 101.672531 0.075956 0.024927 0.996800 13.528187 0.000000 0.000000 0.000000 1.000000
0.978615 0.170807 -0.114616 -5.178998 -0.171658 0.985153 0.002476 101.111679 0.113337 0.017251 0.993407 13.364072 0.000000 0.000000 0.000000 1.000000
0.971745 0.173710 -0.159800 -4.847692 -0.170144 0.984767 0.035841 100.354332 0.163592 -0.007639 0.986499 12.697648 0.000000 0.000000 0.000000 1.000000
0.962533 0.158325 -0.220145 -4.342493 -0.144572 0.986467 0.077344 99.640930 0.229412 -0.042619 0.972396 11.625583 0.000000 0.000000 0.000000 1.000000
0.947596 0.129389 -0.292096 -3.685533 -0.100740 0.988686 0.111139 99.038742 0.303171 -0.075889 0.949910 10.413033 0.000000 0.000000 0.000000 1.000000
0.928094 0.092627 -0.360640 -3.009003 -0.049091 0.990548 0.128079 98.587914 0.369095 -0.101165 0.923869 9.365093 0.000000 0.000000 0.000000 1.000000
0.912785 0.044608 -0.405997 -2.422822 0.006690 0.992252 0.124063 98.252708 0.408386 -0.115960 0.905414 8.638628 0.000000 0.000000 0.000000 1.000000
0.910863 -0.020690 -0.412191 -1.992143 0.067310 0.992818 0.098907 97.866409 0.407184 -0.117835 0.905713 8.138826 0.000000 0.000000 0.000000 1.000000
0.922960 -0.088889 -0.374490 -1.686824 0.120415 0.990811 0.061593 97.694862 0.365574 -0.101942 0.925183 7.639888 0.000000 0.000000 0.000000 1.000000
0.941397 -0.138053 -0.307755 -1.482867 0.153854 0.987709 0.027560 97.971970 0.300168 -0.073294 0.951066 7.081073 0.000000 0.000000 0.000000 1.000000
0.957520 -0.161523 -0.238885 -1.435236 0.167749 0.985813 0.005826 98.553787 0.234555 -0.045651 0.971030 6.576012 0.000000 0.000000 0.000000 1.000000
0.967846 -0.170408 -0.185027 -1.563836 0.172369 0.985017 -0.005553 99.001404 0.183201 -0.026519 0.982718 6.173298 0.000000 0.000000 0.000000 1.000000
0.973551 -0.178659 -0.142409 -1.815569 0.178911 0.983802 -0.011138 99.098839 0.142093 -0.014636 0.989745 5.843940 0.000000 0.000000 0.000000 1.000000
0.975974 -0.195702 -0.095783 -2.187016 0.195374 0.980644 -0.012881 98.913559 0.096450 -0.006142 0.995319 5.600731 0.000000 0.000000 0.000000 1.000000
0.974381 -0.221811 -0.037167 -2.744471 0.221443 0.975076 -0.013793 98.604797 0.039300 0.005209 0.999214 5.440209 0.000000 0.000000 0.000000 1.000000
0.967945 -0.249676 0.027274 -3.576943 0.250234 0.967992 -0.019373 98.192719 -0.021564 0.025577 0.999440 5.276655 0.000000 0.000000 0.000000 1.000000
0.958241 -0.272976 0.085198 -4.708283 0.276415 0.960527 -0.031360 97.615700 -0.073274 0.053601 0.995870 5.039277 0.000000 0.000000 0.000000 1.000000
0.947430 -0.293780 0.126767 -6.061948 0.301157 0.952598 -0.043154 96.910049 -0.108080 0.079062 0.990993 4.806644 0.000000 0.000000 0.000000 1.000000
0.935752 -0.320454 0.147231 -7.613361 0.330178 0.942771 -0.046526 96.120331 -0.123896 0.092150 0.988007 4.730332 0.000000 0.000000 0.000000 1.000000
0.923319 -0.354137 0.148553 -9.494673 0.363657 0.930593 -0.041828 95.152069 -0.123430 0.092643 0.988019 4.829650 0.000000 0.000000 0.000000 1.000000
0.913820 -0.381263 0.139901 -11.840769 0.389186 0.920553 -0.033405 93.884338 -0.116050 0.084974 0.989602 4.977759 0.000000 0.000000 0.000000 1.000000
0.913338 -0.385566 0.130966 -14.555442 0.390521 0.920495 -0.013487 92.401031 -0.115354 0.063463 0.991295 5.134581 0.000000 0.000000 0.000000 1.000000
0.924214 -0.359183 0.129679 -17.279543 0.357773 0.933159 0.034825 91.178642 -0.133519 0.014210 0.990944 5.427531 0.000000 0.000000 0.000000 1.000000
0.940443 -0.305990 0.148112 -19.855827 0.291071 0.949863 0.114189 90.560898 -0.175627 -0.064277 0.982356 5.917658 0.000000 0.000000 0.000000 1.000000
0.953681 -0.228242 0.195956 -22.334503 0.189071 0.961446 0.199683 90.608047 -0.233977 -0.153384 0.960067 6.473617 0.000000 0.000000 0.000000 1.000000
0.956447 -0.126580 0.263035 -24.787050 0.057720 0.965308 0.254654 91.028427 -0.286144 -0.228380 0.930572 6.952158 0.000000 0.000000 0.000000 1.000000
0.946873 -0.018140 0.321096 -27.153097 -0.070184 0.962690 0.261349 91.478157 -0.313857 -0.270000 0.910271 7.318834 0.000000 0.000000 0.000000 1.000000
0.934251 0.066087 0.350439 -29.196400 -0.154484 0.960689 0.230677 91.943649 -0.321418 -0.269647 0.907734 7.519840 0.000000 0.000000 0.000000 1.000000
0.928680 0.111925 0.353591 -30.673462 -0.187041 0.964598 0.185918 92.589767 -0.320264 -0.238794 0.916738 7.518926 0.000000 0.000000 0.000000 1.000000
0.931507 0.131300 0.339197 -31.573709 -0.190091 0.970814 0.146237 93.345680 -0.310096 -0.200699 0.929279 7.428958 0.000000 0.000000 0.000000 1.000000
0.939737 0.144692 0.309773 -32.104687 -0.188289 0.975280 0.115655 94.162529 -0.285382 -0.167012 0.943750 7.384162 0.000000 0.000000 0.000000 1.000000
0.949555 0.162064 0.268477 -32.427601 -0.191546 0.977589 0.087350 95.055641 -0.248304 -0.134370 0.959317 7.415227 0.000000 0.000000 0.000000 1.000000
0.957209 0.180999 0.225810 -32.558857 -0.198325 0.978514 0.056365 95.928940 -0.210756 -0.098737 0.972539 7.517771 0.000000 0.000000 0.000000 1.000000
0.961587 0.195468 0.192724 -32.528145 -0.203437 0.978835 0.022268 96.759407 -0.184292 -0.060620 0.981000 7.667282 0.000000 0.000000 0.000000 1.000000
0.964106 0.203782 0.170216 -32.354069 -0.204452 0.978780 -0.013771 97.539764 -0.169410 -0.021524 0.985311 7.853899 0.000000 0.000000 0.000000 1.000000
0.966703 0.207900 0.149207 -31.971119 -0.202789 0.978003 -0.048856 98.211639 -0.156082 0.016972 0.987598 8.095997 0.000000 0.000000 0.000000 1.000000
0.970574 0.207967 0.121394 -31.282705 -0.199554 0.976785 -0.077906 98.740433 -0.134778 0.051389 0.989542 8.402735 0.000000 0.000000 0.000000 1.000000
0.975445 0.201879 0.088043 -30.227333 -0.193101 0.976179 -0.098928 99.099251 -0.105917 0.079498 0.991192 8.751301 0.000000 0.000000 0.000000 1.000000
0.980655 0.187285 0.056927 -28.822954 -0.179816 0.976829 -0.116069 99.287231 -0.077346 0.103587 0.991608 9.098555 0.000000 0.000000 0.000000 1.000000
0.985973 0.163666 0.032706 -27.123869 -0.158067 0.978588 -0.131831 99.387466 -0.053582 0.124813 0.990732 9.425612 0.000000 0.000000 0.000000 1.000000
0.991052 0.132899 0.012429 -25.178288 -0.129830 0.981395 -0.141448 99.507698 -0.030996 0.138569 0.989868 9.736718 0.000000 0.000000 0.000000 1.000000
0.995181 0.097544 -0.010019 -23.055765 -0.097982 0.985205 -0.140611 99.671921 -0.003845 0.140915 0.990014 10.010251 0.000000 0.000000 0.000000 1.000000
0.997666 0.057187 -0.037323 -20.875040 -0.061702 0.989077 -0.133866 99.815102 0.029260 0.135856 0.990296 10.197916 0.000000 0.000000 0.000000 1.000000
0.997703 0.005699 -0.067504 -18.796621 -0.014477 0.991372 -0.130277 99.853973 0.066179 0.130955 0.989177 10.272774 0.000000 0.000000 0.000000 1.000000
0.993315 -0.063264 -0.096554 -16.987867 0.050205 0.989958 -0.132145 99.701935 0.103945 0.126415 0.986517 10.263500 0.000000 0.000000 0.000000 1.000000
0.981843 -0.146009 -0.121099 -15.609593 0.130134 0.982934 -0.130019 99.276711 0.138016 0.111899 0.984088 10.240644 0.000000 0.000000 0.000000 1.000000
0.964390 -0.224634 -0.139611 -14.761543 0.210548 0.971515 -0.108761 98.642876 0.160065 0.075493 0.984215 10.265371 0.000000 0.000000 0.000000 1.000000
0.949357 -0.277944 -0.146524 -14.491852 0.271923 0.960444 -0.060042 97.923523 0.157416 0.017158 0.987383 10.310661 0.000000 0.000000 0.000000 1.000000
0.948035 -0.292758 -0.124591 -14.812809 0.296380 0.955005 0.011179 97.181953 0.115712 -0.047524 0.992145 10.279831 0.000000 0.000000 0.000000 1.000000
0.962428 -0.265796 -0.055550 -15.684080 0.270029 0.958378 0.092718 96.348000 0.028594 -0.104234 0.994142 10.104341 0.000000 0.000000 0.000000 1.000000
0.978317 -0.199473 0.055731 -16.877069 0.187680 0.967625 0.168755 95.357140 -0.087589 -0.154636 0.984081 9.842920 0.000000 0.000000 0.000000 1.000000
0.979113 -0.105048 0.174076 -18.158543 0.065853 0.973882 0.217296 94.464561 -0.192356 -0.201294 0.960458 9.631487 0.000000 0.000000 0.000000 1.000000
0.967356 -0.000875 0.253420 -19.582571 -0.057109 0.973519 0.221359 93.992508 -0.246903 -0.228606 0.941689 9.449187 0.000000 0.000000 0.000000 1.000000
0.958475 0.099901 0.267106 -21.134575 -0.153274 0.970311 0.187092 93.893578 -0.240486 -0.220264 0.945331 9.186836 0.000000 0.000000 0.000000 1.000000
0.957688 0.183088 0.222062 -22.598785 -0.217045 0.966147 0.139472 93.957840 -0.189009 -0.181769 0.965006 8.768349 0.000000 0.000000 0.000000 1.000000
0.958713 0.240870 0.151163 -23.684677 -0.256990 0.961444 0.097888 94.110451 -0.121756 -0.132694 0.983650 8.138186 0.000000 0.000000 0.000000 1.000000
0.956754 0.277851 0.086142 -24.240709 -0.283642 0.956775 0.064256 94.383904 -0.064565 -0.085911 0.994209 7.279971 0.000000 0.000000 0.000000 1.000000
0.951867 0.304244 0.037209 -24.260330 -0.305527 0.951512 0.035739 94.723267 -0.024531 -0.045387 0.998668 6.268358 0.000000 0.000000 0.000000 1.000000
0.944846 0.327466 -0.005691 -23.797483 -0.327337 0.944761 0.016628 94.923393 0.010822 -0.013848 0.999846 5.254780 0.000000 0.000000 0.000000 1.000000
0.935816 0.347597 -0.058515 -22.907957 -0.347439 0.937610 0.013191 94.845566 0.059449 0.007986 0.998199 4.374527 0.000000 0.000000 0.000000 1.000000
0.924066 0.359867 -0.128835 -21.629444 -0.359750 0.932714 0.024993 94.530502 0.129160 0.023253 0.991351 3.700288 0.000000 0.000000 0.000000 1.000000
0.908040 0.361489 -0.211636 -19.960089 -0.360086 0.931758 0.046533 93.996925 0.214015 0.033953 0.976240 3.247686 0.000000 0.000000 0.000000 1.000000
0.887235 0.355511 -0.293983 -17.879354 -0.349988 0.933898 0.073097 93.340225 0.300537 0.038037 0.953011 2.970358 0.000000 0.000000 0.000000 1.000000
0.865632 0.343723 -0.364055 -15.418180 -0.330023 0.938513 0.101385 92.657890 0.376519 0.032385 0.925843 2.829879 0.000000 0.000000 0.000000 1.000000
0.849823 0.320595 -0.418353 -12.673693 -0.294638 0.947096 0.127271 92.117500 0.437023 0.015106 0.899324 2.797770 0.000000 0.000000 0.000000 1.000000
0.843913 0.274674 -0.460831 -9.811035 -0.233323 0.961413 0.145759 91.859985 0.483085 -0.015486 0.875436 2.834630 0.000000 0.000000 0.000000 1.000000
0.844533 0.199544 -0.496936 -6.989810 -0.141340 0.978135 0.152564 91.893745 0.516514 -0.058608 0.854271 2.858583 0.000000 0.000000 0.000000 1.000000
0.843460 0.102869 -0.527251 -4.372134 -0.029184 0.988819 0.146238 92.185455 0.536399 -0.107958 0.837031 2.831381 0.000000 0.000000 0.000000 1.000000
0.838864 0.008505 -0.544275 -2.044445 0.074698 0.988620 0.130577 92.639069 0.539191 -0.150192 0.828683 2.790226 0.000000 0.000000 0.000000 1.000000
0.840426 -0.059045 -0.538700 -0.017866 0.141292 0.983540 0.112627 93.145782 0.523183 -0.170769 0.834936 2.787597 0.000000 0.000000 0.000000 1.000000
0.856290 -0.094629 -0.507753 1.615697 0.165713 0.981436 0.096555 93.701546 0.489190 -0.166820 0.856075 2.840356 0.000000 0.000000 0.000000 1.000000
0.883277 -0.108987 -0.456009 2.772593 0.164288 0.982888 0.083309 94.372391 0.439126 -0.148502 0.886068 2.910618 0.000000 0.000000 0.000000 1.000000
0.912519 -0.116242 -0.392170 3.478302 0.156966 0.984879 0.073309 95.173920 0.377719 -0.128453 0.916967 2.967507 0.000000 0.000000 0.000000 1.000000
0.937561 -0.123959 -0.324982 3.817422 0.153449 0.985907 0.066639 95.985970 0.312141 -0.112346 0.943370 3.055398 0.000000 0.000000 0.000000 1.000000
0.956472 -0.132151 -0.260186 3.883032 0.153187 0.986237 0.062212 96.731377 0.248383 -0.099361 0.963552 3.226049 0.000000 0.000000 0.000000 1.000000
0.970045 -0.138264 -0.199740 3.774467 0.152598 0.986575 0.058171 97.423218 0.189015 -0.086908 0.978121 3.464890 0.000000 0.000000 0.000000 1.000000
0.979514 -0.142396 -0.142396 3.542219 0.151207 0.987078 0.053047 97.981766 0.133002 -0.073492 0.988387 3.732895 0.000000 0.000000 0.000000 1.000000
0.985566 -0.146747 -0.084407 3.240041 0.150971 0.987467 0.046011 98.338081 0.076597 -0.058090 0.995369 3.992815 0.000000 0.000000 0.000000 1.000000
0.988094 -0.152236 -0.022243 2.942378 0.152981 0.987539 0.036931 98.523888 0.016344 -0.039894 0.999070 4.230213 0.000000 0.000000 0.000000 1.000000
0.986662 -0.156995 0.043013 2.685585 0.155941 0.987401 0.026861 98.653328 -0.046688 -0.019795 0.998713 4.454167 0.000000 0.000000 0.000000 1.000000
0.981607 -0.159230 0.105326 2.456976 0.158333 0.987241 0.016878 98.805031 -0.106669 0.000109 0.994295 4.669448 0.000000 0.000000 0.000000 1.000000
0.974095 -0.161074 0.158728 2.233032 0.162088 0.986754 0.006623 98.936920 -0.157692 0.019277 0.987300 4.863271 0.000000 0.000000 0.000000 1.000000
0.965321 -0.167302 0.200415 2.021961 0.171848 0.985109 -0.005375 98.953842 -0.196531 0.039629 0.979696 5.020451 0.000000 0.000000 0.000000 1.000000
0.956364 -0.181921 0.228630 1.809361 0.191501 0.981284 -0.020243 98.772751 -0.220668 0.063143 0.973303 5.148612 0.000000 0.000000 0.000000 1.000000
0.948477 -0.205380 0.241267 1.510575 0.220550 0.974660 -0.037350 98.349289 -0.227482 0.088637 0.969740 5.278979 0.000000 0.000000 0.000000 1.000000
0.942056 -0.236205 0.238195 0.986066 0.255680 0.965251 -0.054023 97.689049 -0.217158 0.111794 0.969714 5.455260 0.000000 0.000000 0.000000 1.000000
0.935033 -0.274551 0.224357 0.086198 0.295442 0.953155 -0.064888 96.804222 -0.196032 0.126957 0.972344 5.744699 0.000000 0.000000 0.000000 1.000000
0.924655 -0.316619 0.211577 -1.188100 0.335578 0.940117 -0.059718 95.869408 -0.179999 0.126219 0.975535 6.189940 0.000000 0.000000 0.000000 1.000000
0.911512 -0.349418 0.216918 -2.708634 0.362979 0.931466 -0.024843 95.181610 -0.193371 0.101382 0.975874 6.763219 0.000000 0.000000 0.000000 1.000000
0.898758 -0.355363 0.256808 -4.302603 0.355841 0.933401 0.046264 95.011787 -0.256146 0.049802 0.965354 7.414776 0.000000 0.000000 0.000000 1.000000
0.882590 -0.328127 0.336701 -5.995233 0.297872 0.944358 0.139503 95.046455 -0.363741 -0.022831 0.931220 8.116384 0.000000 0.000000 0.000000 1.000000
0.856012 -0.271351 0.440015 -7.742550 0.189394 0.956599 0.221470 95.142403 -0.481013 -0.106244 0.870252 8.804938 0.000000 0.000000 0.000000 1.000000
0.822726 -0.201560 0.531504 -9.576390 0.065961 0.962559 0.262924 95.286255 -0.564599 -0.181255 0.805217 9.462326 0.000000 0.000000 0.000000 1.000000
0.804171 -0.136234 0.578575 -11.487149 -0.023914 0.965177 0.260503 95.517685 -0.593917 -0.223325 0.772909 10.127352 0.000000 0.000000 0.000000 1.000000
0.818334 -0.084257 0.568534 -13.338879 -0.060416 0.971105 0.230880 95.811607 -0.571559 -0.223286 0.789597 10.836790 0.000000 0.000000 0.000000 1.000000
0.857908 -0.045424 0.511792 -15.057985 -0.063089 0.979234 0.192667 96.117310 -0.509915 -0.197579 0.837227 11.503423 0.000000 0.000000 0.000000 1.000000
0.899366 -0.005908 0.437156 -16.647186 -0.069378 0.985310 0.156048 96.323219 -0.431656 -0.170673 0.885745 11.937146 0.000000 0.000000 0.000000 1.000000
0.927045 0.043703 0.372395 -18.129631 -0.096548 0.987517 0.124456 96.458305 -0.362307 -0.151330 0.919692 11.989346 0.000000 0.000000 0.000000 1.000000
0.939831 0.097220 0.327515 -19.396273 -0.136179 0.985811 0.098146 96.574432 -0.313326 -0.136842 0.939735 11.676208 0.000000 0.000000 0.000000 1.000000
0.943812 0.149258 0.294858 -20.231293 -0.177594 0.981494 0.071625 96.488098 -0.278710 -0.119966 0.952853 11.110826 0.000000 0.000000 0.000000 1.000000
0.945790 0.198930 0.256727 -20.622419 -0.216043 0.975565 0.039976 96.094719 -0.242501 -0.093273 0.965657 10.443779 0.000000 0.000000 0.000000 1.000000
0.950013 0.241992 0.197267 -20.760561 -0.248660 0.968545 0.009380 95.601234 -0.188793 -0.057964 0.980305 9.807143 0.000000 0.000000 0.000000 1.000000
0.954757 0.274368 0.114727 -20.762278 -0.275116 0.961363 -0.009573 95.197525 -0.112921 -0.022423 0.993351 9.257610 0.000000 0.000000 0.000000 1.000000
0.954250 0.298278 0.020926 -20.614914 -0.297978 0.954434 -0.016268 94.811279 -0.024825 0.009288 0.999649 8.787775 0.000000 0.000000 0.000000 1.000000
0.945405 0.317733 -0.072497 -20.305136 -0.319826 0.947285 -0.019051 94.206970 0.062622 0.041197 0.997187 8.357476 0.000000 0.000000 0.000000 1.000000
0.928586 0.333184 -0.163452 -19.853027 -0.341168 0.939729 -0.022646 93.155678 0.146055 0.076794 0.986291 7.881370 0.000000 0.000000 0.000000 1.000000
0.904852 0.339891 -0.256353 -19.263842 -0.357324 0.933690 -0.023297 91.524864 0.231436 0.112681 0.966302 7.262517 0.000000 0.000000 0.000000 1.000000
0.876493 0.326703 -0.353590 -18.431604 -0.355452 0.934528 -0.017642 89.337936 0.324676 0.141147 0.935234 6.493959 0.000000 0.000000 0.000000 1.000000
0.848802 0.277387 -0.450101 -17.118544 -0.316078 0.948664 -0.011420 86.861732 0.423827 0.151961 0.892904 5.744324 0.000000 0.000000 0.000000 1.000000
0.824106 0.182538 -0.536217 -15.170769 -0.226688 0.973821 -0.016889 84.572037 0.519097 0.135473 0.843911 5.295653 0.000000 0.000000 0.000000 1.000000
0.795100 0.052563 -0.604196 -12.834920 -0.098582 0.994189 -0.043239 82.907654 0.598413 0.093942 0.795661 5.311861 0.000000 0.000000 0.000000 1.000000
0.756189 -0.079867 -0.649461 -10.638193 0.030916 0.995776 -0.086458 82.165230 0.653623 0.045300 0.755464 5.627961 0.000000 0.000000 0.000000 1.000000
0.720098 -0.179346 -0.670294 -8.953874 0.124432 0.983736 -0.129534 82.339760 0.682624 0.009871 0.730703 5.925892 0.000000 0.000000 0.000000 1.000000
0.708790 -0.233476 -0.665662 -7.836012 0.171600 0.972360 -0.158331 83.144707 0.684230 -0.002004 0.729263 5.993324 0.000000 0.000000 0.000000 1.000000
0.730832 -0.254807 -0.633212 -7.162764 0.187495 0.966963 -0.172710 84.239464 0.656300 0.007498 0.754463 5.752339 0.000000 0.000000 0.000000 1.000000
0.773357 -0.263120 -0.576790 -6.736032 0.191750 0.964273 -0.182785 85.521439 0.604277 0.030759 0.796181 5.236218 0.000000 0.000000 0.000000 1.000000
0.815979 -0.274178 -0.508925 -6.430340 0.198820 0.959767 -0.198288 86.922585 0.542815 0.060615 0.837662 4.654829 0.000000 0.000000 0.000000 1.000000
0.848076 -0.293800 -0.440964 -6.205532 0.214176 0.951260 -0.221883 88.208534 0.484661 0.093730 0.869666 4.197368 0.000000 0.000000 0.000000 1.000000
0.870738 -0.316639 -0.376238 -6.077778 0.233810 0.939670 -0.249707 89.165680 0.432606 0.129462 0.892240 3.857773 0.000000 0.000000 0.000000 1.000000
0.889021 -0.333479 -0.313740 -6.133539 0.251094 0.928086 -0.274970 89.692772 0.382874 0.165676 0.908823 3.552723 0.000000 0.000000 0.000000 1.000000
0.906119 -0.340333 -0.251241 -6.429607 0.264410 0.919261 -0.291627 89.802109 0.330207 0.197818 0.922947 3.278700 0.000000 0.000000 0.000000 1.000000
0.921619 -0.341564 -0.184259 -6.891906 0.279672 0.913692 -0.294874 89.593086 0.269075 0.220230 0.937602 3.112885 0.000000 0.000000 0.000000 1.000000
0.932389 -0.344552 -0.109246 -7.395888 0.303756 0.910724 -0.279847 89.058952 0.195914 0.227743 0.953809 3.152409 0.000000 0.000000 0.000000 1.000000
0.936958 -0.348011 -0.031582 -7.921824 0.330228 0.911373 -0.245661 88.025269 0.114275 0.219745 0.968841 3.372557 0.000000 0.000000 0.000000 1.000000
0.939542 -0.340385 0.037387 -8.594266 0.340742 0.918479 -0.200728 86.222824 0.033986 0.201332 0.978933 3.635203 0.000000 0.000000 0.000000 1.000000
0.947011 -0.306951 0.094611 -9.490880 0.318545 0.935317 -0.153984 83.643799 -0.041226 0.175963 0.983533 3.816868 0.000000 0.000000 0.000000 1.000000
0.959395 -0.239061 0.149705 -10.542638 0.255612 0.961269 -0.103074 80.652336 -0.119265 0.137155 0.983343 3.934324 0.000000 0.000000 0.000000 1.000000
0.966723 -0.138891 0.214838 -11.630356 0.152131 0.987276 -0.046287 78.165817 -0.205675 0.077431 0.975552 4.067788 0.000000 0.000000 0.000000 1.000000
0.956125 -0.020589 0.292236 -12.681992 0.020909 0.999779 0.002030 76.672234 -0.292213 0.004170 0.956344 4.205535 0.000000 0.000000 0.000000 1.000000
0.925631 0.094908 0.366333 -13.584695 -0.111117 0.993533 0.023365 76.046402 -0.361746 -0.062333 0.930190 4.184122 0.000000 0.000000 0.000000 1.000000
0.890931 0.191009 0.412017 -14.281301 -0.215672 0.976369 0.013722 76.379219 -0.399659 -0.101086 0.911073 3.839740 0.000000 0.000000 0.000000 1.000000
0.871852 0.261149 0.414336 -14.826907 -0.278948 0.960134 -0.018190 77.498039 -0.402569 -0.099720 0.909942 3.146160 0.000000 0.000000 0.000000 1.000000
0.872721 0.305385 0.380916 -15.257181 -0.305617 0.950163 -0.061555 79.163879 -0.380730 -0.062694 0.922558 2.239892 0.000000 0.000000 0.000000 1.000000
0.881642 0.331175 0.336199 -15.500658 -0.313382 0.943511 -0.107606 81.118080 -0.352844 -0.010488 0.935623 1.335487 0.000000 0.000000 0.000000 1.000000
0.886303 0.351657 0.301336 -15.488666 -0.319966 0.935398 -0.150506 82.971375 -0.334796 0.036976 0.941565 0.608498 0.000000 0.000000 0.000000 1.000000
0.884078 0.374382 0.279720 -15.289047 -0.331791 0.924331 -0.188488 84.682312 -0.329120 0.073829 0.941398 0.115547 0.000000 0.000000 0.000000 1.000000
0.880779 0.395147 0.260935 -15.026844 -0.344024 0.912631 -0.220799 86.218262 -0.325386 0.104708 0.939766 -0.202829 0.000000 0.000000 0.000000 1.000000
0.884326 0.403604 0.234674 -14.738264 -0.349200 0.905440 -0.241327 87.324387 -0.309884 0.131463 0.941642 -0.437354 0.000000 0.000000 0.000000 1.000000
0.899901 0.388013 0.199060 -14.339155 -0.339604 0.909881 -0.238299 87.810760 -0.273584 0.146844 0.950573 -0.624389 0.000000 0.000000 0.000000 1.000000
0.928438 0.337345 0.155567 -13.754976 -0.303562 0.930335 -0.205734 87.378639 -0.214133 0.143787 0.966164 -0.709208 0.000000 0.000000 0.000000 1.000000
0.962973 0.250986 0.098431 -13.057268 -0.234353 0.959782 -0.154588 85.710815 -0.133272 0.125796 0.983064 -0.590962 0.000000 0.000000 0.000000 1.000000
0.988713 0.148260 0.021570 -12.408545 -0.145088 0.983405 -0.108925 82.977303 -0.037361 0.104566 0.993816 -0.294886 0.000000 0.000000 0.000000 1.000000
0.996345 0.057961 -0.062743 -11.901162 -0.063405 0.994051 -0.088560 79.944023 0.057237 0.092215 0.994093 -0.085049 0.000000 0.000000 0.000000 1.000000
0.991854 -0.000122 -0.127381 -11.529511 -0.012588 0.995011 -0.098963 77.538628 0.126758 0.099760 0.986904 -0.289373 0.000000 0.000000 0.000000 1.000000
0.988091 -0.016775 -0.152955 -11.245084 -0.005108 0.989916 -0.141562 76.330124 0.153788 0.140658 0.978041 -1.114032 0.000000 0.000000 0.000000 1.000000
0.989120 0.007668 -0.146909 -11.030889 -0.040531 0.974193 -0.222046 76.419167 0.141415 0.225584 0.963905 -2.564109 0.000000 0.000000 0.000000 1.000000
0.988382 0.057925 -0.140521 -10.932601 -0.103146 0.934675 -0.340211 77.533005 0.111635 0.350752 0.929790 -4.361499 0.000000 0.000000 0.000000 1.000000
0.981952 0.106144 -0.156538 -10.952514 -0.168978 0.864137 -0.474039 79.239159 0.084954 0.491935 0.866477 -6.022306 0.000000 0.000000 0.000000 1.000000
0.973631 0.132846 -0.185456 -11.029950 -0.218204 0.779476 -0.587201 81.266525 0.066551 0.612184 0.787910 -7.183949 0.000000 0.000000 0.000000 1.000000
0.968591 0.143135 -0.203330 -11.119550 -0.243498 0.711695 -0.658937 83.509972 0.050392 0.687751 0.724195 -7.766888 0.000000 0.000000 0.000000 1.000000
